   0 	 0.001916 	 0.004553 	 0.009682
    1 	 0.001865 	 0.005079 	 0.011728
    2 	 0.002380 	 0.005915 	 0.012460
    3 	 0.002815 	 0.006022 	 0.011917
    4 	 0.003477 	 0.006167 	 0.011074
    5 	 0.003551 	 0.006876 	 0.012032
    6 	 0.003876 	 0.007326 	 0.013357
    7 	 0.003919 	 0.007874 	 0.012962
    8 	 0.003811 	 0.008822 	 0.013419
    9 	 0.005423 	 0.009662 	 0.013283
   10 	 0.005441 	 0.009668 	 0.013620
   11 	 0.005294 	 0.009699 	 0.013570
   12 	 0.005899 	 0.009444 	 0.012939
   13 	 0.004974 	 0.009275 	 0.013366
   14 	 0.004954 	 0.009786 	 0.013904
   15 	 0.005625 	 0.010023 	 0.015122
   16 	 0.004400 	 0.009901 	 0.014980
   17 	 0.003636 	 0.010310 	 0.020386
   18 	 0.004608 	 0.011296 	 0.019268
   19 	 0.006373 	 0.011454 	 0.018441
   20 	 0.004602 	 0.011367 	 0.022750
   21 	 0.005871 	 0.012041 	 0.022754
   22 	 0.005819 	 0.012117 	 0.022745
   23 	 0.007198 	 0.012797 	 0.026902
   24 	 0.005442 	 0.013346 	 0.026757
   25 	 0.006820 	 0.013802 	 0.029136
   26 	 0.004660 	 0.014460 	 0.028899
   27 	 0.005351 	 0.015251 	 0.029984
   28 	 0.005705 	 0.016161 	 0.031773
   29 	 0.006958 	 0.017856 	 0.033953
   30 	 0.006465 	 0.019162 	 0.037962
   31 	 0.005934 	 0.019623 	 0.035817
   32 	 0.005331 	 0.019981 	 0.039560
   33 	 0.008888 	 0.018672 	 0.039079
   34 	 0.007251 	 0.018755 	 0.039424
   35 	 0.007918 	 0.019449 	 0.041201
   36 	 0.008189 	 0.021211 	 0.042697
   37 	 0.006164 	 0.022284 	 0.054921
   38 	 0.006153 	 0.023915 	 0.047744
   39 	 0.006589 	 0.026556 	 0.048149
   40 	 0.007090 	 0.025737 	 0.051515
   41 	 0.008270 	 0.023564 	 0.043060
   42 	 0.006172 	 0.023756 	 0.042846
   43 	 0.009378 	 0.023868 	 0.044967
   44 	 0.009148 	 0.027590 	 0.059726
   45 	 0.009188 	 0.030462 	 0.066037
   46 	 0.009718 	 0.031671 	 0.071577
   47 	 0.009490 	 0.034347 	 0.067140
   48 	 0.013152 	 0.035999 	 0.065973
   49 	 0.007191 	 0.033961 	 0.066728
   50 	 0.010562 	 0.029730 	 0.074664
   51 	 0.009561 	 0.030510 	 0.061959
   52 	 0.009593 	 0.030919 	 0.060024
   53 	 0.006429 	 0.031008 	 0.057233
   54 	 0.007380 	 0.028422 	 0.056987
   55 	 0.007566 	 0.030502 	 0.066869
   56 	 0.008154 	 0.033009 	 0.067872
   57 	 0.010075 	 0.034754 	 0.073725
   58 	 0.008493 	 0.034789 	 0.074821
   59 	 0.013222 	 0.038014 	 0.072523
   60 	 0.011774 	 0.038415 	 0.069799
   61 	 0.011774 	 0.036319 	 0.070139
   62 	 0.010645 	 0.036255 	 0.082371
   63 	 0.009078 	 0.034961 	 0.079165
   64 	 0.007603 	 0.034777 	 0.079462
   65 	 0.007626 	 0.034762 	 0.077690
   66 	 0.005719 	 0.032886 	 0.074055
   67 	 0.011480 	 0.038807 	 0.083187
   68 	 0.009792 	 0.039086 	 0.083745
   69 	 0.007328 	 0.036010 	 0.077144
   70 	 0.008794 	 0.041818 	 0.077916
   71 	 0.010096 	 0.040386 	 0.071582
   72 	 0.009586 	 0.043614 	 0.076287
   73 	 0.009386 	 0.037370 	 0.070434
   74 	 0.008634 	 0.039141 	 0.093479
   75 	 0.011167 	 0.038084 	 0.074358
   76 	 0.012238 	 0.037124 	 0.084531
   77 	 0.011939 	 0.035423 	 0.087519
   78 	 0.008307 	 0.039796 	 0.088790
   79 	 0.008450 	 0.040565 	 0.088286
 