   0 	 0.002670 	 0.004781 	 0.010279
    1 	 0.002664 	 0.005064 	 0.010194
    2 	 0.002873 	 0.005510 	 0.011051
    3 	 0.002890 	 0.006042 	 0.010370
    4 	 0.002964 	 0.006580 	 0.009258
    5 	 0.002962 	 0.006671 	 0.013363
    6 	 0.003977 	 0.007305 	 0.013148
    7 	 0.003551 	 0.007170 	 0.013275
    8 	 0.003711 	 0.007124 	 0.013166
    9 	 0.003673 	 0.007707 	 0.013418
   10 	 0.003895 	 0.008296 	 0.016838
   11 	 0.003805 	 0.008726 	 0.016834
   12 	 0.004478 	 0.009803 	 0.018995
   13 	 0.005116 	 0.010853 	 0.021016
   14 	 0.005170 	 0.011422 	 0.021400
   15 	 0.005165 	 0.011739 	 0.022727
   16 	 0.004254 	 0.013213 	 0.025078
   17 	 0.004670 	 0.013886 	 0.025164
   18 	 0.005559 	 0.015094 	 0.025353
   19 	 0.005598 	 0.017141 	 0.031296
   20 	 0.006202 	 0.017994 	 0.031446
   21 	 0.009451 	 0.020158 	 0.030447
   22 	 0.007834 	 0.019382 	 0.029931
   23 	 0.007347 	 0.019332 	 0.034032
   24 	 0.009385 	 0.020023 	 0.034851
   25 	 0.007039 	 0.021384 	 0.059599
   26 	 0.007287 	 0.020199 	 0.043034
   27 	 0.005968 	 0.020920 	 0.043703
   28 	 0.008489 	 0.022990 	 0.044884
   29 	 0.008525 	 0.023446 	 0.045648
   30 	 0.009273 	 0.022943 	 0.045771
   31 	 0.007421 	 0.022481 	 0.046217
   32 	 0.008983 	 0.022983 	 0.050011
   33 	 0.008750 	 0.023366 	 0.051195
   34 	 0.006998 	 0.025083 	 0.050319
   35 	 0.006736 	 0.026521 	 0.052949
   36 	 0.008296 	 0.028423 	 0.053995
   37 	 0.009339 	 0.027674 	 0.054332
   38 	 0.008512 	 0.028283 	 0.082698
   39 	 0.011860 	 0.030341 	 0.090496
   40 	 0.009942 	 0.034347 	 0.085329
   41 	 0.011269 	 0.036154 	 0.092343
   42 	 0.009062 	 0.043355 	 0.091858
   43 	 0.012287 	 0.044572 	 0.093923
   44 	 0.012726 	 0.050795 	 0.102325
   45 	 0.010726 	 0.049170 	 0.124873
   46 	 0.010724 	 0.043642 	 0.108244
   47 	 0.012480 	 0.046949 	 0.097648
   48 	 0.010101 	 0.050647 	 0.099389
   49 	 0.011633 	 0.045191 	 0.111209
   50 	 0.010859 	 0.045029 	 0.115163
   51 	 0.009006 	 0.050658 	 0.108738
   52 	 0.009368 	 0.051209 	 0.125795
   53 	 0.011277 	 0.052338 	 0.129545
   54 	 0.007369 	 0.058834 	 0.145985
   55 	 0.010587 	 0.063108 	 0.170150
   56 	 0.012119 	 0.070562 	 0.204226
   57 	 0.009012 	 0.074458 	 0.217737
   58 	 0.012834 	 0.068531 	 0.223735
   59 	 0.013706 	 0.063394 	 0.149178
   60 	 0.010942 	 0.071574 	 0.161429
   61 	 0.011033 	 0.079471 	 0.164543
   62 	 0.013121 	 0.084116 	 0.168394
   63 	 0.007379 	 0.081856 	 0.159679
   64 	 0.011953 	 0.079918 	 0.180612
   65 	 0.015024 	 0.075023 	 0.178151
   66 	 0.013029 	 0.072493 	 0.158907
   67 	 0.015570 	 0.083041 	 0.201577
   68 	 0.013311 	 0.079023 	 0.167091
   69 	 0.014467 	 0.076545 	 0.182309
   70 	 0.012830 	 0.076478 	 0.189999
   71 	 0.013115 	 0.087259 	 0.218928
   72 	 0.016560 	 0.079326 	 0.228386
   73 	 0.020703 	 0.083582 	 0.197007
   74 	 0.010832 	 0.083608 	 0.191600
   75 	 0.014698 	 0.091040 	 0.223184
   76 	 0.012495 	 0.090500 	 0.220020
   77 	 0.010509 	 0.099177 	 0.308179
   78 	 0.010621 	 0.110322 	 0.205041
   79 	 0.015250 	 0.099046 	 0.187642
 