   0 	 0.002438 	 0.004453 	 0.009687
    1 	 0.002897 	 0.004655 	 0.008797
    2 	 0.002898 	 0.004926 	 0.008936
    3 	 0.002952 	 0.005469 	 0.009010
    4 	 0.003205 	 0.006044 	 0.009017
    5 	 0.003280 	 0.006054 	 0.010489
    6 	 0.003284 	 0.006543 	 0.011362
    7 	 0.003381 	 0.007124 	 0.011465
    8 	 0.003808 	 0.007300 	 0.011806
    9 	 0.003752 	 0.007590 	 0.012527
   10 	 0.004834 	 0.007897 	 0.012541
   11 	 0.004261 	 0.008025 	 0.014364
   12 	 0.004555 	 0.008571 	 0.015005
   13 	 0.003421 	 0.009284 	 0.016471
   14 	 0.004466 	 0.010535 	 0.017592
   15 	 0.004284 	 0.011275 	 0.020080
   16 	 0.005726 	 0.011607 	 0.020685
   17 	 0.004995 	 0.011266 	 0.026157
   18 	 0.004828 	 0.011376 	 0.025860
   19 	 0.004828 	 0.011912 	 0.026326
   20 	 0.006167 	 0.012444 	 0.026429
   21 	 0.005896 	 0.012283 	 0.026344
   22 	 0.006381 	 0.013503 	 0.028200
   23 	 0.005670 	 0.013932 	 0.028172
   24 	 0.006366 	 0.013741 	 0.021518
   25 	 0.004652 	 0.013928 	 0.022270
   26 	 0.004278 	 0.015253 	 0.032135
   27 	 0.003990 	 0.014843 	 0.028590
   28 	 0.006787 	 0.016606 	 0.029586
   29 	 0.005728 	 0.016398 	 0.039472
   30 	 0.006499 	 0.017402 	 0.039112
   31 	 0.006472 	 0.019924 	 0.042588
   32 	 0.007278 	 0.020473 	 0.059473
   33 	 0.007240 	 0.020738 	 0.067533
   34 	 0.009165 	 0.023723 	 0.067710
   35 	 0.007782 	 0.025623 	 0.090533
   36 	 0.008951 	 0.028281 	 0.079731
   37 	 0.009077 	 0.034781 	 0.082083
   38 	 0.009602 	 0.036219 	 0.081559
   39 	 0.009668 	 0.041074 	 0.093804
   40 	 0.007643 	 0.038537 	 0.094601
   41 	 0.010706 	 0.040523 	 0.089376
   42 	 0.007826 	 0.043318 	 0.093758
   43 	 0.012376 	 0.043282 	 0.098806
   44 	 0.013027 	 0.044098 	 0.105017
   45 	 0.010955 	 0.047407 	 0.138916
   46 	 0.011587 	 0.041821 	 0.130256
   47 	 0.009194 	 0.041850 	 0.120377
   48 	 0.010533 	 0.049416 	 0.122875
   49 	 0.011386 	 0.050327 	 0.128325
   50 	 0.010324 	 0.053637 	 0.126637
   51 	 0.010054 	 0.061176 	 0.125375
   52 	 0.011143 	 0.063413 	 0.144148
   53 	 0.014035 	 0.068902 	 0.128483
   54 	 0.010273 	 0.057619 	 0.162044
   55 	 0.011520 	 0.067444 	 0.147605
   56 	 0.010266 	 0.077050 	 0.148259
   57 	 0.010111 	 0.071714 	 0.174772
   58 	 0.011281 	 0.075488 	 0.192267
   59 	 0.011251 	 0.079778 	 0.196297
   60 	 0.009429 	 0.075279 	 0.218142
   61 	 0.011906 	 0.094264 	 0.247794
   62 	 0.011893 	 0.101131 	 0.239548
   63 	 0.009847 	 0.090850 	 0.259038
   64 	 0.013942 	 0.112797 	 0.234816
   65 	 0.012380 	 0.111997 	 0.249863
   66 	 0.008234 	 0.130248 	 0.268822
   67 	 0.013178 	 0.119510 	 0.287426
   68 	 0.009432 	 0.112157 	 0.294823
   69 	 0.013468 	 0.102010 	 0.293143
   70 	 0.008567 	 0.117605 	 0.255588
   71 	 0.015227 	 0.136578 	 0.260443
   72 	 0.020411 	 0.118037 	 0.254184
   73 	 0.014210 	 0.122607 	 0.255724
   74 	 0.012343 	 0.112396 	 0.289563
   75 	 0.018885 	 0.121223 	 0.283525
   76 	 0.016588 	 0.120758 	 0.258004
   77 	 0.017014 	 0.109646 	 0.312481
   78 	 0.011214 	 0.119716 	 0.377109
   79 	 0.012703 	 0.117933 	 0.360201
 