   0 	 0.002086 	 0.004519 	 0.009918
    1 	 0.002280 	 0.005065 	 0.009874
    2 	 0.002540 	 0.005370 	 0.010049
    3 	 0.002632 	 0.006055 	 0.011423
    4 	 0.003358 	 0.006866 	 0.011574
    5 	 0.004098 	 0.007054 	 0.013314
    6 	 0.004283 	 0.007627 	 0.012493
    7 	 0.004006 	 0.007715 	 0.015200
    8 	 0.004230 	 0.008146 	 0.015524
    9 	 0.004133 	 0.008639 	 0.015530
   10 	 0.004250 	 0.009161 	 0.015352
   11 	 0.005465 	 0.009677 	 0.016312
   12 	 0.005044 	 0.009570 	 0.024917
   13 	 0.004535 	 0.009372 	 0.015586
   14 	 0.005527 	 0.009478 	 0.014948
   15 	 0.005068 	 0.009477 	 0.015584
   16 	 0.005157 	 0.009920 	 0.019184
   17 	 0.004542 	 0.009614 	 0.016066
   18 	 0.004169 	 0.009747 	 0.025657
   19 	 0.004165 	 0.011419 	 0.029834
   20 	 0.004385 	 0.013204 	 0.029902
   21 	 0.005619 	 0.014396 	 0.030654
   22 	 0.005629 	 0.016000 	 0.030740
   23 	 0.005787 	 0.017982 	 0.037091
   24 	 0.005335 	 0.019700 	 0.035925
   25 	 0.006646 	 0.018692 	 0.039300
   26 	 0.005553 	 0.019007 	 0.038694
   27 	 0.007191 	 0.019778 	 0.042226
   28 	 0.007037 	 0.021044 	 0.043661
   29 	 0.008363 	 0.024699 	 0.045655
   30 	 0.007425 	 0.024752 	 0.047816
   31 	 0.008693 	 0.024959 	 0.044835
   32 	 0.006873 	 0.024077 	 0.044965
   33 	 0.007362 	 0.023489 	 0.049176
   34 	 0.007672 	 0.025873 	 0.049711
   35 	 0.008507 	 0.024019 	 0.058777
   36 	 0.007013 	 0.024406 	 0.060365
   37 	 0.010717 	 0.026056 	 0.077128
   38 	 0.008047 	 0.031140 	 0.075664
   39 	 0.009355 	 0.033869 	 0.080042
   40 	 0.009057 	 0.036865 	 0.079348
   41 	 0.011510 	 0.031734 	 0.085192
   42 	 0.008052 	 0.028080 	 0.065793
   43 	 0.009027 	 0.029344 	 0.080957
   44 	 0.007993 	 0.032761 	 0.085761
   45 	 0.009054 	 0.033679 	 0.101230
   46 	 0.007926 	 0.037318 	 0.100689
   47 	 0.008584 	 0.036177 	 0.096066
   48 	 0.011227 	 0.041846 	 0.096340
   49 	 0.007789 	 0.041652 	 0.101080
   50 	 0.015000 	 0.053301 	 0.104156
   51 	 0.016239 	 0.052937 	 0.104328
   52 	 0.011829 	 0.052769 	 0.111870
   53 	 0.010125 	 0.052531 	 0.103825
   54 	 0.009726 	 0.050363 	 0.102644
   55 	 0.007891 	 0.051240 	 0.120524
   56 	 0.011832 	 0.049524 	 0.159701
   57 	 0.009159 	 0.054757 	 0.160600
   58 	 0.009156 	 0.069312 	 0.161341
   59 	 0.010494 	 0.081066 	 0.154284
   60 	 0.011645 	 0.074351 	 0.159360
   61 	 0.012163 	 0.073132 	 0.162215
   62 	 0.012041 	 0.072106 	 0.160924
   63 	 0.012234 	 0.077557 	 0.205698
   64 	 0.006858 	 0.071088 	 0.198542
   65 	 0.011489 	 0.074660 	 0.159871
   66 	 0.009130 	 0.073494 	 0.167199
   67 	 0.011334 	 0.064697 	 0.158875
   68 	 0.018932 	 0.073583 	 0.155390
   69 	 0.010980 	 0.080753 	 0.169902
   70 	 0.013652 	 0.075106 	 0.174032
   71 	 0.011623 	 0.062326 	 0.141670
   72 	 0.010466 	 0.064411 	 0.144370
   73 	 0.008557 	 0.067164 	 0.151547
   74 	 0.011641 	 0.065814 	 0.176706
   75 	 0.011354 	 0.071521 	 0.142308
   76 	 0.008670 	 0.071544 	 0.146981
   77 	 0.010347 	 0.078930 	 0.158261
   78 	 0.010564 	 0.077754 	 0.168859
   79 	 0.009436 	 0.073480 	 0.196952
 