   0 	 0.002016 	 0.004213 	 0.008324
    1 	 0.002020 	 0.004444 	 0.008676
    2 	 0.003135 	 0.004890 	 0.011269
    3 	 0.002992 	 0.005375 	 0.011846
    4 	 0.003345 	 0.006200 	 0.011299
    5 	 0.003343 	 0.007085 	 0.017686
    6 	 0.003817 	 0.008810 	 0.017738
    7 	 0.004324 	 0.010203 	 0.018401
    8 	 0.005122 	 0.010896 	 0.018470
    9 	 0.005321 	 0.011910 	 0.024315
   10 	 0.005502 	 0.012910 	 0.021756
   11 	 0.005757 	 0.013624 	 0.022770
   12 	 0.005368 	 0.014420 	 0.027971
   13 	 0.005730 	 0.015106 	 0.027196
   14 	 0.005897 	 0.015737 	 0.027352
   15 	 0.006455 	 0.016673 	 0.032771
   16 	 0.006447 	 0.016547 	 0.032641
   17 	 0.007631 	 0.017053 	 0.047913
   18 	 0.007782 	 0.017013 	 0.048948
   19 	 0.006762 	 0.017841 	 0.048941
   20 	 0.006724 	 0.021291 	 0.055640
   21 	 0.007731 	 0.022824 	 0.062439
   22 	 0.008418 	 0.022907 	 0.046572
   23 	 0.007264 	 0.024425 	 0.046543
   24 	 0.007614 	 0.027408 	 0.067803
   25 	 0.009777 	 0.028585 	 0.067905
   26 	 0.006968 	 0.029542 	 0.067676
   27 	 0.009375 	 0.029022 	 0.070692
   28 	 0.008774 	 0.032567 	 0.083272
   29 	 0.009575 	 0.034869 	 0.081427
   30 	 0.014318 	 0.043796 	 0.091285
   31 	 0.012377 	 0.046637 	 0.091810
   32 	 0.009728 	 0.048392 	 0.093480
   33 	 0.005530 	 0.042185 	 0.100943
   34 	 0.010899 	 0.045612 	 0.102655
   35 	 0.009151 	 0.045202 	 0.107726
   36 	 0.011317 	 0.046636 	 0.105282
   37 	 0.010925 	 0.043983 	 0.099966
   38 	 0.009080 	 0.045127 	 0.101680
   39 	 0.007231 	 0.050796 	 0.104853
   40 	 0.011549 	 0.045616 	 0.097831
   41 	 0.010574 	 0.046438 	 0.104610
   42 	 0.010960 	 0.048389 	 0.117114
   43 	 0.008469 	 0.045212 	 0.103842
   44 	 0.009087 	 0.046327 	 0.103560
   45 	 0.008847 	 0.046658 	 0.099237
   46 	 0.009582 	 0.051018 	 0.113326
   47 	 0.010807 	 0.048199 	 0.117312
   48 	 0.010701 	 0.048146 	 0.119372
   49 	 0.009657 	 0.056980 	 0.118278
   50 	 0.007609 	 0.059678 	 0.119754
   51 	 0.011701 	 0.063146 	 0.115277
   52 	 0.008777 	 0.057133 	 0.112979
   53 	 0.011771 	 0.064513 	 0.152633
   54 	 0.010103 	 0.058907 	 0.165639
   55 	 0.014512 	 0.073353 	 0.165709
   56 	 0.008789 	 0.065157 	 0.158254
   57 	 0.008571 	 0.069958 	 0.204521
   58 	 0.013178 	 0.073465 	 0.221512
   59 	 0.011843 	 0.065867 	 0.233208
   60 	 0.015549 	 0.070050 	 0.191370
   61 	 0.013810 	 0.082197 	 0.218299
   62 	 0.010557 	 0.083526 	 0.223148
   63 	 0.013021 	 0.092319 	 0.270162
   64 	 0.011987 	 0.090655 	 0.254151
   65 	 0.011743 	 0.101818 	 0.241676
   66 	 0.013981 	 0.101525 	 0.255964
   67 	 0.011222 	 0.087366 	 0.242456
   68 	 0.011480 	 0.098546 	 0.276764
   69 	 0.011369 	 0.113873 	 0.277999
   70 	 0.013239 	 0.144875 	 0.277935
   71 	 0.011200 	 0.114570 	 0.287328
   72 	 0.009413 	 0.095776 	 0.270290
   73 	 0.009648 	 0.107543 	 0.283786
   74 	 0.012988 	 0.129865 	 0.372793
   75 	 0.011460 	 0.150514 	 0.362334
   76 	 0.009936 	 0.137224 	 0.349765
   77 	 0.017694 	 0.144501 	 0.372469
   78 	 0.016935 	 0.146354 	 0.449046
   79 	 0.009941 	 0.129657 	 0.416189
 