   0 	 0.002527 	 0.004868 	 0.011189
    1 	 0.002530 	 0.005069 	 0.011575
    2 	 0.002656 	 0.006036 	 0.014724
    3 	 0.003082 	 0.007086 	 0.017506
    4 	 0.003108 	 0.008813 	 0.017710
    5 	 0.003799 	 0.010231 	 0.017586
    6 	 0.005534 	 0.010760 	 0.015429
    7 	 0.006149 	 0.011011 	 0.016926
    8 	 0.005522 	 0.010930 	 0.018578
    9 	 0.005030 	 0.010872 	 0.021683
   10 	 0.004241 	 0.011761 	 0.022006
   11 	 0.005838 	 0.012684 	 0.027524
   12 	 0.006058 	 0.013434 	 0.027319
   13 	 0.007034 	 0.014063 	 0.026749
   14 	 0.006264 	 0.014912 	 0.036990
   15 	 0.006966 	 0.016152 	 0.036968
   16 	 0.004688 	 0.016335 	 0.036180
   17 	 0.004696 	 0.017608 	 0.040557
   18 	 0.005339 	 0.019845 	 0.049628
   19 	 0.006266 	 0.021370 	 0.054630
   20 	 0.006245 	 0.023716 	 0.045275
   21 	 0.006615 	 0.023118 	 0.037031
   22 	 0.006879 	 0.023679 	 0.038850
   23 	 0.006852 	 0.023849 	 0.051610
   24 	 0.005127 	 0.024236 	 0.048167
   25 	 0.006758 	 0.024555 	 0.049683
   26 	 0.010081 	 0.027242 	 0.048380
   27 	 0.008945 	 0.026990 	 0.049022
   28 	 0.009468 	 0.028431 	 0.049460
   29 	 0.009525 	 0.027236 	 0.058687
   30 	 0.011432 	 0.028795 	 0.058391
   31 	 0.009680 	 0.029926 	 0.062335
   32 	 0.010950 	 0.032939 	 0.064263
   33 	 0.011275 	 0.035271 	 0.068446
   34 	 0.008486 	 0.034962 	 0.078844
   35 	 0.013406 	 0.040430 	 0.081321
   36 	 0.008125 	 0.041746 	 0.078498
   37 	 0.013503 	 0.041508 	 0.080105
   38 	 0.010434 	 0.042201 	 0.079736
   39 	 0.011949 	 0.043904 	 0.079053
   40 	 0.011839 	 0.045404 	 0.078086
   41 	 0.010073 	 0.044529 	 0.081163
   42 	 0.008378 	 0.040629 	 0.098247
   43 	 0.012152 	 0.042678 	 0.087886
   44 	 0.011149 	 0.040857 	 0.089394
   45 	 0.007594 	 0.041937 	 0.106794
   46 	 0.007397 	 0.040826 	 0.104492
   47 	 0.006919 	 0.045584 	 0.101287
   48 	 0.009530 	 0.044353 	 0.093420
   49 	 0.013820 	 0.045894 	 0.116665
   50 	 0.013252 	 0.055493 	 0.120274
   51 	 0.010250 	 0.060649 	 0.124490
   52 	 0.008006 	 0.053494 	 0.129215
   53 	 0.011309 	 0.057642 	 0.129178
   54 	 0.014309 	 0.055057 	 0.124353
   55 	 0.012599 	 0.050699 	 0.114110
   56 	 0.012123 	 0.049237 	 0.117713
   57 	 0.011506 	 0.054590 	 0.122434
   58 	 0.012135 	 0.050826 	 0.119545
   59 	 0.011565 	 0.057999 	 0.127277
   60 	 0.009299 	 0.056063 	 0.127240
   61 	 0.010151 	 0.056840 	 0.134197
   62 	 0.009290 	 0.054614 	 0.124800
   63 	 0.009529 	 0.050422 	 0.111254
   64 	 0.011183 	 0.048735 	 0.108134
   65 	 0.014252 	 0.053070 	 0.117343
   66 	 0.008066 	 0.049869 	 0.101102
   67 	 0.013420 	 0.052145 	 0.111746
   68 	 0.012400 	 0.055484 	 0.115207
   69 	 0.013200 	 0.051750 	 0.112564
   70 	 0.012220 	 0.052760 	 0.113915
   71 	 0.012906 	 0.047960 	 0.105904
   72 	 0.013326 	 0.049857 	 0.106087
   73 	 0.010164 	 0.052874 	 0.121337
   74 	 0.008498 	 0.048396 	 0.106313
   75 	 0.008980 	 0.051323 	 0.099349
   76 	 0.009325 	 0.052895 	 0.101408
   77 	 0.010212 	 0.049935 	 0.098905
   78 	 0.010456 	 0.045330 	 0.098077
   79 	 0.008615 	 0.045794 	 0.103028
 