   0 	 0.002647 	 0.004687 	 0.009255
    1 	 0.002679 	 0.005168 	 0.011971
    2 	 0.002971 	 0.005703 	 0.012059
    3 	 0.003159 	 0.006304 	 0.011990
    4 	 0.003130 	 0.006870 	 0.012326
    5 	 0.003131 	 0.007400 	 0.014678
    6 	 0.003343 	 0.007378 	 0.014150
    7 	 0.004345 	 0.007723 	 0.015122
    8 	 0.004345 	 0.008305 	 0.016590
    9 	 0.003822 	 0.009289 	 0.017019
   10 	 0.003845 	 0.009192 	 0.017555
   11 	 0.005430 	 0.010258 	 0.018231
   12 	 0.004928 	 0.010932 	 0.018331
   13 	 0.004919 	 0.010952 	 0.022763
   14 	 0.004872 	 0.011166 	 0.023129
   15 	 0.004890 	 0.012833 	 0.030832
   16 	 0.004953 	 0.013560 	 0.031778
   17 	 0.004764 	 0.015290 	 0.031674
   18 	 0.004769 	 0.016382 	 0.031151
   19 	 0.005342 	 0.016426 	 0.034588
   20 	 0.006789 	 0.016519 	 0.033744
   21 	 0.007607 	 0.017692 	 0.036265
   22 	 0.006970 	 0.018709 	 0.038682
   23 	 0.007516 	 0.017922 	 0.030884
   24 	 0.008067 	 0.017535 	 0.031595
   25 	 0.007830 	 0.018930 	 0.037189
   26 	 0.007689 	 0.019357 	 0.037565
   27 	 0.006611 	 0.019589 	 0.031682
   28 	 0.009365 	 0.020254 	 0.032841
   29 	 0.007789 	 0.018973 	 0.033035
   30 	 0.007160 	 0.018349 	 0.030267
   31 	 0.006884 	 0.019484 	 0.030652
   32 	 0.007257 	 0.019164 	 0.033764
   33 	 0.004710 	 0.020824 	 0.044572
   34 	 0.008190 	 0.020016 	 0.039933
   35 	 0.009113 	 0.020589 	 0.046117
   36 	 0.006976 	 0.020280 	 0.040676
   37 	 0.008098 	 0.021035 	 0.040689
   38 	 0.009907 	 0.023700 	 0.041636
   39 	 0.008454 	 0.022173 	 0.042340
   40 	 0.009820 	 0.023004 	 0.042331
   41 	 0.008565 	 0.022405 	 0.036476
   42 	 0.008344 	 0.022628 	 0.035898
   43 	 0.007767 	 0.022076 	 0.041094
   44 	 0.006462 	 0.022975 	 0.044908
   45 	 0.006160 	 0.022986 	 0.039424
   46 	 0.009844 	 0.025191 	 0.046171
   47 	 0.009610 	 0.023108 	 0.047295
   48 	 0.009103 	 0.023771 	 0.047469
   49 	 0.010309 	 0.025047 	 0.046218
   50 	 0.007927 	 0.022159 	 0.046635
   51 	 0.010128 	 0.025141 	 0.050503
   52 	 0.005909 	 0.023641 	 0.051903
   53 	 0.005578 	 0.024767 	 0.053184
   54 	 0.008299 	 0.024484 	 0.053057
   55 	 0.005997 	 0.026311 	 0.055155
   56 	 0.007060 	 0.025421 	 0.057813
   57 	 0.007053 	 0.027892 	 0.062066
   58 	 0.009274 	 0.028441 	 0.060577
   59 	 0.010048 	 0.031625 	 0.064135
   60 	 0.009583 	 0.033962 	 0.067274
   61 	 0.010400 	 0.030672 	 0.069429
   62 	 0.007165 	 0.032828 	 0.070982
   63 	 0.009130 	 0.036979 	 0.084897
   64 	 0.008660 	 0.038404 	 0.084701
   65 	 0.006614 	 0.039011 	 0.089418
   66 	 0.010661 	 0.035795 	 0.079270
   67 	 0.011678 	 0.038177 	 0.072126
   68 	 0.007123 	 0.039786 	 0.072891
   69 	 0.010943 	 0.038734 	 0.072082
   70 	 0.011610 	 0.037710 	 0.070351
   71 	 0.014598 	 0.039026 	 0.091110
   72 	 0.010434 	 0.040076 	 0.071324
   73 	 0.010476 	 0.039663 	 0.079999
   74 	 0.013100 	 0.041267 	 0.080714
   75 	 0.012052 	 0.036421 	 0.072124
   76 	 0.010961 	 0.040023 	 0.082120
   77 	 0.009502 	 0.037716 	 0.074951
   78 	 0.009651 	 0.040161 	 0.076979
   79 	 0.009803 	 0.043747 	 0.091208
 