   0 	 0.002991 	 0.004696 	 0.008906
    1 	 0.002443 	 0.004855 	 0.008546
    2 	 0.002575 	 0.005407 	 0.011930
    3 	 0.002576 	 0.005906 	 0.011871
    4 	 0.002751 	 0.006248 	 0.014726
    5 	 0.003725 	 0.006594 	 0.014690
    6 	 0.003431 	 0.007084 	 0.014904
    7 	 0.003841 	 0.007990 	 0.014923
    8 	 0.005001 	 0.009197 	 0.020666
    9 	 0.005011 	 0.010722 	 0.021982
   10 	 0.004746 	 0.012205 	 0.025163
   11 	 0.005555 	 0.013265 	 0.021551
   12 	 0.005920 	 0.014156 	 0.021077
   13 	 0.005576 	 0.013574 	 0.022162
   14 	 0.006463 	 0.014040 	 0.026139
   15 	 0.004905 	 0.014328 	 0.021215
   16 	 0.007073 	 0.014183 	 0.022108
   17 	 0.006782 	 0.013674 	 0.023590
   18 	 0.006593 	 0.012579 	 0.022378
   19 	 0.005574 	 0.013476 	 0.022302
   20 	 0.007302 	 0.013354 	 0.023996
   21 	 0.005083 	 0.013173 	 0.022459
   22 	 0.006588 	 0.012862 	 0.024111
   23 	 0.007690 	 0.014021 	 0.026326
   24 	 0.006579 	 0.015058 	 0.025795
   25 	 0.006603 	 0.013899 	 0.025560
   26 	 0.007455 	 0.013781 	 0.024777
   27 	 0.006806 	 0.014872 	 0.023061
   28 	 0.005729 	 0.014705 	 0.026252
   29 	 0.005172 	 0.015337 	 0.029279
   30 	 0.005046 	 0.014998 	 0.032655
   31 	 0.006123 	 0.017937 	 0.032933
   32 	 0.006128 	 0.018401 	 0.037759
   33 	 0.006138 	 0.018483 	 0.034854
   34 	 0.006068 	 0.020732 	 0.041431
   35 	 0.007303 	 0.022347 	 0.038564
   36 	 0.006472 	 0.021782 	 0.044535
   37 	 0.008216 	 0.021183 	 0.042960
   38 	 0.007647 	 0.024032 	 0.044952
   39 	 0.005974 	 0.023298 	 0.045479
   40 	 0.007762 	 0.022654 	 0.044686
   41 	 0.006608 	 0.022282 	 0.046852
   42 	 0.006243 	 0.022687 	 0.048787
   43 	 0.006270 	 0.024432 	 0.047885
   44 	 0.008594 	 0.023923 	 0.051612
   45 	 0.008529 	 0.023867 	 0.055436
   46 	 0.008486 	 0.027822 	 0.049786
   47 	 0.007908 	 0.026387 	 0.050966
   48 	 0.007597 	 0.027245 	 0.050401
   49 	 0.009544 	 0.027395 	 0.054924
   50 	 0.007065 	 0.030493 	 0.061907
   51 	 0.012458 	 0.035182 	 0.065457
   52 	 0.009718 	 0.037322 	 0.064247
   53 	 0.013682 	 0.036798 	 0.061734
   54 	 0.009771 	 0.034649 	 0.068138
   55 	 0.008964 	 0.031006 	 0.062672
   56 	 0.008808 	 0.033984 	 0.061471
   57 	 0.008087 	 0.031671 	 0.066174
   58 	 0.007672 	 0.032743 	 0.068791
   59 	 0.007308 	 0.034528 	 0.067916
   60 	 0.007824 	 0.036850 	 0.076957
   61 	 0.009127 	 0.037305 	 0.068905
   62 	 0.008994 	 0.038915 	 0.077177
   63 	 0.008586 	 0.039992 	 0.083936
   64 	 0.007771 	 0.038743 	 0.073462
   65 	 0.008328 	 0.041283 	 0.076199
   66 	 0.007408 	 0.041674 	 0.078136
   67 	 0.011440 	 0.046486 	 0.092810
   68 	 0.016672 	 0.049620 	 0.090185
   69 	 0.009858 	 0.043744 	 0.099408
   70 	 0.013314 	 0.045207 	 0.125842
   71 	 0.008929 	 0.045927 	 0.124884
   72 	 0.008627 	 0.054044 	 0.138447
   73 	 0.010477 	 0.061744 	 0.169087
   74 	 0.014384 	 0.062116 	 0.206807
   75 	 0.009500 	 0.072389 	 0.248136
   76 	 0.013973 	 0.081604 	 0.194805
   77 	 0.019149 	 0.098874 	 0.198045
   78 	 0.008909 	 0.097038 	 0.177434
   79 	 0.009283 	 0.095395 	 0.209357
 