   0 	 0.002309 	 0.004604 	 0.013789
    1 	 0.002612 	 0.005478 	 0.014826
    2 	 0.002843 	 0.007463 	 0.016124
    3 	 0.002834 	 0.008550 	 0.017219
    4 	 0.002716 	 0.009096 	 0.017320
    5 	 0.004552 	 0.010343 	 0.017294
    6 	 0.003791 	 0.010658 	 0.017507
    7 	 0.004633 	 0.011532 	 0.017949
    8 	 0.005223 	 0.012015 	 0.020219
    9 	 0.005207 	 0.012621 	 0.022785
   10 	 0.004804 	 0.013228 	 0.023191
   11 	 0.004425 	 0.015070 	 0.025137
   12 	 0.004833 	 0.014659 	 0.028560
   13 	 0.005015 	 0.015245 	 0.028558
   14 	 0.007190 	 0.014987 	 0.024258
   15 	 0.006326 	 0.015434 	 0.026711
   16 	 0.006890 	 0.015586 	 0.025026
   17 	 0.007101 	 0.015334 	 0.025942
   18 	 0.007102 	 0.015766 	 0.032553
   19 	 0.008596 	 0.016033 	 0.031893
   20 	 0.006373 	 0.015372 	 0.032364
   21 	 0.006379 	 0.016333 	 0.035807
   22 	 0.005583 	 0.017426 	 0.045847
   23 	 0.005583 	 0.018385 	 0.050619
   24 	 0.004100 	 0.018770 	 0.051500
   25 	 0.004106 	 0.021100 	 0.052396
   26 	 0.006764 	 0.023524 	 0.051995
   27 	 0.008614 	 0.025894 	 0.053115
   28 	 0.007516 	 0.027303 	 0.053608
   29 	 0.007619 	 0.027521 	 0.054061
   30 	 0.009702 	 0.028888 	 0.054031
   31 	 0.009395 	 0.030777 	 0.063741
   32 	 0.008507 	 0.031782 	 0.058202
   33 	 0.009960 	 0.030835 	 0.077239
   34 	 0.009403 	 0.030701 	 0.058024
   35 	 0.008014 	 0.028318 	 0.059160
   36 	 0.009330 	 0.031360 	 0.058787
   37 	 0.008444 	 0.031440 	 0.070628
   38 	 0.010509 	 0.032507 	 0.066782
   39 	 0.012674 	 0.033910 	 0.061397
   40 	 0.009755 	 0.032158 	 0.063634
   41 	 0.008982 	 0.031392 	 0.065889
   42 	 0.008275 	 0.034011 	 0.061895
   43 	 0.008262 	 0.035857 	 0.067746
   44 	 0.006840 	 0.035920 	 0.064026
   45 	 0.010853 	 0.032089 	 0.064163
   46 	 0.008870 	 0.035916 	 0.078986
   47 	 0.008460 	 0.036258 	 0.077513
   48 	 0.008787 	 0.039062 	 0.077971
   49 	 0.011237 	 0.047293 	 0.092112
   50 	 0.009008 	 0.044984 	 0.093836
   51 	 0.009069 	 0.045885 	 0.085580
   52 	 0.008587 	 0.039899 	 0.080605
   53 	 0.008070 	 0.039197 	 0.069673
   54 	 0.012296 	 0.036267 	 0.071537
   55 	 0.012261 	 0.037278 	 0.068446
   56 	 0.007488 	 0.037755 	 0.083660
   57 	 0.010411 	 0.036488 	 0.079967
   58 	 0.010450 	 0.038338 	 0.086981
   59 	 0.010383 	 0.038038 	 0.070881
   60 	 0.010003 	 0.040748 	 0.084214
   61 	 0.009760 	 0.037414 	 0.089695
   62 	 0.008584 	 0.042077 	 0.091392
   63 	 0.008111 	 0.045007 	 0.089781
   64 	 0.012086 	 0.043321 	 0.089834
   65 	 0.012023 	 0.039595 	 0.080526
   66 	 0.014233 	 0.037243 	 0.073695
   67 	 0.008585 	 0.037682 	 0.073663
   68 	 0.006910 	 0.035370 	 0.076252
   69 	 0.006905 	 0.035833 	 0.079328
   70 	 0.007717 	 0.041884 	 0.086218
   71 	 0.014179 	 0.043916 	 0.088007
   72 	 0.009713 	 0.044623 	 0.095281
   73 	 0.013983 	 0.046996 	 0.097022
   74 	 0.010452 	 0.051893 	 0.120803
   75 	 0.006570 	 0.049125 	 0.111058
   76 	 0.010327 	 0.044595 	 0.137207
   77 	 0.008738 	 0.049545 	 0.148236
   78 	 0.010422 	 0.058903 	 0.142588
   79 	 0.017155 	 0.062822 	 0.164673
 