   0 	 0.002766 	 0.004653 	 0.008938
    1 	 0.002768 	 0.005165 	 0.008860
    2 	 0.003131 	 0.005475 	 0.008852
    3 	 0.003623 	 0.005993 	 0.010872
    4 	 0.003797 	 0.006321 	 0.010948
    5 	 0.003855 	 0.006350 	 0.010587
    6 	 0.003492 	 0.006619 	 0.010898
    7 	 0.003491 	 0.006668 	 0.011194
    8 	 0.003481 	 0.007389 	 0.017183
    9 	 0.003496 	 0.008086 	 0.018149
   10 	 0.003611 	 0.008735 	 0.018524
   11 	 0.005034 	 0.009455 	 0.018790
   12 	 0.004681 	 0.010710 	 0.026121
   13 	 0.005745 	 0.012352 	 0.026151
   14 	 0.005787 	 0.013462 	 0.032777
   15 	 0.003809 	 0.015433 	 0.032450
   16 	 0.004073 	 0.015588 	 0.031955
   17 	 0.004881 	 0.015755 	 0.031897
   18 	 0.006181 	 0.017199 	 0.035882
   19 	 0.007186 	 0.018629 	 0.043728
   20 	 0.006991 	 0.019322 	 0.044444
   21 	 0.008505 	 0.022397 	 0.044485
   22 	 0.007986 	 0.025966 	 0.049119
   23 	 0.009335 	 0.026728 	 0.049429
   24 	 0.011621 	 0.028039 	 0.060910
   25 	 0.008242 	 0.027516 	 0.051356
   26 	 0.008604 	 0.027564 	 0.050072
   27 	 0.007553 	 0.028811 	 0.060360
   28 	 0.009443 	 0.030757 	 0.060092
   29 	 0.009439 	 0.030677 	 0.057186
   30 	 0.010073 	 0.031055 	 0.070660
   31 	 0.007991 	 0.029693 	 0.058192
   32 	 0.010456 	 0.029656 	 0.059297
   33 	 0.010377 	 0.029140 	 0.063037
   34 	 0.009898 	 0.029932 	 0.065826
   35 	 0.010245 	 0.029910 	 0.065633
   36 	 0.008157 	 0.031676 	 0.065406
   37 	 0.010620 	 0.032201 	 0.068989
   38 	 0.009178 	 0.038634 	 0.077370
   39 	 0.007815 	 0.037499 	 0.081423
   40 	 0.012320 	 0.036447 	 0.078170
   41 	 0.009053 	 0.033795 	 0.089195
   42 	 0.009926 	 0.034895 	 0.087703
   43 	 0.010101 	 0.039277 	 0.108274
   44 	 0.010716 	 0.044586 	 0.114005
   45 	 0.008020 	 0.052338 	 0.176332
   46 	 0.009623 	 0.057425 	 0.178828
   47 	 0.018744 	 0.059443 	 0.157439
   48 	 0.011122 	 0.053913 	 0.177978
   49 	 0.012677 	 0.065046 	 0.155330
   50 	 0.008967 	 0.067247 	 0.161795
   51 	 0.011306 	 0.069419 	 0.152658
   52 	 0.011111 	 0.074274 	 0.152153
   53 	 0.013052 	 0.068294 	 0.155951
   54 	 0.014857 	 0.068674 	 0.150640
   55 	 0.014173 	 0.066848 	 0.189910
   56 	 0.009896 	 0.067803 	 0.176600
   57 	 0.011639 	 0.074394 	 0.183081
   58 	 0.013584 	 0.075133 	 0.182421
   59 	 0.012162 	 0.072104 	 0.210367
   60 	 0.019367 	 0.087134 	 0.187194
   61 	 0.012649 	 0.081826 	 0.193835
   62 	 0.012171 	 0.081268 	 0.181113
   63 	 0.011352 	 0.067637 	 0.172184
   64 	 0.012380 	 0.086615 	 0.211104
   65 	 0.011688 	 0.074985 	 0.198206
   66 	 0.010188 	 0.081840 	 0.179225
   67 	 0.015099 	 0.074197 	 0.175048
   68 	 0.012774 	 0.067445 	 0.173610
   69 	 0.012524 	 0.065277 	 0.174970
   70 	 0.010314 	 0.058521 	 0.180840
   71 	 0.009439 	 0.063041 	 0.162955
   72 	 0.008678 	 0.074609 	 0.170122
   73 	 0.015153 	 0.069834 	 0.151218
   74 	 0.007822 	 0.079101 	 0.155873
   75 	 0.007787 	 0.071346 	 0.171042
   76 	 0.007798 	 0.071227 	 0.193409
   77 	 0.007551 	 0.071521 	 0.157542
   78 	 0.006370 	 0.071177 	 0.155022
   79 	 0.009965 	 0.076021 	 0.144816
 