   0 	 0.002087 	 0.004548 	 0.008518
    1 	 0.002713 	 0.004838 	 0.007952
    2 	 0.003176 	 0.005206 	 0.008149
    3 	 0.003187 	 0.005764 	 0.009521
    4 	 0.003184 	 0.006330 	 0.017203
    5 	 0.003587 	 0.006831 	 0.015329
    6 	 0.003829 	 0.007269 	 0.015180
    7 	 0.003830 	 0.007211 	 0.015208
    8 	 0.003613 	 0.007393 	 0.015308
    9 	 0.003569 	 0.007505 	 0.015188
   10 	 0.004068 	 0.008072 	 0.015518
   11 	 0.003415 	 0.008865 	 0.021874
   12 	 0.003266 	 0.009950 	 0.021653
   13 	 0.004445 	 0.011015 	 0.023610
   14 	 0.005739 	 0.012652 	 0.023913
   15 	 0.005537 	 0.013285 	 0.025117
   16 	 0.005240 	 0.014079 	 0.025025
   17 	 0.005256 	 0.014632 	 0.022875
   18 	 0.006348 	 0.014713 	 0.024831
   19 	 0.006021 	 0.015082 	 0.049812
   20 	 0.006808 	 0.018841 	 0.052012
   21 	 0.006295 	 0.019043 	 0.051701
   22 	 0.007942 	 0.022020 	 0.050239
   23 	 0.005343 	 0.020147 	 0.051360
   24 	 0.007739 	 0.025475 	 0.051837
   25 	 0.006495 	 0.026730 	 0.052839
   26 	 0.006977 	 0.030020 	 0.108468
   27 	 0.009781 	 0.032973 	 0.073459
   28 	 0.006140 	 0.034569 	 0.075663
   29 	 0.008690 	 0.034921 	 0.073091
   30 	 0.006553 	 0.032423 	 0.072205
   31 	 0.007949 	 0.034205 	 0.074249
   32 	 0.008739 	 0.035507 	 0.078182
   33 	 0.008045 	 0.034508 	 0.071970
   34 	 0.006560 	 0.032961 	 0.070863
   35 	 0.007948 	 0.033884 	 0.073680
   36 	 0.009845 	 0.037245 	 0.085734
   37 	 0.006717 	 0.039437 	 0.092344
   38 	 0.006730 	 0.041547 	 0.091335
   39 	 0.005947 	 0.051398 	 0.093294
   40 	 0.013864 	 0.050993 	 0.100027
   41 	 0.010159 	 0.046491 	 0.098512
   42 	 0.007634 	 0.044528 	 0.092645
   43 	 0.010648 	 0.047753 	 0.094924
   44 	 0.007995 	 0.045304 	 0.095373
   45 	 0.006986 	 0.052093 	 0.111069
   46 	 0.006809 	 0.054590 	 0.106507
   47 	 0.011202 	 0.051698 	 0.114307
   48 	 0.014762 	 0.052571 	 0.109830
   49 	 0.009360 	 0.044087 	 0.114507
   50 	 0.006399 	 0.049689 	 0.113165
   51 	 0.008565 	 0.055136 	 0.120479
   52 	 0.012677 	 0.052067 	 0.121989
   53 	 0.013393 	 0.060181 	 0.120489
   54 	 0.009290 	 0.054625 	 0.125474
   55 	 0.012605 	 0.054400 	 0.128157
   56 	 0.011883 	 0.060544 	 0.128389
   57 	 0.011560 	 0.061952 	 0.140227
   58 	 0.012908 	 0.058427 	 0.133851
   59 	 0.010439 	 0.050567 	 0.129424
   60 	 0.009895 	 0.049644 	 0.130313
   61 	 0.010954 	 0.052180 	 0.123040
   62 	 0.009667 	 0.056359 	 0.136754
   63 	 0.008465 	 0.060692 	 0.125784
   64 	 0.008447 	 0.056962 	 0.123672
   65 	 0.007796 	 0.050793 	 0.126813
   66 	 0.008418 	 0.053102 	 0.122597
   67 	 0.008442 	 0.066160 	 0.123908
   68 	 0.009285 	 0.065589 	 0.129431
   69 	 0.015559 	 0.069399 	 0.151066
   70 	 0.009363 	 0.062997 	 0.142206
   71 	 0.011526 	 0.071128 	 0.146367
   72 	 0.009596 	 0.071146 	 0.157147
   73 	 0.013675 	 0.075569 	 0.177192
   74 	 0.019699 	 0.074431 	 0.207090
   75 	 0.015991 	 0.072994 	 0.239235
   76 	 0.011723 	 0.079127 	 0.213441
   77 	 0.014254 	 0.079307 	 0.251728
   78 	 0.013371 	 0.084996 	 0.213979
   79 	 0.011902 	 0.078262 	 0.216228
 