   0 	 0.002553 	 0.004479 	 0.007281
    1 	 0.002693 	 0.004975 	 0.012022
    2 	 0.002834 	 0.005753 	 0.013384
    3 	 0.003143 	 0.006297 	 0.013409
    4 	 0.004062 	 0.006767 	 0.014599
    5 	 0.003428 	 0.007041 	 0.014974
    6 	 0.004070 	 0.007839 	 0.015330
    7 	 0.003973 	 0.008036 	 0.015404
    8 	 0.004400 	 0.008546 	 0.016449
    9 	 0.004251 	 0.008472 	 0.013367
   10 	 0.003985 	 0.009457 	 0.014624
   11 	 0.005315 	 0.009874 	 0.022303
   12 	 0.005019 	 0.010368 	 0.023348
   13 	 0.004464 	 0.011222 	 0.027956
   14 	 0.005891 	 0.011951 	 0.026530
   15 	 0.004977 	 0.012980 	 0.027905
   16 	 0.004990 	 0.013388 	 0.027883
   17 	 0.005031 	 0.014422 	 0.027743
   18 	 0.006047 	 0.015752 	 0.029130
   19 	 0.004927 	 0.015202 	 0.026423
   20 	 0.008655 	 0.015518 	 0.026129
   21 	 0.008036 	 0.015931 	 0.029073
   22 	 0.006661 	 0.015846 	 0.029035
   23 	 0.006572 	 0.015190 	 0.028141
   24 	 0.007980 	 0.016516 	 0.036067
   25 	 0.006477 	 0.016779 	 0.035815
   26 	 0.005560 	 0.017740 	 0.037565
   27 	 0.005583 	 0.016506 	 0.036215
   28 	 0.007104 	 0.016122 	 0.044168
   29 	 0.005649 	 0.016559 	 0.044279
   30 	 0.006301 	 0.015254 	 0.033673
   31 	 0.007385 	 0.018198 	 0.033542
   32 	 0.007009 	 0.021679 	 0.033398
   33 	 0.005860 	 0.022001 	 0.036913
   34 	 0.009847 	 0.024908 	 0.043161
   35 	 0.009891 	 0.024781 	 0.042395
   36 	 0.008801 	 0.023842 	 0.041965
   37 	 0.009899 	 0.025830 	 0.048722
   38 	 0.008470 	 0.025641 	 0.046286
   39 	 0.007608 	 0.025380 	 0.048282
   40 	 0.008639 	 0.025374 	 0.049937
   41 	 0.009733 	 0.027127 	 0.051179
   42 	 0.010649 	 0.025023 	 0.051086
   43 	 0.008320 	 0.026290 	 0.053313
   44 	 0.007721 	 0.027910 	 0.053439
   45 	 0.006242 	 0.026075 	 0.055663
   46 	 0.006078 	 0.027767 	 0.057930
   47 	 0.009486 	 0.027201 	 0.051193
   48 	 0.007801 	 0.029403 	 0.049858
   49 	 0.008128 	 0.027469 	 0.053229
   50 	 0.009665 	 0.027075 	 0.052445
   51 	 0.006438 	 0.027719 	 0.053961
   52 	 0.006682 	 0.028307 	 0.064515
   53 	 0.009511 	 0.027156 	 0.065713
   54 	 0.009398 	 0.026422 	 0.064275
   55 	 0.008872 	 0.029218 	 0.063471
   56 	 0.009144 	 0.030577 	 0.068971
   57 	 0.006408 	 0.028502 	 0.067919
   58 	 0.005851 	 0.033127 	 0.072417
   59 	 0.009759 	 0.036722 	 0.083610
   60 	 0.011532 	 0.038824 	 0.073122
   61 	 0.009582 	 0.039323 	 0.084137
   62 	 0.008489 	 0.039632 	 0.083198
   63 	 0.008765 	 0.042075 	 0.100167
   64 	 0.010039 	 0.044193 	 0.095746
   65 	 0.010523 	 0.042684 	 0.099168
   66 	 0.008020 	 0.041561 	 0.108090
   67 	 0.009763 	 0.041961 	 0.108974
   68 	 0.008652 	 0.049775 	 0.112749
   69 	 0.008673 	 0.042266 	 0.099470
   70 	 0.010131 	 0.041924 	 0.099161
   71 	 0.013775 	 0.040171 	 0.091196
   72 	 0.007079 	 0.047822 	 0.097941
   73 	 0.008280 	 0.044497 	 0.091335
   74 	 0.005751 	 0.043955 	 0.090729
   75 	 0.009655 	 0.042615 	 0.114634
   76 	 0.013539 	 0.043248 	 0.129319
   77 	 0.010074 	 0.045444 	 0.139593
   78 	 0.008160 	 0.048439 	 0.125464
   79 	 0.008115 	 0.061157 	 0.162440
 