   0 	 0.002741 	 0.004641 	 0.011193
    1 	 0.002715 	 0.005535 	 0.011276
    2 	 0.002868 	 0.006418 	 0.014046
    3 	 0.003371 	 0.007090 	 0.017367
    4 	 0.002990 	 0.008765 	 0.018325
    5 	 0.004232 	 0.009672 	 0.030292
    6 	 0.003962 	 0.010754 	 0.031743
    7 	 0.005298 	 0.013410 	 0.042017
    8 	 0.005579 	 0.016596 	 0.057442
    9 	 0.005401 	 0.018582 	 0.057305
   10 	 0.006870 	 0.023222 	 0.059837
   11 	 0.007040 	 0.024008 	 0.061103
   12 	 0.005766 	 0.024295 	 0.061846
   13 	 0.005997 	 0.027328 	 0.060519
   14 	 0.007499 	 0.036301 	 0.062237
   15 	 0.009174 	 0.034098 	 0.061238
   16 	 0.007834 	 0.037699 	 0.083443
   17 	 0.009291 	 0.037299 	 0.094685
   18 	 0.009204 	 0.036865 	 0.091627
   19 	 0.011435 	 0.038994 	 0.094735
   20 	 0.010765 	 0.040365 	 0.103917
   21 	 0.009636 	 0.041094 	 0.097526
   22 	 0.009700 	 0.040912 	 0.098063
   23 	 0.010766 	 0.052556 	 0.107979
   24 	 0.012612 	 0.047326 	 0.107909
   25 	 0.010670 	 0.040795 	 0.093938
   26 	 0.011815 	 0.041733 	 0.095603
   27 	 0.008695 	 0.041922 	 0.092986
   28 	 0.008733 	 0.040652 	 0.099744
   29 	 0.007960 	 0.046287 	 0.097732
   30 	 0.010493 	 0.047832 	 0.118875
   31 	 0.009036 	 0.045759 	 0.134704
   32 	 0.009706 	 0.051926 	 0.127765
   33 	 0.006569 	 0.054195 	 0.130008
   34 	 0.009662 	 0.060930 	 0.135039
   35 	 0.012128 	 0.063962 	 0.181699
   36 	 0.011222 	 0.065337 	 0.240604
   37 	 0.012291 	 0.065783 	 0.237637
   38 	 0.012916 	 0.074084 	 0.200164
   39 	 0.010459 	 0.074189 	 0.195031
   40 	 0.011494 	 0.076140 	 0.192769
   41 	 0.012736 	 0.078364 	 0.210211
   42 	 0.009558 	 0.083529 	 0.240673
   43 	 0.013754 	 0.076870 	 0.234829
   44 	 0.010008 	 0.073958 	 0.196504
   45 	 0.012580 	 0.083316 	 0.209200
   46 	 0.011097 	 0.086100 	 0.214077
   47 	 0.015401 	 0.085643 	 0.221258
   48 	 0.012985 	 0.090310 	 0.218790
   49 	 0.013155 	 0.098048 	 0.246526
   50 	 0.011894 	 0.102871 	 0.221121
   51 	 0.013548 	 0.106312 	 0.249493
   52 	 0.010501 	 0.112287 	 0.238927
   53 	 0.010907 	 0.113282 	 0.251927
   54 	 0.007382 	 0.104485 	 0.241951
   55 	 0.012988 	 0.119950 	 0.265654
   56 	 0.013350 	 0.120332 	 0.259079
   57 	 0.009083 	 0.131936 	 0.319962
   58 	 0.014597 	 0.139925 	 0.311379
   59 	 0.017446 	 0.137301 	 0.326172
   60 	 0.016318 	 0.136426 	 0.278819
   61 	 0.009730 	 0.121336 	 0.284414
   62 	 0.015125 	 0.112410 	 0.318508
   63 	 0.012010 	 0.124598 	 0.307107
   64 	 0.013737 	 0.133259 	 0.322484
   65 	 0.017382 	 0.122814 	 0.400279
   66 	 0.012071 	 0.151963 	 0.412640
   67 	 0.014395 	 0.138910 	 0.474573
   68 	 0.017682 	 0.169917 	 0.470138
   69 	 0.009903 	 0.159733 	 0.434137
   70 	 0.015148 	 0.177024 	 0.493960
   71 	 0.014346 	 0.174244 	 0.450686
   72 	 0.011348 	 0.179961 	 0.504136
   73 	 0.009568 	 0.183268 	 0.610850
   74 	 0.014437 	 0.186994 	 0.523421
   75 	 0.012908 	 0.148008 	 0.530169
   76 	 0.010653 	 0.154620 	 0.662793
   77 	 0.010836 	 0.187204 	 0.654974
   78 	 0.015020 	 0.163658 	 0.472829
   79 	 0.011956 	 0.128184 	 0.408138
 