   0 	 0.002441 	 0.005066 	 0.010295
    1 	 0.002830 	 0.006009 	 0.015266
    2 	 0.003720 	 0.006988 	 0.017254
    3 	 0.003815 	 0.007563 	 0.018714
    4 	 0.004071 	 0.008868 	 0.022547
    5 	 0.004057 	 0.009907 	 0.027629
    6 	 0.004136 	 0.012573 	 0.029036
    7 	 0.003980 	 0.014718 	 0.028356
    8 	 0.005943 	 0.015187 	 0.030903
    9 	 0.007472 	 0.015284 	 0.035461
   10 	 0.005650 	 0.016341 	 0.035790
   11 	 0.007543 	 0.017144 	 0.031034
   12 	 0.006857 	 0.016380 	 0.031354
   13 	 0.006172 	 0.016829 	 0.032036
   14 	 0.005938 	 0.017338 	 0.032806
   15 	 0.004722 	 0.018092 	 0.039285
   16 	 0.006397 	 0.019264 	 0.039834
   17 	 0.006369 	 0.021718 	 0.040559
   18 	 0.005569 	 0.021019 	 0.040314
   19 	 0.007601 	 0.022222 	 0.039963
   20 	 0.010056 	 0.023346 	 0.039916
   21 	 0.006732 	 0.021863 	 0.037351
   22 	 0.006054 	 0.021510 	 0.041709
   23 	 0.006069 	 0.021090 	 0.056609
   24 	 0.008553 	 0.024161 	 0.058778
   25 	 0.004816 	 0.024857 	 0.071973
   26 	 0.006160 	 0.026526 	 0.080170
   27 	 0.005942 	 0.027000 	 0.084288
   28 	 0.006142 	 0.030146 	 0.077681
   29 	 0.008055 	 0.029342 	 0.076829
   30 	 0.006226 	 0.029299 	 0.071323
   31 	 0.006217 	 0.033164 	 0.072278
   32 	 0.010346 	 0.038474 	 0.076366
   33 	 0.009913 	 0.040425 	 0.078857
   34 	 0.009073 	 0.039637 	 0.073608
   35 	 0.012524 	 0.038627 	 0.072655
   36 	 0.011870 	 0.043197 	 0.081262
   37 	 0.010757 	 0.042709 	 0.075272
   38 	 0.010633 	 0.042839 	 0.088507
   39 	 0.009098 	 0.039822 	 0.090537
   40 	 0.013860 	 0.043140 	 0.091807
   41 	 0.008311 	 0.041645 	 0.097235
   42 	 0.009109 	 0.041960 	 0.098360
   43 	 0.010326 	 0.044257 	 0.098835
   44 	 0.010316 	 0.042677 	 0.116437
   45 	 0.010491 	 0.046260 	 0.126714
   46 	 0.008772 	 0.052217 	 0.125813
   47 	 0.009574 	 0.057489 	 0.115503
   48 	 0.010906 	 0.057112 	 0.116278
   49 	 0.007086 	 0.060921 	 0.111154
   50 	 0.010244 	 0.058823 	 0.123847
   51 	 0.008791 	 0.063432 	 0.121632
   52 	 0.014929 	 0.064800 	 0.130234
   53 	 0.015725 	 0.061522 	 0.110615
   54 	 0.010048 	 0.051763 	 0.110885
   55 	 0.014687 	 0.054695 	 0.108205
   56 	 0.011393 	 0.053694 	 0.121044
   57 	 0.012123 	 0.050729 	 0.105900
   58 	 0.012006 	 0.050321 	 0.107003
   59 	 0.010241 	 0.051050 	 0.111341
   60 	 0.006599 	 0.049395 	 0.114506
   61 	 0.006524 	 0.053152 	 0.114530
   62 	 0.009060 	 0.058199 	 0.115750
   63 	 0.009268 	 0.048847 	 0.108970
   64 	 0.007470 	 0.051357 	 0.124428
   65 	 0.013258 	 0.053774 	 0.132771
   66 	 0.008264 	 0.057552 	 0.125796
   67 	 0.007611 	 0.054117 	 0.117653
   68 	 0.011573 	 0.054125 	 0.121916
   69 	 0.007681 	 0.061192 	 0.141894
   70 	 0.009450 	 0.061819 	 0.143929
   71 	 0.005758 	 0.057532 	 0.151970
   72 	 0.008922 	 0.061626 	 0.196331
   73 	 0.007642 	 0.063826 	 0.147353
   74 	 0.009227 	 0.067994 	 0.142321
   75 	 0.010126 	 0.078651 	 0.160939
   76 	 0.010230 	 0.071534 	 0.156440
   77 	 0.010384 	 0.076705 	 0.158960
   78 	 0.010340 	 0.077783 	 0.200304
   79 	 0.010768 	 0.077705 	 0.342161
 