   0 	 0.002243 	 0.005249 	 0.013807
    1 	 0.002113 	 0.005860 	 0.018389
    2 	 0.002534 	 0.006783 	 0.018888
    3 	 0.003676 	 0.007555 	 0.019297
    4 	 0.003554 	 0.009821 	 0.020023
    5 	 0.004125 	 0.010266 	 0.020935
    6 	 0.004548 	 0.011002 	 0.022536
    7 	 0.004558 	 0.011487 	 0.025428
    8 	 0.004931 	 0.013054 	 0.030327
    9 	 0.003830 	 0.012670 	 0.034914
   10 	 0.003821 	 0.015112 	 0.035327
   11 	 0.005279 	 0.017334 	 0.037232
   12 	 0.006413 	 0.018679 	 0.037982
   13 	 0.007264 	 0.023005 	 0.041785
   14 	 0.006790 	 0.024969 	 0.049126
   15 	 0.008058 	 0.025360 	 0.045654
   16 	 0.006337 	 0.025945 	 0.046267
   17 	 0.006306 	 0.026883 	 0.046964
   18 	 0.005151 	 0.025431 	 0.045641
   19 	 0.005156 	 0.025206 	 0.045155
   20 	 0.006142 	 0.021910 	 0.042471
   21 	 0.008847 	 0.024070 	 0.044019
   22 	 0.008529 	 0.022662 	 0.041558
   23 	 0.008186 	 0.021773 	 0.042742
   24 	 0.008146 	 0.022511 	 0.047622
   25 	 0.006483 	 0.021896 	 0.048143
   26 	 0.007591 	 0.023151 	 0.049432
   27 	 0.006957 	 0.023599 	 0.043177
   28 	 0.009465 	 0.023416 	 0.051958
   29 	 0.008625 	 0.024924 	 0.045259
   30 	 0.009431 	 0.026681 	 0.047635
   31 	 0.009744 	 0.027044 	 0.059468
   32 	 0.010157 	 0.027734 	 0.077964
   33 	 0.008489 	 0.029666 	 0.080552
   34 	 0.008646 	 0.031327 	 0.079675
   35 	 0.009764 	 0.031338 	 0.088145
   36 	 0.007589 	 0.033734 	 0.088146
   37 	 0.006837 	 0.035765 	 0.101127
   38 	 0.007017 	 0.036427 	 0.112963
   39 	 0.012083 	 0.038932 	 0.081431
   40 	 0.006797 	 0.037438 	 0.084375
   41 	 0.011832 	 0.037687 	 0.083684
   42 	 0.010802 	 0.038242 	 0.083356
   43 	 0.010425 	 0.036683 	 0.074717
   44 	 0.009791 	 0.033462 	 0.073579
   45 	 0.009057 	 0.032268 	 0.071962
   46 	 0.013895 	 0.039230 	 0.075043
   47 	 0.006095 	 0.037623 	 0.075728
   48 	 0.010276 	 0.036002 	 0.066913
   49 	 0.007930 	 0.038117 	 0.076475
   50 	 0.010109 	 0.039075 	 0.077478
   51 	 0.012931 	 0.038712 	 0.077635
   52 	 0.009219 	 0.036737 	 0.062744
   53 	 0.006688 	 0.040905 	 0.140797
   54 	 0.014999 	 0.047967 	 0.149966
   55 	 0.011160 	 0.054075 	 0.163854
   56 	 0.010574 	 0.052753 	 0.152479
   57 	 0.012306 	 0.051837 	 0.172133
   58 	 0.007399 	 0.054936 	 0.170395
   59 	 0.008483 	 0.056326 	 0.133513
   60 	 0.012008 	 0.058920 	 0.143668
   61 	 0.012020 	 0.055585 	 0.139991
   62 	 0.011944 	 0.062269 	 0.167765
   63 	 0.007898 	 0.065881 	 0.133677
   64 	 0.011924 	 0.061832 	 0.126348
   65 	 0.013525 	 0.054859 	 0.139233
   66 	 0.009282 	 0.050825 	 0.155883
   67 	 0.012144 	 0.064175 	 0.167303
   68 	 0.010702 	 0.074940 	 0.184173
   69 	 0.008951 	 0.069226 	 0.160130
   70 	 0.007204 	 0.076708 	 0.217470
   71 	 0.010148 	 0.081523 	 0.188685
   72 	 0.011211 	 0.084961 	 0.220886
   73 	 0.011631 	 0.073713 	 0.152099
   74 	 0.011647 	 0.061563 	 0.135987
   75 	 0.012036 	 0.053718 	 0.127971
   76 	 0.009697 	 0.051158 	 0.132826
   77 	 0.008904 	 0.058940 	 0.130520
   78 	 0.012649 	 0.060247 	 0.143609
   79 	 0.015105 	 0.060878 	 0.142610
 