   0 	 0.002394 	 0.004647 	 0.009450
    1 	 0.002782 	 0.005140 	 0.011526
    2 	 0.002784 	 0.005549 	 0.012171
    3 	 0.003099 	 0.006163 	 0.010710
    4 	 0.003106 	 0.006622 	 0.011141
    5 	 0.003399 	 0.006942 	 0.012413
    6 	 0.003514 	 0.007185 	 0.012397
    7 	 0.004249 	 0.007855 	 0.012414
    8 	 0.004220 	 0.008205 	 0.016761
    9 	 0.004571 	 0.008635 	 0.016960
   10 	 0.004918 	 0.009584 	 0.017993
   11 	 0.005274 	 0.010307 	 0.018444
   12 	 0.005501 	 0.011446 	 0.020771
   13 	 0.005414 	 0.012277 	 0.020464
   14 	 0.005404 	 0.012372 	 0.022360
   15 	 0.007274 	 0.012460 	 0.022044
   16 	 0.007117 	 0.012220 	 0.022494
   17 	 0.005976 	 0.012609 	 0.022694
   18 	 0.007179 	 0.012671 	 0.023870
   19 	 0.005234 	 0.012811 	 0.027973
   20 	 0.006938 	 0.013293 	 0.023766
   21 	 0.006169 	 0.014704 	 0.028193
   22 	 0.005775 	 0.015305 	 0.035964
   23 	 0.006150 	 0.016661 	 0.035913
   24 	 0.008089 	 0.018221 	 0.036642
   25 	 0.008002 	 0.020612 	 0.043343
   26 	 0.007717 	 0.021381 	 0.042384
   27 	 0.004477 	 0.021696 	 0.043285
   28 	 0.007020 	 0.022205 	 0.046171
   29 	 0.006061 	 0.022093 	 0.046291
   30 	 0.005409 	 0.022225 	 0.058007
   31 	 0.007975 	 0.027725 	 0.054840
   32 	 0.007961 	 0.031656 	 0.055273
   33 	 0.010862 	 0.032799 	 0.054994
   34 	 0.009713 	 0.031779 	 0.052577
   35 	 0.007296 	 0.032328 	 0.055123
   36 	 0.007870 	 0.033733 	 0.061920
   37 	 0.007518 	 0.033670 	 0.051838
   38 	 0.007629 	 0.031448 	 0.052466
   39 	 0.009723 	 0.031840 	 0.063431
   40 	 0.009702 	 0.033497 	 0.065650
   41 	 0.009615 	 0.033296 	 0.070715
   42 	 0.007918 	 0.029813 	 0.083695
   43 	 0.010185 	 0.032687 	 0.088688
   44 	 0.008089 	 0.033814 	 0.087004
   45 	 0.009756 	 0.039407 	 0.086470
   46 	 0.009529 	 0.039073 	 0.081758
   47 	 0.010165 	 0.037801 	 0.107827
   48 	 0.008880 	 0.035517 	 0.105440
   49 	 0.010506 	 0.032604 	 0.098859
   50 	 0.008439 	 0.031101 	 0.071755
   51 	 0.008893 	 0.036647 	 0.103974
   52 	 0.007583 	 0.037323 	 0.105342
   53 	 0.009339 	 0.038434 	 0.098067
   54 	 0.009831 	 0.042694 	 0.100064
   55 	 0.008859 	 0.041674 	 0.100522
   56 	 0.006803 	 0.042983 	 0.103130
   57 	 0.006931 	 0.043317 	 0.108286
   58 	 0.007588 	 0.043673 	 0.103841
   59 	 0.006006 	 0.045418 	 0.111143
   60 	 0.010636 	 0.044867 	 0.111926
   61 	 0.007509 	 0.046749 	 0.113838
   62 	 0.011393 	 0.045191 	 0.110999
   63 	 0.007512 	 0.053022 	 0.116263
   64 	 0.009702 	 0.054266 	 0.142724
   65 	 0.008161 	 0.059295 	 0.132745
   66 	 0.011779 	 0.059756 	 0.166702
   67 	 0.009615 	 0.065407 	 0.177247
   68 	 0.008888 	 0.056224 	 0.136998
   69 	 0.014542 	 0.063745 	 0.136901
   70 	 0.010193 	 0.062880 	 0.154494
   71 	 0.012546 	 0.065559 	 0.143665
   72 	 0.011871 	 0.075669 	 0.152421
   73 	 0.018966 	 0.070206 	 0.148296
   74 	 0.016122 	 0.068666 	 0.136352
   75 	 0.011681 	 0.056206 	 0.201437
   76 	 0.014470 	 0.061511 	 0.204789
   77 	 0.014348 	 0.055249 	 0.128901
   78 	 0.009158 	 0.057138 	 0.135798
   79 	 0.006420 	 0.064912 	 0.152284
 