   0 	 0.002325 	 0.005071 	 0.014862
    1 	 0.002324 	 0.006271 	 0.015483
    2 	 0.002627 	 0.006646 	 0.014595
    3 	 0.003729 	 0.007569 	 0.017070
    4 	 0.003810 	 0.008675 	 0.016784
    5 	 0.003917 	 0.009965 	 0.017125
    6 	 0.005201 	 0.012033 	 0.018639
    7 	 0.005090 	 0.012101 	 0.018657
    8 	 0.006678 	 0.012628 	 0.022903
    9 	 0.007273 	 0.012601 	 0.022814
   10 	 0.007196 	 0.012579 	 0.028044
   11 	 0.006214 	 0.012511 	 0.021315
   12 	 0.006187 	 0.012495 	 0.021315
   13 	 0.006485 	 0.011855 	 0.021395
   14 	 0.006393 	 0.012589 	 0.021451
   15 	 0.006690 	 0.012401 	 0.021472
   16 	 0.006954 	 0.013252 	 0.029569
   17 	 0.006570 	 0.014411 	 0.033569
   18 	 0.005754 	 0.013879 	 0.034527
   19 	 0.004973 	 0.015142 	 0.042045
   20 	 0.006806 	 0.016808 	 0.045295
   21 	 0.007467 	 0.019817 	 0.049924
   22 	 0.009009 	 0.022865 	 0.052570
   23 	 0.008647 	 0.025047 	 0.062457
   24 	 0.008014 	 0.028191 	 0.065242
   25 	 0.006731 	 0.032589 	 0.069346
   26 	 0.011741 	 0.033456 	 0.070138
   27 	 0.011813 	 0.033729 	 0.070878
   28 	 0.008601 	 0.037760 	 0.071191
   29 	 0.010686 	 0.037656 	 0.079782
   30 	 0.010673 	 0.036147 	 0.075327
   31 	 0.010676 	 0.035733 	 0.077580
   32 	 0.010040 	 0.036711 	 0.078494
   33 	 0.009617 	 0.037498 	 0.077468
   34 	 0.011378 	 0.038226 	 0.081999
   35 	 0.010311 	 0.036514 	 0.080210
   36 	 0.009746 	 0.039271 	 0.083364
   37 	 0.007553 	 0.038962 	 0.080941
   38 	 0.007847 	 0.041507 	 0.093525
   39 	 0.009659 	 0.045786 	 0.097644
   40 	 0.011882 	 0.045903 	 0.106739
   41 	 0.011789 	 0.049919 	 0.135393
   42 	 0.009105 	 0.052924 	 0.114465
   43 	 0.010862 	 0.059041 	 0.121486
   44 	 0.010940 	 0.054283 	 0.139836
   45 	 0.012651 	 0.053122 	 0.140155
   46 	 0.010768 	 0.049575 	 0.136365
   47 	 0.009422 	 0.060607 	 0.153773
   48 	 0.011364 	 0.058989 	 0.170911
   49 	 0.011634 	 0.062480 	 0.165569
   50 	 0.009722 	 0.076790 	 0.194240
   51 	 0.013181 	 0.069866 	 0.185925
   52 	 0.010534 	 0.080581 	 0.204407
   53 	 0.016914 	 0.088627 	 0.206165
   54 	 0.011823 	 0.097502 	 0.193305
   55 	 0.011044 	 0.076930 	 0.195155
   56 	 0.012426 	 0.093749 	 0.195958
   57 	 0.012520 	 0.088551 	 0.215937
   58 	 0.010717 	 0.095043 	 0.246894
   59 	 0.016214 	 0.088049 	 0.238771
   60 	 0.014133 	 0.095037 	 0.264404
   61 	 0.017977 	 0.083044 	 0.225935
   62 	 0.016386 	 0.100815 	 0.244354
   63 	 0.013367 	 0.102437 	 0.230247
   64 	 0.013288 	 0.089001 	 0.250900
   65 	 0.017768 	 0.080047 	 0.253916
   66 	 0.013721 	 0.081814 	 0.237222
   67 	 0.010115 	 0.097310 	 0.261020
   68 	 0.013947 	 0.121407 	 0.309856
   69 	 0.011055 	 0.125563 	 0.285955
   70 	 0.014191 	 0.115522 	 0.293955
   71 	 0.008859 	 0.114234 	 0.285565
   72 	 0.008835 	 0.116651 	 0.260561
   73 	 0.013155 	 0.105767 	 0.261603
   74 	 0.015498 	 0.120329 	 0.290280
   75 	 0.011806 	 0.116267 	 0.260865
   76 	 0.011795 	 0.129602 	 0.262562
   77 	 0.020169 	 0.114544 	 0.275085
   78 	 0.013022 	 0.115211 	 0.339605
   79 	 0.015206 	 0.134448 	 0.415307
 