   0 	 0.001911 	 0.004710 	 0.010810
    1 	 0.002745 	 0.005171 	 0.011074
    2 	 0.003055 	 0.006070 	 0.012089
    3 	 0.003356 	 0.006372 	 0.011797
    4 	 0.003344 	 0.006830 	 0.014251
    5 	 0.003339 	 0.006832 	 0.012711
    6 	 0.003168 	 0.008272 	 0.018287
    7 	 0.003181 	 0.008807 	 0.018551
    8 	 0.003410 	 0.009477 	 0.018310
    9 	 0.003169 	 0.010101 	 0.018400
   10 	 0.004738 	 0.010660 	 0.018060
   11 	 0.005605 	 0.011039 	 0.019194
   12 	 0.005894 	 0.011519 	 0.018703
   13 	 0.004620 	 0.011455 	 0.031879
   14 	 0.005377 	 0.012723 	 0.032512
   15 	 0.006267 	 0.013276 	 0.032285
   16 	 0.005338 	 0.014721 	 0.032427
   17 	 0.006065 	 0.015549 	 0.029391
   18 	 0.005999 	 0.017834 	 0.030843
   19 	 0.008058 	 0.019182 	 0.032512
   20 	 0.007261 	 0.020116 	 0.042734
   21 	 0.006339 	 0.020736 	 0.041565
   22 	 0.007311 	 0.022349 	 0.044492
   23 	 0.007063 	 0.020430 	 0.042178
   24 	 0.006584 	 0.021164 	 0.041085
   25 	 0.007906 	 0.022160 	 0.045228
   26 	 0.008620 	 0.023663 	 0.044353
   27 	 0.007831 	 0.025684 	 0.053848
   28 	 0.007879 	 0.027882 	 0.056081
   29 	 0.012677 	 0.032615 	 0.056558
   30 	 0.011496 	 0.032224 	 0.063370
   31 	 0.011180 	 0.031449 	 0.070315
   32 	 0.008976 	 0.034636 	 0.079311
   33 	 0.008967 	 0.039434 	 0.080650
   34 	 0.006508 	 0.033790 	 0.084410
   35 	 0.007626 	 0.036829 	 0.084987
   36 	 0.006340 	 0.045751 	 0.086500
   37 	 0.013460 	 0.042346 	 0.083909
   38 	 0.010957 	 0.042926 	 0.085098
   39 	 0.010781 	 0.043051 	 0.103292
   40 	 0.007747 	 0.043891 	 0.099143
   41 	 0.010009 	 0.046365 	 0.101596
   42 	 0.010222 	 0.045781 	 0.091972
   43 	 0.010713 	 0.049995 	 0.091643
   44 	 0.009067 	 0.045289 	 0.083119
   45 	 0.009116 	 0.049267 	 0.093466
   46 	 0.009097 	 0.041038 	 0.089283
   47 	 0.010490 	 0.045681 	 0.095759
   48 	 0.014108 	 0.044386 	 0.093474
   49 	 0.010641 	 0.045575 	 0.085436
   50 	 0.011350 	 0.043887 	 0.107452
   51 	 0.010561 	 0.044143 	 0.111576
   52 	 0.009298 	 0.037902 	 0.112338
   53 	 0.010186 	 0.047914 	 0.112699
   54 	 0.009294 	 0.051143 	 0.114126
   55 	 0.011100 	 0.055790 	 0.148849
   56 	 0.008737 	 0.055282 	 0.133800
   57 	 0.011165 	 0.061170 	 0.209908
   58 	 0.009071 	 0.065547 	 0.198529
   59 	 0.010874 	 0.077940 	 0.196911
   60 	 0.011535 	 0.067413 	 0.193824
   61 	 0.011431 	 0.092969 	 0.213253
   62 	 0.011064 	 0.102565 	 0.207518
   63 	 0.018004 	 0.127116 	 0.244141
   64 	 0.014016 	 0.128709 	 0.239624
   65 	 0.014939 	 0.109711 	 0.276351
   66 	 0.010656 	 0.109927 	 0.259578
   67 	 0.012380 	 0.115356 	 0.298546
   68 	 0.015339 	 0.114765 	 0.225776
   69 	 0.011064 	 0.115392 	 0.267459
   70 	 0.012782 	 0.131916 	 0.312408
   71 	 0.017669 	 0.117477 	 0.260551
   72 	 0.013090 	 0.115557 	 0.274574
   73 	 0.016490 	 0.111433 	 0.323281
   74 	 0.011954 	 0.097109 	 0.200362
   75 	 0.010391 	 0.099367 	 0.196843
   76 	 0.017447 	 0.099612 	 0.216499
   77 	 0.011011 	 0.094065 	 0.233114
   78 	 0.013611 	 0.111039 	 0.265647
   79 	 0.009010 	 0.092369 	 0.243463
 