   0 	 0.002530 	 0.004656 	 0.010758
    1 	 0.002455 	 0.005126 	 0.010823
    2 	 0.003076 	 0.005855 	 0.012060
    3 	 0.002794 	 0.006840 	 0.014786
    4 	 0.002794 	 0.007619 	 0.015357
    5 	 0.003539 	 0.008079 	 0.013891
    6 	 0.003527 	 0.008572 	 0.013899
    7 	 0.004605 	 0.009319 	 0.014596
    8 	 0.004099 	 0.009319 	 0.013945
    9 	 0.005201 	 0.009345 	 0.016076
   10 	 0.005838 	 0.009402 	 0.013281
   11 	 0.004985 	 0.009556 	 0.017350
   12 	 0.004235 	 0.009615 	 0.014839
   13 	 0.005440 	 0.009848 	 0.018939
   14 	 0.005604 	 0.009783 	 0.016688
   15 	 0.005897 	 0.010829 	 0.017196
   16 	 0.005867 	 0.010396 	 0.017067
   17 	 0.005786 	 0.010240 	 0.016670
   18 	 0.006068 	 0.009839 	 0.014075
   19 	 0.006260 	 0.010005 	 0.015028
   20 	 0.004641 	 0.010544 	 0.019658
   21 	 0.004652 	 0.010535 	 0.015967
   22 	 0.005820 	 0.011305 	 0.018133
   23 	 0.006046 	 0.011500 	 0.017936
   24 	 0.005602 	 0.011841 	 0.018054
   25 	 0.005507 	 0.012074 	 0.019649
   26 	 0.005884 	 0.012261 	 0.022593
   27 	 0.005079 	 0.012360 	 0.020931
   28 	 0.005644 	 0.012632 	 0.024276
   29 	 0.005196 	 0.012537 	 0.020060
   30 	 0.005882 	 0.013282 	 0.024508
   31 	 0.005799 	 0.013238 	 0.024974
   32 	 0.006659 	 0.014433 	 0.036672
   33 	 0.006341 	 0.016393 	 0.037094
   34 	 0.007658 	 0.016989 	 0.048508
   35 	 0.008122 	 0.016453 	 0.049113
   36 	 0.007399 	 0.015532 	 0.048413
   37 	 0.005908 	 0.016711 	 0.047837
   38 	 0.004311 	 0.017354 	 0.047502
   39 	 0.005856 	 0.019426 	 0.049371
   40 	 0.008035 	 0.023132 	 0.049697
   41 	 0.008065 	 0.025897 	 0.051024
   42 	 0.009516 	 0.027312 	 0.053657
   43 	 0.008322 	 0.027514 	 0.053349
   44 	 0.007372 	 0.030840 	 0.054440
   45 	 0.007824 	 0.029467 	 0.054336
   46 	 0.007619 	 0.029139 	 0.053240
   47 	 0.010033 	 0.027548 	 0.050901
   48 	 0.009087 	 0.028310 	 0.076861
   49 	 0.008979 	 0.030912 	 0.086039
   50 	 0.008974 	 0.034117 	 0.082248
   51 	 0.007647 	 0.036034 	 0.090944
   52 	 0.007925 	 0.033664 	 0.091882
   53 	 0.009459 	 0.036636 	 0.093778
   54 	 0.011206 	 0.037099 	 0.093718
   55 	 0.010377 	 0.039356 	 0.099237
   56 	 0.009666 	 0.039992 	 0.098605
   57 	 0.007141 	 0.041661 	 0.098420
   58 	 0.014492 	 0.048422 	 0.108795
   59 	 0.011168 	 0.052249 	 0.105901
   60 	 0.010311 	 0.059585 	 0.155865
   61 	 0.007882 	 0.061637 	 0.101291
   62 	 0.011187 	 0.060784 	 0.102665
   63 	 0.015108 	 0.059876 	 0.105303
   64 	 0.010243 	 0.049367 	 0.102577
   65 	 0.008840 	 0.047138 	 0.096647
   66 	 0.007104 	 0.050862 	 0.107786
   67 	 0.011481 	 0.054184 	 0.103317
   68 	 0.013716 	 0.050546 	 0.105833
   69 	 0.009625 	 0.048690 	 0.106908
   70 	 0.010412 	 0.047874 	 0.103173
   71 	 0.009059 	 0.056849 	 0.108514
   72 	 0.010979 	 0.048634 	 0.107713
   73 	 0.012170 	 0.056490 	 0.110775
   74 	 0.011738 	 0.051843 	 0.115577
   75 	 0.010799 	 0.052661 	 0.128116
   76 	 0.011068 	 0.060038 	 0.115458
   77 	 0.009458 	 0.055775 	 0.113456
   78 	 0.015353 	 0.056631 	 0.108657
   79 	 0.009901 	 0.059580 	 0.107516
 