   0 	 0.002217 	 0.004529 	 0.008387
    1 	 0.002755 	 0.005157 	 0.010286
    2 	 0.002791 	 0.005662 	 0.011033
    3 	 0.003401 	 0.005981 	 0.012436
    4 	 0.003112 	 0.005973 	 0.012426
    5 	 0.003508 	 0.006879 	 0.015703
    6 	 0.003768 	 0.007643 	 0.021162
    7 	 0.003722 	 0.008957 	 0.017068
    8 	 0.004699 	 0.010470 	 0.020645
    9 	 0.003890 	 0.011569 	 0.020773
   10 	 0.004649 	 0.012054 	 0.023875
   11 	 0.005117 	 0.012980 	 0.025776
   12 	 0.004677 	 0.014842 	 0.026646
   13 	 0.004432 	 0.015044 	 0.026689
   14 	 0.004423 	 0.015429 	 0.025713
   15 	 0.004434 	 0.015636 	 0.032005
   16 	 0.004687 	 0.016794 	 0.031687
   17 	 0.008499 	 0.016543 	 0.035292
   18 	 0.006325 	 0.017615 	 0.035154
   19 	 0.007809 	 0.016678 	 0.035881
   20 	 0.006618 	 0.017132 	 0.035536
   21 	 0.005718 	 0.016012 	 0.027560
   22 	 0.005301 	 0.016260 	 0.028176
   23 	 0.005289 	 0.015551 	 0.026074
   24 	 0.005097 	 0.015933 	 0.036226
   25 	 0.005419 	 0.016411 	 0.041008
   26 	 0.006621 	 0.017437 	 0.038346
   27 	 0.005937 	 0.018465 	 0.041056
   28 	 0.006038 	 0.019641 	 0.038604
   29 	 0.004878 	 0.016950 	 0.036228
   30 	 0.004713 	 0.016648 	 0.036586
   31 	 0.004835 	 0.018573 	 0.037547
   32 	 0.007452 	 0.021402 	 0.058770
   33 	 0.006345 	 0.021393 	 0.055520
   34 	 0.007346 	 0.021067 	 0.052858
   35 	 0.007163 	 0.022697 	 0.055835
   36 	 0.008534 	 0.022650 	 0.042116
   37 	 0.011575 	 0.023462 	 0.042219
   38 	 0.009550 	 0.022961 	 0.037799
   39 	 0.007209 	 0.022908 	 0.035900
   40 	 0.009033 	 0.022810 	 0.045303
   41 	 0.008766 	 0.021474 	 0.046829
   42 	 0.009694 	 0.024898 	 0.076687
   43 	 0.008098 	 0.024466 	 0.079424
   44 	 0.007520 	 0.027203 	 0.077327
   45 	 0.011644 	 0.030873 	 0.077957
   46 	 0.010568 	 0.031763 	 0.071979
   47 	 0.010502 	 0.035742 	 0.078774
   48 	 0.012391 	 0.034152 	 0.076139
   49 	 0.008985 	 0.036626 	 0.082503
   50 	 0.007607 	 0.037984 	 0.086226
   51 	 0.010060 	 0.039604 	 0.104506
   52 	 0.007646 	 0.041966 	 0.109932
   53 	 0.008201 	 0.042027 	 0.113381
   54 	 0.010603 	 0.037577 	 0.113280
   55 	 0.011569 	 0.040883 	 0.107315
   56 	 0.011752 	 0.046217 	 0.104635
   57 	 0.008550 	 0.055685 	 0.116547
   58 	 0.011655 	 0.060949 	 0.118186
   59 	 0.019150 	 0.061281 	 0.129212
   60 	 0.016356 	 0.058209 	 0.116535
   61 	 0.006877 	 0.061132 	 0.118866
   62 	 0.006552 	 0.061951 	 0.133347
   63 	 0.009183 	 0.061838 	 0.143832
   64 	 0.009768 	 0.052688 	 0.141330
   65 	 0.013311 	 0.056272 	 0.125359
   66 	 0.012795 	 0.053280 	 0.126913
   67 	 0.011715 	 0.059724 	 0.125722
   68 	 0.010859 	 0.059984 	 0.123023
   69 	 0.009926 	 0.051865 	 0.124222
   70 	 0.011411 	 0.051159 	 0.142055
   71 	 0.011745 	 0.055394 	 0.122806
   72 	 0.006892 	 0.048423 	 0.128747
   73 	 0.008005 	 0.056214 	 0.115489
   74 	 0.012825 	 0.063459 	 0.128761
   75 	 0.010534 	 0.072493 	 0.189377
   76 	 0.007844 	 0.062254 	 0.161988
   77 	 0.013334 	 0.060856 	 0.170901
   78 	 0.011442 	 0.057532 	 0.180650
   79 	 0.016041 	 0.069549 	 0.198248
 