   0 	 0.002471 	 0.005130 	 0.017605
    1 	 0.002392 	 0.006486 	 0.021466
    2 	 0.002831 	 0.007861 	 0.021398
    3 	 0.003137 	 0.010241 	 0.021482
    4 	 0.003129 	 0.011819 	 0.019895
    5 	 0.004874 	 0.012763 	 0.024594
    6 	 0.006395 	 0.013813 	 0.028480
    7 	 0.006377 	 0.015251 	 0.043491
    8 	 0.005638 	 0.015249 	 0.039924
    9 	 0.006140 	 0.017701 	 0.042367
   10 	 0.007824 	 0.018677 	 0.043920
   11 	 0.007486 	 0.019114 	 0.058265
   12 	 0.007541 	 0.019654 	 0.055645
   13 	 0.006470 	 0.019785 	 0.045188
   14 	 0.005907 	 0.022216 	 0.046869
   15 	 0.007965 	 0.024991 	 0.043232
   16 	 0.011110 	 0.024132 	 0.047404
   17 	 0.007725 	 0.024860 	 0.046162
   18 	 0.011772 	 0.024897 	 0.045160
   19 	 0.010747 	 0.024187 	 0.045970
   20 	 0.009706 	 0.024959 	 0.047751
   21 	 0.007614 	 0.026738 	 0.053288
   22 	 0.008862 	 0.028376 	 0.048558
   23 	 0.009553 	 0.027343 	 0.047004
   24 	 0.009185 	 0.025316 	 0.048453
   25 	 0.006007 	 0.026529 	 0.055128
   26 	 0.007863 	 0.026520 	 0.043253
   27 	 0.007894 	 0.028691 	 0.047271
   28 	 0.006829 	 0.027661 	 0.047601
   29 	 0.005745 	 0.029420 	 0.056095
   30 	 0.007500 	 0.030606 	 0.056737
   31 	 0.012145 	 0.033578 	 0.069838
   32 	 0.008826 	 0.030840 	 0.086422
   33 	 0.012251 	 0.030557 	 0.077508
   34 	 0.009459 	 0.029182 	 0.078096
   35 	 0.009887 	 0.032117 	 0.082753
   36 	 0.009927 	 0.032724 	 0.117749
   37 	 0.006244 	 0.036013 	 0.120447
   38 	 0.010750 	 0.045883 	 0.129892
   39 	 0.007457 	 0.052990 	 0.131502
   40 	 0.007439 	 0.055476 	 0.131804
   41 	 0.007278 	 0.054791 	 0.116097
   42 	 0.009032 	 0.056964 	 0.143086
   43 	 0.013283 	 0.052763 	 0.147045
   44 	 0.008899 	 0.059975 	 0.156386
   45 	 0.010484 	 0.053147 	 0.140628
   46 	 0.007929 	 0.054849 	 0.155854
   47 	 0.010847 	 0.063972 	 0.165181
   48 	 0.011226 	 0.060303 	 0.145513
   49 	 0.011787 	 0.064484 	 0.163547
   50 	 0.010362 	 0.057977 	 0.158234
   51 	 0.010100 	 0.059319 	 0.147648
   52 	 0.009402 	 0.059602 	 0.151601
   53 	 0.012585 	 0.063916 	 0.149799
   54 	 0.008560 	 0.076926 	 0.178853
   55 	 0.012775 	 0.078500 	 0.188179
   56 	 0.008803 	 0.081775 	 0.191311
   57 	 0.011717 	 0.083579 	 0.213975
   58 	 0.011673 	 0.072875 	 0.201813
   59 	 0.012632 	 0.078773 	 0.209688
   60 	 0.012440 	 0.093809 	 0.205302
   61 	 0.015906 	 0.085440 	 0.232331
   62 	 0.010184 	 0.078505 	 0.179966
   63 	 0.011413 	 0.085246 	 0.195700
   64 	 0.009479 	 0.075389 	 0.173351
   65 	 0.015020 	 0.083343 	 0.204347
   66 	 0.014029 	 0.087234 	 0.219470
   67 	 0.009731 	 0.088900 	 0.302838
   68 	 0.014759 	 0.105320 	 0.333567
   69 	 0.006654 	 0.107050 	 0.278181
   70 	 0.016801 	 0.114832 	 0.315950
   71 	 0.013720 	 0.126922 	 0.290368
   72 	 0.015081 	 0.120752 	 0.310071
   73 	 0.008588 	 0.114767 	 0.321723
   74 	 0.011678 	 0.108993 	 0.312234
   75 	 0.011273 	 0.136772 	 0.348776
   76 	 0.016067 	 0.147334 	 0.356907
   77 	 0.018131 	 0.141971 	 0.482074
   78 	 0.014997 	 0.140945 	 0.411839
   79 	 0.010972 	 0.163509 	 0.455193
 