   0 	 0.002422 	 0.004749 	 0.011547
    1 	 0.002239 	 0.004974 	 0.011539
    2 	 0.002182 	 0.005531 	 0.011524
    3 	 0.001835 	 0.006436 	 0.011748
    4 	 0.003378 	 0.006811 	 0.013752
    5 	 0.003322 	 0.007769 	 0.014577
    6 	 0.003249 	 0.008451 	 0.014520
    7 	 0.003920 	 0.008728 	 0.015733
    8 	 0.003189 	 0.009890 	 0.018158
    9 	 0.005277 	 0.010503 	 0.018764
   10 	 0.004261 	 0.011208 	 0.019156
   11 	 0.004582 	 0.011815 	 0.020210
   12 	 0.005230 	 0.011942 	 0.021396
   13 	 0.005854 	 0.012226 	 0.018975
   14 	 0.005764 	 0.012763 	 0.021032
   15 	 0.005012 	 0.013841 	 0.023759
   16 	 0.004902 	 0.013722 	 0.023561
   17 	 0.004943 	 0.014027 	 0.021406
   18 	 0.006015 	 0.014759 	 0.024340
   19 	 0.006007 	 0.014412 	 0.024976
   20 	 0.006839 	 0.014533 	 0.023147
   21 	 0.007155 	 0.015338 	 0.026258
   22 	 0.006875 	 0.014942 	 0.022260
   23 	 0.005760 	 0.014889 	 0.027594
   24 	 0.007655 	 0.015213 	 0.027966
   25 	 0.006941 	 0.014852 	 0.028136
   26 	 0.006175 	 0.015206 	 0.028225
   27 	 0.005748 	 0.016376 	 0.034886
   28 	 0.008535 	 0.017505 	 0.033003
   29 	 0.007246 	 0.018153 	 0.032588
   30 	 0.006372 	 0.017993 	 0.035521
   31 	 0.006083 	 0.019802 	 0.039143
   32 	 0.005891 	 0.022130 	 0.039035
   33 	 0.005917 	 0.023649 	 0.039273
   34 	 0.006949 	 0.023925 	 0.039601
   35 	 0.008264 	 0.024199 	 0.047984
   36 	 0.007169 	 0.021409 	 0.040174
   37 	 0.006524 	 0.022437 	 0.043748
   38 	 0.008449 	 0.023552 	 0.051974
   39 	 0.008642 	 0.023410 	 0.052357
   40 	 0.007602 	 0.026544 	 0.053361
   41 	 0.007029 	 0.027845 	 0.057207
   42 	 0.007806 	 0.028956 	 0.062314
   43 	 0.008886 	 0.033957 	 0.061078
   44 	 0.008884 	 0.030350 	 0.065364
   45 	 0.008541 	 0.032293 	 0.063403
   46 	 0.006499 	 0.032788 	 0.063755
   47 	 0.011125 	 0.033171 	 0.087036
   48 	 0.014151 	 0.032893 	 0.063766
   49 	 0.010711 	 0.028286 	 0.061522
   50 	 0.011903 	 0.032818 	 0.059025
   51 	 0.008933 	 0.030566 	 0.058412
   52 	 0.006936 	 0.034849 	 0.060446
   53 	 0.012647 	 0.032176 	 0.059964
   54 	 0.009939 	 0.031067 	 0.063280
   55 	 0.007392 	 0.033693 	 0.072268
   56 	 0.007415 	 0.030166 	 0.067759
   57 	 0.007373 	 0.027900 	 0.063149
   58 	 0.007515 	 0.027533 	 0.063381
   59 	 0.006698 	 0.028973 	 0.059644
   60 	 0.005005 	 0.029806 	 0.059388
   61 	 0.009624 	 0.032183 	 0.064770
   62 	 0.008605 	 0.032167 	 0.072063
   63 	 0.011613 	 0.034323 	 0.074732
   64 	 0.010525 	 0.037684 	 0.091207
   65 	 0.009550 	 0.039782 	 0.089235
   66 	 0.009809 	 0.045829 	 0.093520
   67 	 0.009472 	 0.047177 	 0.109250
   68 	 0.013173 	 0.046866 	 0.121283
   69 	 0.008435 	 0.043298 	 0.121981
   70 	 0.009437 	 0.050078 	 0.125542
   71 	 0.010642 	 0.055343 	 0.127757
   72 	 0.012142 	 0.060247 	 0.136768
   73 	 0.007495 	 0.060046 	 0.137135
   74 	 0.006315 	 0.061042 	 0.140398
   75 	 0.008839 	 0.057620 	 0.131644
   76 	 0.010585 	 0.058170 	 0.124003
   77 	 0.008139 	 0.061189 	 0.127255
   78 	 0.011695 	 0.059369 	 0.148749
   79 	 0.013879 	 0.062949 	 0.177424
 