   0 	 0.002682 	 0.004668 	 0.009100
    1 	 0.002641 	 0.005143 	 0.011745
    2 	 0.002637 	 0.005490 	 0.012249
    3 	 0.002451 	 0.005859 	 0.011957
    4 	 0.003692 	 0.006643 	 0.013772
    5 	 0.003203 	 0.007050 	 0.013699
    6 	 0.004023 	 0.007644 	 0.016730
    7 	 0.004183 	 0.008350 	 0.019314
    8 	 0.003861 	 0.009558 	 0.027076
    9 	 0.004182 	 0.011067 	 0.027254
   10 	 0.004261 	 0.012299 	 0.026675
   11 	 0.005114 	 0.012849 	 0.028404
   12 	 0.005188 	 0.014437 	 0.027710
   13 	 0.004394 	 0.016930 	 0.029801
   14 	 0.008303 	 0.017333 	 0.031631
   15 	 0.006343 	 0.016768 	 0.030150
   16 	 0.005746 	 0.016594 	 0.040617
   17 	 0.005860 	 0.016239 	 0.040188
   18 	 0.005833 	 0.018325 	 0.040722
   19 	 0.006727 	 0.019562 	 0.040741
   20 	 0.008322 	 0.020440 	 0.040773
   21 	 0.008680 	 0.021838 	 0.042523
   22 	 0.010936 	 0.022941 	 0.051044
   23 	 0.009721 	 0.024561 	 0.059442
   24 	 0.007118 	 0.024710 	 0.059097
   25 	 0.005121 	 0.026402 	 0.049556
   26 	 0.009838 	 0.028308 	 0.049100
   27 	 0.009283 	 0.026275 	 0.051009
   28 	 0.007380 	 0.027527 	 0.050842
   29 	 0.010585 	 0.030046 	 0.050970
   30 	 0.008975 	 0.030640 	 0.050499
   31 	 0.006492 	 0.028599 	 0.050800
   32 	 0.006034 	 0.030501 	 0.054947
   33 	 0.009104 	 0.031009 	 0.054408
   34 	 0.007625 	 0.030659 	 0.058530
   35 	 0.008231 	 0.029671 	 0.059777
   36 	 0.007131 	 0.030939 	 0.063839
   37 	 0.007154 	 0.032564 	 0.063424
   38 	 0.008667 	 0.031458 	 0.064010
   39 	 0.008523 	 0.030487 	 0.063192
   40 	 0.007590 	 0.029524 	 0.068641
   41 	 0.010142 	 0.032043 	 0.066418
   42 	 0.009428 	 0.031457 	 0.089749
   43 	 0.006934 	 0.032634 	 0.091205
   44 	 0.006924 	 0.035598 	 0.087746
   45 	 0.008445 	 0.038710 	 0.094178
   46 	 0.010208 	 0.042171 	 0.112261
   47 	 0.008619 	 0.040319 	 0.097344
   48 	 0.008644 	 0.041579 	 0.102015
   49 	 0.008637 	 0.044688 	 0.102745
   50 	 0.009460 	 0.045226 	 0.100438
   51 	 0.006938 	 0.042828 	 0.095952
   52 	 0.011898 	 0.041192 	 0.091166
   53 	 0.009567 	 0.044183 	 0.091850
   54 	 0.010262 	 0.046272 	 0.092948
   55 	 0.008947 	 0.046064 	 0.102917
   56 	 0.008829 	 0.049427 	 0.103515
   57 	 0.011661 	 0.052536 	 0.116871
   58 	 0.006843 	 0.047985 	 0.120881
   59 	 0.010646 	 0.052073 	 0.124106
   60 	 0.010207 	 0.048765 	 0.125487
   61 	 0.011490 	 0.049089 	 0.121838
   62 	 0.010425 	 0.047638 	 0.102264
   63 	 0.008093 	 0.047069 	 0.104589
   64 	 0.009795 	 0.045131 	 0.101727
   65 	 0.008562 	 0.047410 	 0.112729
   66 	 0.009121 	 0.045074 	 0.102395
   67 	 0.012352 	 0.050098 	 0.115470
   68 	 0.011334 	 0.049832 	 0.109160
   69 	 0.010284 	 0.051102 	 0.117796
   70 	 0.010379 	 0.048406 	 0.116583
   71 	 0.007710 	 0.045535 	 0.119730
   72 	 0.010279 	 0.048939 	 0.109800
   73 	 0.008993 	 0.053020 	 0.112458
   74 	 0.008758 	 0.048937 	 0.112555
   75 	 0.012141 	 0.053105 	 0.116711
   76 	 0.009464 	 0.053211 	 0.117844
   77 	 0.010364 	 0.052825 	 0.111259
   78 	 0.009783 	 0.056596 	 0.114969
   79 	 0.011806 	 0.062793 	 0.124097
 