   0 	 0.002829 	 0.004835 	 0.009378
    1 	 0.002981 	 0.005113 	 0.014919
    2 	 0.003082 	 0.005484 	 0.018630
    3 	 0.003239 	 0.007083 	 0.018894
    4 	 0.003765 	 0.009653 	 0.020943
    5 	 0.003470 	 0.011938 	 0.022432
    6 	 0.004396 	 0.014423 	 0.022377
    7 	 0.003722 	 0.015361 	 0.030019
    8 	 0.003465 	 0.014953 	 0.031778
    9 	 0.006847 	 0.016591 	 0.032122
   10 	 0.007898 	 0.018102 	 0.038589
   11 	 0.007578 	 0.018675 	 0.038560
   12 	 0.006024 	 0.021192 	 0.041567
   13 	 0.007201 	 0.022001 	 0.041430
   14 	 0.007016 	 0.021737 	 0.041182
   15 	 0.008440 	 0.020864 	 0.035033
   16 	 0.008087 	 0.020883 	 0.036253
   17 	 0.009161 	 0.020753 	 0.033834
   18 	 0.007895 	 0.019737 	 0.052783
   19 	 0.007611 	 0.021055 	 0.057369
   20 	 0.007350 	 0.022181 	 0.056275
   21 	 0.006083 	 0.021187 	 0.065927
   22 	 0.006050 	 0.025350 	 0.067997
   23 	 0.007761 	 0.030560 	 0.067930
   24 	 0.010519 	 0.035287 	 0.063499
   25 	 0.009584 	 0.039290 	 0.067064
   26 	 0.011165 	 0.039597 	 0.064764
   27 	 0.008075 	 0.036507 	 0.071037
   28 	 0.008111 	 0.033468 	 0.083269
   29 	 0.008184 	 0.036225 	 0.084453
   30 	 0.007474 	 0.032445 	 0.084565
   31 	 0.008544 	 0.038047 	 0.094357
   32 	 0.008242 	 0.039153 	 0.096591
   33 	 0.008415 	 0.040346 	 0.105923
   34 	 0.008489 	 0.040142 	 0.110644
   35 	 0.010626 	 0.041600 	 0.106027
   36 	 0.011843 	 0.041887 	 0.111828
   37 	 0.008924 	 0.051537 	 0.123237
   38 	 0.010502 	 0.047522 	 0.110640
   39 	 0.011173 	 0.050118 	 0.106827
   40 	 0.011151 	 0.054502 	 0.117524
   41 	 0.011182 	 0.048644 	 0.131501
   42 	 0.008624 	 0.047360 	 0.123080
   43 	 0.007904 	 0.047254 	 0.122556
   44 	 0.011185 	 0.057126 	 0.135760
   45 	 0.009187 	 0.049525 	 0.138562
   46 	 0.009182 	 0.053772 	 0.135128
   47 	 0.009797 	 0.063544 	 0.129146
   48 	 0.010736 	 0.050963 	 0.141788
   49 	 0.009776 	 0.057177 	 0.163894
   50 	 0.008431 	 0.061355 	 0.173535
   51 	 0.008476 	 0.058135 	 0.161519
   52 	 0.008344 	 0.056380 	 0.173196
   53 	 0.009774 	 0.059269 	 0.171890
   54 	 0.009547 	 0.063221 	 0.162056
   55 	 0.007307 	 0.057987 	 0.164450
   56 	 0.010084 	 0.058718 	 0.133693
   57 	 0.015716 	 0.058782 	 0.140708
   58 	 0.010281 	 0.051076 	 0.139791
   59 	 0.012523 	 0.054831 	 0.154326
   60 	 0.011972 	 0.061211 	 0.183895
   61 	 0.008443 	 0.070056 	 0.161686
   62 	 0.009933 	 0.065751 	 0.139937
   63 	 0.008402 	 0.068048 	 0.154877
   64 	 0.007443 	 0.067190 	 0.161468
   65 	 0.010282 	 0.065776 	 0.163137
   66 	 0.012811 	 0.064298 	 0.150436
   67 	 0.005434 	 0.068095 	 0.160153
   68 	 0.011320 	 0.075501 	 0.181180
   69 	 0.009721 	 0.075334 	 0.189829
   70 	 0.007111 	 0.069504 	 0.157968
   71 	 0.010649 	 0.075504 	 0.161216
   72 	 0.014801 	 0.073726 	 0.169750
   73 	 0.013905 	 0.074304 	 0.228682
   74 	 0.010640 	 0.081366 	 0.213541
   75 	 0.009372 	 0.083007 	 0.220750
   76 	 0.013921 	 0.094528 	 0.221454
   77 	 0.011656 	 0.090370 	 0.245983
   78 	 0.013452 	 0.102552 	 0.240895
   79 	 0.013184 	 0.089849 	 0.245815
 