   0 	 0.001867 	 0.004737 	 0.009025
    1 	 0.002637 	 0.005297 	 0.008996
    2 	 0.002803 	 0.005785 	 0.012062
    3 	 0.003028 	 0.006650 	 0.012500
    4 	 0.003704 	 0.007136 	 0.014049
    5 	 0.003449 	 0.007817 	 0.016566
    6 	 0.003283 	 0.008467 	 0.020077
    7 	 0.003287 	 0.009567 	 0.025718
    8 	 0.003890 	 0.010819 	 0.025961
    9 	 0.003666 	 0.012908 	 0.027065
   10 	 0.005744 	 0.014836 	 0.033786
   11 	 0.005881 	 0.017452 	 0.038489
   12 	 0.008676 	 0.020788 	 0.039869
   13 	 0.005661 	 0.021935 	 0.037242
   14 	 0.006354 	 0.022934 	 0.044945
   15 	 0.006034 	 0.023048 	 0.045241
   16 	 0.007373 	 0.024148 	 0.047456
   17 	 0.007094 	 0.024555 	 0.056834
   18 	 0.007014 	 0.024540 	 0.083652
   19 	 0.006996 	 0.025566 	 0.084468
   20 	 0.008715 	 0.024653 	 0.086581
   21 	 0.008664 	 0.025784 	 0.084695
   22 	 0.006787 	 0.030666 	 0.103516
   23 	 0.009035 	 0.033965 	 0.102396
   24 	 0.007207 	 0.033476 	 0.075139
   25 	 0.009753 	 0.034821 	 0.091325
   26 	 0.009901 	 0.043356 	 0.094329
   27 	 0.010461 	 0.045979 	 0.091258
   28 	 0.009455 	 0.049504 	 0.098455
   29 	 0.009672 	 0.051734 	 0.106487
   30 	 0.010358 	 0.054080 	 0.103324
   31 	 0.013223 	 0.049327 	 0.100308
   32 	 0.012270 	 0.050167 	 0.113701
   33 	 0.007573 	 0.053155 	 0.114930
   34 	 0.012207 	 0.050101 	 0.119444
   35 	 0.009066 	 0.053958 	 0.129942
   36 	 0.009789 	 0.052515 	 0.126452
   37 	 0.008183 	 0.047826 	 0.108294
   38 	 0.010082 	 0.050837 	 0.116867
   39 	 0.008712 	 0.056026 	 0.132843
   40 	 0.011316 	 0.063347 	 0.160733
   41 	 0.013814 	 0.063959 	 0.143973
   42 	 0.007687 	 0.054543 	 0.142089
   43 	 0.014371 	 0.054342 	 0.131644
   44 	 0.007249 	 0.052644 	 0.123171
   45 	 0.007023 	 0.059736 	 0.171228
   46 	 0.006989 	 0.058014 	 0.194324
   47 	 0.005792 	 0.057745 	 0.193938
   48 	 0.011427 	 0.063802 	 0.227577
   49 	 0.007505 	 0.072037 	 0.208046
   50 	 0.007413 	 0.084902 	 0.333327
   51 	 0.008811 	 0.084814 	 0.299428
   52 	 0.006469 	 0.103717 	 0.339249
   53 	 0.010497 	 0.106574 	 0.331875
   54 	 0.010525 	 0.114417 	 0.491310
   55 	 0.007456 	 0.134290 	 0.580809
   56 	 0.007432 	 0.146260 	 0.501488
   57 	 0.012473 	 0.168463 	 0.544267
   58 	 0.011543 	 0.139574 	 0.446671
   59 	 0.009307 	 0.155057 	 0.467659
   60 	 0.013005 	 0.173200 	 0.457325
   61 	 0.011733 	 0.177023 	 0.568677
   62 	 0.009618 	 0.162966 	 0.655815
   63 	 0.012857 	 0.175614 	 0.568336
   64 	 0.014245 	 0.171006 	 0.504973
   65 	 0.011582 	 0.203421 	 0.610514
   66 	 0.012345 	 0.163892 	 0.478939
   67 	 0.014182 	 0.203995 	 0.527827
   68 	 0.014426 	 0.210322 	 0.557957
   69 	 0.011955 	 0.179210 	 0.464880
   70 	 0.011726 	 0.160366 	 0.437823
   71 	 0.011891 	 0.154470 	 0.515476
   72 	 0.012366 	 0.134228 	 0.456627
   73 	 0.010123 	 0.131985 	 0.527583
   74 	 0.009233 	 0.174491 	 0.557539
   75 	 0.011764 	 0.161719 	 0.585146
   76 	 0.016574 	 0.154596 	 0.572947
   77 	 0.009699 	 0.165538 	 0.530718
   78 	 0.012727 	 0.169365 	 0.536177
   79 	 0.014122 	 0.115199 	 0.344820
 