   0 	 0.002258 	 0.004397 	 0.009202
    1 	 0.002283 	 0.004835 	 0.008057
    2 	 0.002692 	 0.005121 	 0.008092
    3 	 0.002713 	 0.005750 	 0.010385
    4 	 0.002799 	 0.006431 	 0.014133
    5 	 0.003616 	 0.006527 	 0.015230
    6 	 0.004000 	 0.007600 	 0.020652
    7 	 0.004680 	 0.008181 	 0.020934
    8 	 0.004737 	 0.010258 	 0.021048
    9 	 0.005079 	 0.010876 	 0.034682
   10 	 0.004751 	 0.010524 	 0.034583
   11 	 0.005852 	 0.012180 	 0.040669
   12 	 0.004846 	 0.012921 	 0.041531
   13 	 0.004786 	 0.014288 	 0.040518
   14 	 0.005246 	 0.016703 	 0.041645
   15 	 0.005280 	 0.017275 	 0.035618
   16 	 0.005157 	 0.020716 	 0.045763
   17 	 0.005957 	 0.020630 	 0.045533
   18 	 0.009523 	 0.022944 	 0.053922
   19 	 0.010543 	 0.023790 	 0.067407
   20 	 0.008932 	 0.026805 	 0.072789
   21 	 0.007698 	 0.028570 	 0.073437
   22 	 0.007132 	 0.029250 	 0.072504
   23 	 0.006578 	 0.033294 	 0.144504
   24 	 0.006521 	 0.042866 	 0.151003
   25 	 0.010003 	 0.053476 	 0.154212
   26 	 0.011939 	 0.066401 	 0.154689
   27 	 0.012760 	 0.068031 	 0.173286
   28 	 0.012131 	 0.059082 	 0.156377
   29 	 0.011521 	 0.061973 	 0.157040
   30 	 0.006378 	 0.068405 	 0.163445
   31 	 0.010736 	 0.069039 	 0.174405
   32 	 0.013452 	 0.084284 	 0.188251
   33 	 0.021305 	 0.097498 	 0.220160
   34 	 0.011313 	 0.083168 	 0.179367
   35 	 0.017912 	 0.089561 	 0.212377
   36 	 0.013923 	 0.084701 	 0.219580
   37 	 0.018311 	 0.075746 	 0.163039
   38 	 0.014998 	 0.077457 	 0.214722
   39 	 0.012725 	 0.076501 	 0.279081
   40 	 0.010475 	 0.085851 	 0.326614
   41 	 0.011926 	 0.082054 	 0.320386
   42 	 0.011828 	 0.079294 	 0.317379
   43 	 0.007921 	 0.100292 	 0.337246
   44 	 0.015764 	 0.122700 	 0.353960
   45 	 0.011253 	 0.147333 	 0.440028
   46 	 0.013491 	 0.163855 	 0.451018
   47 	 0.009362 	 0.180090 	 0.396988
   48 	 0.012347 	 0.161332 	 0.394158
   49 	 0.008022 	 0.159861 	 0.431177
   50 	 0.013118 	 0.152181 	 0.440730
   51 	 0.011710 	 0.155775 	 0.459757
   52 	 0.013144 	 0.148826 	 0.484305
   53 	 0.011879 	 0.161611 	 0.509007
   54 	 0.012382 	 0.153523 	 0.438941
   55 	 0.013195 	 0.154799 	 0.493373
   56 	 0.008945 	 0.167291 	 0.553238
   57 	 0.010331 	 0.146958 	 0.404845
   58 	 0.012615 	 0.170708 	 0.529641
   59 	 0.011442 	 0.166565 	 0.508553
   60 	 0.012179 	 0.189030 	 0.449663
   61 	 0.011646 	 0.184909 	 0.506391
   62 	 0.020502 	 0.201572 	 0.587161
   63 	 0.014389 	 0.205047 	 0.597413
   64 	 0.013642 	 0.229524 	 0.510322
   65 	 0.014358 	 0.229488 	 0.591215
   66 	 0.011354 	 0.219137 	 0.670490
   67 	 0.015946 	 0.262097 	 0.712038
   68 	 0.011260 	 0.263010 	 0.674642
   69 	 0.013546 	 0.280576 	 0.643988
   70 	 0.006522 	 0.238936 	 0.716406
   71 	 0.008749 	 0.200749 	 0.574614
   72 	 0.013858 	 0.210094 	 0.593891
   73 	 0.013196 	 0.223324 	 0.727123
   74 	 0.021054 	 0.276634 	 0.730447
   75 	 0.011675 	 0.205567 	 0.631366
   76 	 0.010729 	 0.238496 	 0.614451
   77 	 0.006094 	 0.187714 	 0.692274
   78 	 0.012338 	 0.215688 	 0.611635
   79 	 0.013708 	 0.218878 	 0.680739
 