   0 	 0.002265 	 0.004720 	 0.010077
    1 	 0.002160 	 0.005008 	 0.010672
    2 	 0.002457 	 0.005804 	 0.010985
    3 	 0.002452 	 0.006908 	 0.013226
    4 	 0.002407 	 0.007629 	 0.013223
    5 	 0.004247 	 0.008546 	 0.013224
    6 	 0.004775 	 0.008721 	 0.015762
    7 	 0.004869 	 0.009091 	 0.016655
    8 	 0.004863 	 0.010113 	 0.016805
    9 	 0.005004 	 0.009839 	 0.016885
   10 	 0.004587 	 0.011604 	 0.020912
   11 	 0.004601 	 0.011682 	 0.021357
   12 	 0.005883 	 0.012110 	 0.026086
   13 	 0.005962 	 0.013495 	 0.026195
   14 	 0.005499 	 0.012787 	 0.026501
   15 	 0.006018 	 0.013451 	 0.025987
   16 	 0.006004 	 0.014627 	 0.032568
   17 	 0.006483 	 0.015465 	 0.033532
   18 	 0.007420 	 0.015881 	 0.036806
   19 	 0.005853 	 0.015143 	 0.033104
   20 	 0.007968 	 0.017861 	 0.036932
   21 	 0.005843 	 0.017966 	 0.039999
   22 	 0.006279 	 0.019095 	 0.038227
   23 	 0.004699 	 0.018639 	 0.037320
   24 	 0.007429 	 0.020021 	 0.043101
   25 	 0.006592 	 0.021635 	 0.061265
   26 	 0.009351 	 0.022015 	 0.064376
   27 	 0.008983 	 0.026055 	 0.062398
   28 	 0.009419 	 0.026688 	 0.066183
   29 	 0.009919 	 0.026516 	 0.054188
   30 	 0.009469 	 0.028263 	 0.060978
   31 	 0.009708 	 0.028860 	 0.058983
   32 	 0.007411 	 0.027391 	 0.051955
   33 	 0.006544 	 0.028722 	 0.054743
   34 	 0.008216 	 0.027500 	 0.045962
   35 	 0.009693 	 0.029889 	 0.058760
   36 	 0.009242 	 0.026815 	 0.051165
   37 	 0.008603 	 0.026919 	 0.047779
   38 	 0.006517 	 0.028821 	 0.056359
   39 	 0.008286 	 0.029238 	 0.049839
   40 	 0.009792 	 0.030650 	 0.066913
   41 	 0.008498 	 0.031780 	 0.066053
   42 	 0.006021 	 0.036820 	 0.094424
   43 	 0.008868 	 0.041131 	 0.112188
   44 	 0.006916 	 0.041435 	 0.095776
   45 	 0.008330 	 0.043053 	 0.112552
   46 	 0.006731 	 0.044199 	 0.108933
   47 	 0.005131 	 0.039788 	 0.109551
   48 	 0.009695 	 0.051593 	 0.128158
   49 	 0.011400 	 0.060132 	 0.128242
   50 	 0.010042 	 0.053516 	 0.120455
   51 	 0.009276 	 0.049553 	 0.123528
   52 	 0.008782 	 0.052485 	 0.117809
   53 	 0.012580 	 0.052002 	 0.104211
   54 	 0.011005 	 0.052722 	 0.112870
   55 	 0.006554 	 0.059545 	 0.128009
   56 	 0.010660 	 0.053412 	 0.115209
   57 	 0.009231 	 0.051641 	 0.121798
   58 	 0.009531 	 0.056306 	 0.119716
   59 	 0.014461 	 0.062629 	 0.127721
   60 	 0.009885 	 0.063890 	 0.132292
   61 	 0.014434 	 0.057836 	 0.136021
   62 	 0.014986 	 0.061115 	 0.145484
   63 	 0.010686 	 0.058565 	 0.146314
   64 	 0.011362 	 0.068297 	 0.171280
   65 	 0.008142 	 0.072156 	 0.169090
   66 	 0.009589 	 0.070035 	 0.158842
   67 	 0.015196 	 0.078448 	 0.238458
   68 	 0.013077 	 0.081762 	 0.177561
   69 	 0.009333 	 0.073309 	 0.183064
   70 	 0.007599 	 0.068082 	 0.197399
   71 	 0.009511 	 0.083900 	 0.187497
   72 	 0.013679 	 0.088078 	 0.178761
   73 	 0.013445 	 0.086241 	 0.179175
   74 	 0.013882 	 0.096730 	 0.194078
   75 	 0.010991 	 0.099433 	 0.209429
   76 	 0.008615 	 0.090369 	 0.237086
   77 	 0.006577 	 0.094892 	 0.211878
   78 	 0.011965 	 0.106540 	 0.225016
   79 	 0.019652 	 0.107274 	 0.243040
 