   0 	 0.002940 	 0.004870 	 0.009240
    1 	 0.002945 	 0.005331 	 0.008945
    2 	 0.002982 	 0.006186 	 0.015753
    3 	 0.003567 	 0.006887 	 0.016188
    4 	 0.003571 	 0.007810 	 0.016143
    5 	 0.003844 	 0.008366 	 0.016310
    6 	 0.004676 	 0.009522 	 0.024941
    7 	 0.004485 	 0.009529 	 0.026125
    8 	 0.005484 	 0.012403 	 0.029132
    9 	 0.005083 	 0.013983 	 0.030174
   10 	 0.005189 	 0.015725 	 0.030075
   11 	 0.004884 	 0.017081 	 0.031539
   12 	 0.005573 	 0.018533 	 0.031664
   13 	 0.009015 	 0.018112 	 0.032292
   14 	 0.009179 	 0.017770 	 0.036465
   15 	 0.007020 	 0.018459 	 0.042494
   16 	 0.006844 	 0.019472 	 0.038658
   17 	 0.005631 	 0.019728 	 0.038353
   18 	 0.007770 	 0.020445 	 0.039896
   19 	 0.007122 	 0.020191 	 0.036485
   20 	 0.007153 	 0.022104 	 0.044671
   21 	 0.007464 	 0.022686 	 0.043887
   22 	 0.008063 	 0.022925 	 0.037437
   23 	 0.008031 	 0.023811 	 0.059209
   24 	 0.008683 	 0.024274 	 0.054372
   25 	 0.008392 	 0.025282 	 0.062656
   26 	 0.007445 	 0.025126 	 0.062504
   27 	 0.009726 	 0.027204 	 0.066172
   28 	 0.008608 	 0.028126 	 0.060402
   29 	 0.009768 	 0.026880 	 0.062531
   30 	 0.009329 	 0.029077 	 0.062609
   31 	 0.008138 	 0.032186 	 0.063718
   32 	 0.008175 	 0.037001 	 0.064319
   33 	 0.009081 	 0.035597 	 0.064170
   34 	 0.007740 	 0.036383 	 0.060967
   35 	 0.007374 	 0.034293 	 0.069883
   36 	 0.009013 	 0.037108 	 0.094164
   37 	 0.009277 	 0.038450 	 0.095305
   38 	 0.007522 	 0.039072 	 0.084724
   39 	 0.011151 	 0.036403 	 0.107600
   40 	 0.008817 	 0.036924 	 0.105846
   41 	 0.007368 	 0.036972 	 0.098107
   42 	 0.006129 	 0.042967 	 0.103868
   43 	 0.007464 	 0.042147 	 0.103096
   44 	 0.010489 	 0.048915 	 0.102702
   45 	 0.009253 	 0.051203 	 0.112027
   46 	 0.008806 	 0.054761 	 0.121023
   47 	 0.008851 	 0.060697 	 0.126474
   48 	 0.012188 	 0.066849 	 0.129821
   49 	 0.015345 	 0.064634 	 0.131634
   50 	 0.011696 	 0.057702 	 0.116288
   51 	 0.009156 	 0.049486 	 0.112639
   52 	 0.010771 	 0.052438 	 0.121446
   53 	 0.010791 	 0.056390 	 0.124061
   54 	 0.008713 	 0.053698 	 0.113085
   55 	 0.007747 	 0.053487 	 0.120726
   56 	 0.012628 	 0.063224 	 0.127800
   57 	 0.012457 	 0.061585 	 0.126061
   58 	 0.012108 	 0.064101 	 0.124793
   59 	 0.008363 	 0.070796 	 0.132695
   60 	 0.010743 	 0.061817 	 0.128042
   61 	 0.010148 	 0.061333 	 0.136344
   62 	 0.007504 	 0.061411 	 0.131621
   63 	 0.010478 	 0.064637 	 0.135825
   64 	 0.011565 	 0.066786 	 0.145625
   65 	 0.012543 	 0.067816 	 0.144576
   66 	 0.012611 	 0.065054 	 0.156846
   67 	 0.008376 	 0.069428 	 0.139858
   68 	 0.013659 	 0.061497 	 0.140088
   69 	 0.010720 	 0.062129 	 0.137496
   70 	 0.012935 	 0.068223 	 0.128388
   71 	 0.012114 	 0.054366 	 0.141972
   72 	 0.012025 	 0.054103 	 0.137314
   73 	 0.010382 	 0.063245 	 0.136784
   74 	 0.012641 	 0.068304 	 0.136547
   75 	 0.016010 	 0.071187 	 0.135640
   76 	 0.015777 	 0.065092 	 0.129923
   77 	 0.006346 	 0.056621 	 0.138380
   78 	 0.013571 	 0.055130 	 0.116806
   79 	 0.011289 	 0.056935 	 0.138622
 