   0 	 0.002775 	 0.004753 	 0.009349
    1 	 0.002753 	 0.004997 	 0.009288
    2 	 0.002526 	 0.005875 	 0.011414
    3 	 0.003045 	 0.006555 	 0.014375
    4 	 0.003547 	 0.006930 	 0.014529
    5 	 0.003533 	 0.007351 	 0.017195
    6 	 0.003834 	 0.007686 	 0.021421
    7 	 0.004007 	 0.007612 	 0.021162
    8 	 0.003745 	 0.007914 	 0.021093
    9 	 0.002999 	 0.008319 	 0.021293
   10 	 0.003776 	 0.009094 	 0.017217
   11 	 0.004571 	 0.010958 	 0.018933
   12 	 0.005004 	 0.011508 	 0.019337
   13 	 0.005175 	 0.011980 	 0.021496
   14 	 0.006732 	 0.013324 	 0.022644
   15 	 0.006291 	 0.014004 	 0.022836
   16 	 0.006317 	 0.013595 	 0.026064
   17 	 0.004742 	 0.013710 	 0.026274
   18 	 0.004885 	 0.016235 	 0.029161
   19 	 0.007639 	 0.017020 	 0.029309
   20 	 0.006904 	 0.016712 	 0.043921
   21 	 0.007555 	 0.016861 	 0.028035
   22 	 0.007055 	 0.016969 	 0.028711
   23 	 0.006281 	 0.017409 	 0.037994
   24 	 0.006267 	 0.018089 	 0.034011
   25 	 0.005316 	 0.019550 	 0.035611
   26 	 0.004746 	 0.019058 	 0.045218
   27 	 0.005546 	 0.019757 	 0.035133
   28 	 0.005079 	 0.019753 	 0.034717
   29 	 0.010192 	 0.020965 	 0.039259
   30 	 0.006777 	 0.020013 	 0.037264
   31 	 0.006652 	 0.020428 	 0.050269
   32 	 0.006716 	 0.020717 	 0.049107
   33 	 0.006765 	 0.020892 	 0.045238
   34 	 0.007945 	 0.023652 	 0.048183
   35 	 0.005139 	 0.023793 	 0.047686
   36 	 0.007947 	 0.026075 	 0.049452
   37 	 0.010374 	 0.028114 	 0.049069
   38 	 0.006106 	 0.029947 	 0.059932
   39 	 0.008984 	 0.029287 	 0.060477
   40 	 0.012693 	 0.030903 	 0.061219
   41 	 0.009401 	 0.028337 	 0.061995
   42 	 0.010940 	 0.025836 	 0.051437
   43 	 0.007060 	 0.026768 	 0.052943
   44 	 0.008427 	 0.025849 	 0.053134
   45 	 0.008305 	 0.026970 	 0.046639
   46 	 0.007959 	 0.028936 	 0.047911
   47 	 0.009091 	 0.028461 	 0.055343
   48 	 0.008156 	 0.028172 	 0.054376
   49 	 0.006628 	 0.029524 	 0.058720
   50 	 0.010719 	 0.027583 	 0.057363
   51 	 0.008610 	 0.028079 	 0.056065
   52 	 0.007968 	 0.029679 	 0.056730
   53 	 0.007996 	 0.031049 	 0.058354
   54 	 0.009823 	 0.029701 	 0.057068
   55 	 0.007505 	 0.027496 	 0.056581
   56 	 0.014737 	 0.028377 	 0.058073
   57 	 0.010683 	 0.028596 	 0.057272
   58 	 0.006664 	 0.028898 	 0.059465
   59 	 0.009938 	 0.029012 	 0.073534
   60 	 0.009910 	 0.029646 	 0.059082
   61 	 0.009033 	 0.030224 	 0.070190
   62 	 0.009304 	 0.029231 	 0.074345
   63 	 0.009339 	 0.033076 	 0.072281
   64 	 0.010065 	 0.034653 	 0.075891
   65 	 0.007435 	 0.034611 	 0.093923
   66 	 0.007416 	 0.034919 	 0.097806
   67 	 0.008058 	 0.037189 	 0.096297
   68 	 0.011977 	 0.040395 	 0.134437
   69 	 0.011459 	 0.033897 	 0.093255
   70 	 0.005735 	 0.032399 	 0.087890
   71 	 0.010554 	 0.034423 	 0.089289
   72 	 0.008366 	 0.039409 	 0.096759
   73 	 0.008390 	 0.044895 	 0.093505
   74 	 0.007924 	 0.044271 	 0.093090
   75 	 0.008886 	 0.044862 	 0.107633
   76 	 0.012724 	 0.045442 	 0.116446
   77 	 0.010316 	 0.051457 	 0.110649
   78 	 0.014020 	 0.054008 	 0.109193
   79 	 0.007413 	 0.051147 	 0.113358
 