   0 	 0.013832 	 0.097356 	 1.627604
    1 	 0.021701 	 0.432684 	 1.953125
    2 	 0.044188 	 0.765863 	 1.953125
    3 	 0.049321 	 1.332556 	 1.953125
    4 	 0.238186 	 1.494854 	 1.953125
    5 	 0.096689 	 1.598342 	 1.953125
    6 	 0.096689 	 1.648159 	 1.953125
    7 	 0.256990 	 1.653337 	 1.953125
    8 	 0.263936 	 1.676181 	 1.953125
    9 	 0.141531 	 1.585167 	 1.953125
   10 	 0.095741 	 1.625889 	 1.953125
   11 	 0.256990 	 1.702417 	 1.953125
   12 	 0.049321 	 1.639746 	 1.953125
   13 	 0.256990 	 1.717666 	 1.953125
   14 	 1.627604 	 1.774088 	 1.953125
   15 	 0.042645 	 1.707526 	 1.953125
   16 	 0.256990 	 1.733942 	 1.953125
   17 	 0.256990 	 1.740265 	 1.953125
   18 	 1.627604 	 1.844618 	 1.953125
   19 	 1.627604 	 1.888021 	 1.953125
   20 	 1.627604 	 1.915148 	 1.953125
   21 	 0.256990 	 1.885852 	 1.953125
   22 	 0.049321 	 1.861266 	 1.953125
   23 	 0.574449 	 1.901744 	 1.953125
   24 	 0.114890 	 1.917063 	 1.953125
   25 	 0.465030 	 1.922898 	 1.953125
   26 	 1.627604 	 1.947700 	 1.953125
   27 	 0.574449 	 1.915680 	 1.953125
   28 	 1.085070 	 1.938658 	 1.953125
   29 	 1.085070 	 1.938658 	 1.953125
   30 	 1.953125 	 1.953125 	 1.953125
   31 	 0.263936 	 1.924972 	 1.953125
   32 	 0.263936 	 1.924972 	 1.953125
   33 	 0.263936 	 1.892607 	 1.953125
   34 	 1.627604 	 1.947700 	 1.953125
   35 	 1.953125 	 1.953125 	 1.953125
   36 	 0.751202 	 1.933093 	 1.953125
   37 	 0.114890 	 1.882424 	 1.953125
   38 	 0.042645 	 1.903108 	 4.882807
   39 	 0.141531 	 2.069416 	 4.882807
   40 	 0.096689 	 2.368395 	 4.882807
   41 	 1.953125 	 2.718098 	 4.882807
   42 	 1.953125 	 3.279620 	 9.765615
   43 	 1.953125 	 4.370113 	 9.765615
   44 	 0.120563 	 5.828826 	 9.765615
   45 	 1.953125 	 7.421867 	 9.765615
   46 	 4.882807 	 8.626293 	 9.765615
   47 	 1.085069 	 9.165210 	 9.765615
   48 	 0.574449 	 9.368288 	 9.765615
   49 	 9.765615 	 9.765615 	 9.765615
   50 	 0.043403 	 9.450392 	 9.765615
   51 	 0.150240 	 9.295922 	 9.765615
   52 	 0.043403 	 9.473370 	 9.765615
   53 	 0.120563 	 9.321469 	 9.765615
   54 	 9.765615 	 9.765615 	 9.765615
   55 	 1.085069 	 9.498869 	 9.765615
   56 	 9.765615 	 9.765615 	 9.765615
   57 	 9.765615 	 9.765615 	 9.765615
   58 	 4.882807 	 9.684234 	 9.765615
   59 	 9.765615 	 9.765615 	 9.765615
   60 	 9.765615 	 9.765615 	 9.765615
   61 	 9.765615 	 9.765615 	 9.765615
   62 	 9.765615 	 9.765615 	 9.765615
   63 	 0.390625 	 9.609365 	 9.765615
   64 	 0.120563 	 9.313905 	 9.765615
   65 	 1.953125 	 9.635406 	 9.765615
   66 	 4.882807 	 9.684234 	 9.765615
   67 	 0.037999 	 9.522108 	 9.765615
   68 	 0.120563 	 9.523484 	 9.765615
   69 	 0.150240 	 9.379302 	 9.765615
   70 	 0.150240 	 9.605358 	 9.765615
   71 	 0.574449 	 9.612428 	 9.765615
   72 	 9.765615 	 9.765615 	 9.765615
   73 	 9.765615 	 9.765615 	 9.765615
   74 	 0.037999 	 9.311243 	 9.765615
   75 	 0.390625 	 9.479157 	 9.765615
   76 	 4.882807 	 9.684234 	 9.765615
   77 	 9.765615 	 9.765615 	 9.765615
   78 	 0.037999 	 9.603488 	 9.765615
   79 	 2.441407 	 9.643544 	 9.765615
 