   0 	 0.018288 	 0.062304 	 0.336746
    1 	 0.020559 	 0.091192 	 0.390625
    2 	 0.030048 	 0.167722 	 0.542535
    3 	 0.034265 	 0.233019 	 0.542535
    4 	 0.066888 	 0.308688 	 0.542535
    5 	 0.105007 	 0.365867 	 0.542535
    6 	 0.157510 	 0.444431 	 4.882807
    7 	 0.105007 	 0.923643 	 4.882807
    8 	 0.287224 	 3.200553 	 9.765615
    9 	 0.375601 	 4.159540 	 4.882807
   10 	 0.390625 	 4.807938 	 4.882807
   11 	 0.375601 	 4.807687 	 4.882807
   12 	 4.882807 	 4.882807 	 4.882807
   13 	 4.882807 	 4.882807 	 4.882807
   14 	 0.147964 	 4.803893 	 4.882807
   15 	 0.037851 	 4.802058 	 4.882807
   16 	 0.119093 	 4.803412 	 4.882807
   17 	 0.119093 	 4.884792 	 9.765615
   18 	 0.375601 	 4.889067 	 9.765615
   19 	 4.882807 	 5.126948 	 9.765615
   20 	 0.043211 	 4.783747 	 9.765615
   21 	 0.150240 	 5.292212 	 9.765615
   22 	 4.882807 	 5.371088 	 9.765615
   23 	 0.976562 	 6.119785 	 9.765615
   24 	 0.574449 	 7.067943 	 9.765615
   25 	 0.574449 	 7.984826 	 9.765615
   26 	 4.882807 	 8.626293 	 9.765615
   27 	 1.085069 	 8.888518 	 9.765615
   28 	 4.882807 	 9.195954 	 9.765615
   29 	 4.882807 	 9.358714 	 9.765615
   30 	 0.390625 	 9.450511 	 10.000000
   31 	 0.150240 	 9.222355 	 10.000000
   32 	 9.765615 	 9.773427 	 10.000000
   33 	 4.882807 	 9.688141 	 10.000000
   34 	 0.037999 	 9.611301 	 10.000000
   35 	 0.150240 	 9.617078 	 10.000000
   36 	 0.150240 	 9.609265 	 10.000000
   37 	 0.043403 	 9.615297 	 10.000000
   38 	 0.120563 	 9.475814 	 10.000000
   39 	 0.150240 	 9.486869 	 10.000000
   40 	 0.120563 	 9.471907 	 10.000000
   41 	 0.150240 	 9.613171 	 10.000000
   42 	 0.390625 	 9.613271 	 10.000000
   43 	 9.765615 	 9.773427 	 10.000000
   44 	 0.150240 	 9.613171 	 10.000000
   45 	 0.043403 	 9.619203 	 10.000000
   46 	 9.765615 	 9.789053 	 10.000000
   47 	 9.765615 	 9.781240 	 10.000000
   48 	 0.574449 	 9.631961 	 10.000000
   49 	 9.765615 	 9.785147 	 10.000000
   50 	 9.765615 	 9.785147 	 10.000000
   51 	 9.765615 	 9.800772 	 10.000000
   52 	 0.037999 	 9.343565 	 10.000000
   53 	 9.765615 	 9.824211 	 10.000000
   54 	 1.953125 	 9.686190 	 10.000000
   55 	 0.037999 	 9.626926 	 10.000000
   56 	 9.765615 	 9.777334 	 10.000000
   57 	 9.765615 	 9.773427 	 10.000000
   58 	 9.765615 	 9.777334 	 10.000000
   59 	 1.953125 	 9.643219 	 10.000000
   60 	 0.150240 	 9.348848 	 10.000000
   61 	 9.765615 	 9.765615 	 9.765615
   62 	 9.765615 	 9.765615 	 9.765615
   63 	 9.765615 	 9.765615 	 9.765615
   64 	 9.765615 	 9.765615 	 9.765615
   65 	 0.150240 	 9.449109 	 9.765615
   66 	 9.765615 	 9.765615 	 9.765615
   67 	 0.120563 	 9.604864 	 9.765615
   68 	 9.765615 	 9.765615 	 9.765615
   69 	 0.037999 	 9.473279 	 9.765615
   70 	 0.150240 	 9.523978 	 9.765615
   71 	 0.150240 	 9.605358 	 9.765615
   72 	 1.953125 	 9.635406 	 9.765615
   73 	 0.150240 	 9.605358 	 9.765615
   74 	 1.085069 	 9.620939 	 9.765615
   75 	 0.150240 	 9.445102 	 9.765615
   76 	 9.765615 	 9.765615 	 9.765615
   77 	 9.765615 	 9.765615 	 9.765615
   78 	 9.765615 	 9.765615 	 9.765615
   79 	 0.574449 	 9.482220 	 9.765615
 