   0 	 0.018018 	 0.061582 	 0.390625
    1 	 0.018926 	 0.115197 	 0.390625
    2 	 0.026755 	 0.238631 	 0.976562
    3 	 0.026755 	 0.335235 	 0.976562
    4 	 0.057785 	 0.399354 	 0.976562
    5 	 0.057785 	 0.499103 	 0.976562
    6 	 0.238186 	 0.778348 	 4.882807
    7 	 0.238186 	 1.325516 	 4.882807
    8 	 0.037999 	 2.845094 	 4.882807
    9 	 0.390625 	 4.277339 	 4.882807
   10 	 0.119093 	 4.803412 	 4.882807
   11 	 0.375601 	 4.807687 	 4.882807
   12 	 0.043211 	 4.721487 	 4.882807
   13 	 1.627604 	 4.774301 	 4.882807
   14 	 1.627604 	 4.720047 	 4.882807
   15 	 0.043211 	 4.643357 	 4.882807
   16 	 3.255205 	 4.855681 	 4.882807
   17 	 4.882807 	 4.882807 	 4.882807
   18 	 0.119093 	 4.738308 	 4.882807
   19 	 0.976562 	 4.980463 	 9.765615
   20 	 4.882807 	 5.126948 	 9.765615
   21 	 0.976562 	 5.305984 	 9.765615
   22 	 4.882807 	 5.940749 	 9.765615
   23 	 0.375601 	 6.923570 	 9.765615
   24 	 4.882807 	 7.812492 	 9.765615
   25 	 0.574449 	 8.310347 	 9.765615
   26 	 4.882807 	 8.707673 	 9.765615
   27 	 4.882807 	 9.114574 	 9.765615
   28 	 4.882807 	 9.602854 	 9.765615
   29 	 0.037999 	 9.522108 	 9.765615
   30 	 0.037999 	 9.328604 	 9.765615
   31 	 9.765615 	 9.765615 	 9.765615
   32 	 9.765615 	 9.765615 	 9.765615
   33 	 0.150240 	 9.605358 	 9.765615
   34 	 0.037999 	 9.603488 	 9.765615
   35 	 9.765615 	 9.765615 	 9.765615
   36 	 0.574449 	 9.612428 	 9.765615
   37 	 9.765615 	 9.765615 	 9.765615
   38 	 0.120563 	 9.523484 	 9.765615
   39 	 9.765615 	 9.765615 	 9.765615
   40 	 9.765615 	 9.765615 	 9.765615
   41 	 9.765615 	 9.765615 	 9.765615
   42 	 0.574449 	 9.612428 	 9.765615
   43 	 0.574449 	 9.459242 	 9.765615
   44 	 9.765615 	 9.765615 	 9.765615
   45 	 9.765615 	 9.765615 	 9.765615
   46 	 9.765615 	 9.765615 	 9.765615
   47 	 0.574449 	 9.612428 	 9.765615
   48 	 1.953125 	 9.635406 	 9.765615
   49 	 1.953125 	 9.635406 	 9.765615
   50 	 9.765615 	 9.765615 	 9.765615
   51 	 9.765615 	 9.765615 	 9.765615
   52 	 0.043403 	 9.603578 	 9.765615
   53 	 0.037999 	 9.450302 	 9.765615
   54 	 0.150240 	 9.452172 	 9.765615
   55 	 0.150240 	 9.479057 	 10.000000
   56 	 9.765615 	 9.765615 	 9.765615
   57 	 9.765615 	 9.765615 	 9.765615
   58 	 9.765615 	 9.765615 	 9.765615
   59 	 0.037999 	 9.603488 	 9.765615
   60 	 0.390625 	 9.464689 	 9.765615
   61 	 0.390625 	 9.464689 	 9.765615
   62 	 9.765615 	 9.765615 	 9.765615
   63 	 0.574449 	 9.482220 	 9.765615
   64 	 0.390625 	 9.456179 	 9.765615
   65 	 0.043403 	 9.607484 	 10.000000
   66 	 9.765615 	 9.765615 	 9.765615
   67 	 0.120563 	 9.393275 	 9.765615
   68 	 1.953125 	 9.261058 	 9.765615
   69 	 0.120563 	 9.523484 	 9.765615
   70 	 0.150240 	 9.605358 	 9.765615
   71 	 0.150240 	 9.605358 	 9.765615
   72 	 1.953125 	 9.635406 	 9.765615
   73 	 0.043403 	 9.522198 	 9.765615
   74 	 4.882807 	 9.684234 	 9.765615
   75 	 0.390625 	 9.609365 	 9.765615
   76 	 0.574449 	 9.620241 	 10.000000
   77 	 9.765615 	 9.769521 	 10.000000
   78 	 9.765615 	 9.773427 	 10.000000
   79 	 0.037999 	 9.228152 	 10.000000
 