   0 	 0.015024 	 0.053039 	 0.180845
    1 	 0.020473 	 0.080758 	 0.217014
    2 	 0.022553 	 0.097395 	 0.217014
    3 	 0.034508 	 0.115237 	 0.271267
    4 	 0.040521 	 0.129042 	 0.271267
    5 	 0.021416 	 0.131650 	 0.217014
    6 	 0.035641 	 0.152094 	 0.406901
    7 	 0.033444 	 0.165903 	 1.085069
    8 	 0.039378 	 0.261224 	 1.085069
    9 	 0.026755 	 0.588227 	 1.085069
   10 	 0.089593 	 0.991175 	 1.085069
   11 	 0.089593 	 1.031881 	 1.085069
   12 	 0.089593 	 1.023831 	 1.085069
   13 	 0.751202 	 1.072132 	 1.085069
   14 	 0.751202 	 1.077696 	 1.085069
   15 	 0.751202 	 1.077696 	 1.085069
   16 	 1.085069 	 1.085069 	 1.085069
   17 	 0.036851 	 1.044674 	 1.085069
   18 	 0.751202 	 1.079505 	 1.085069
   19 	 0.751202 	 1.079505 	 1.085069
   20 	 1.085069 	 1.085069 	 1.085069
   21 	 0.080708 	 1.059288 	 1.085069
   22 	 0.041913 	 1.067683 	 1.085069
   23 	 0.036851 	 1.050478 	 1.085069
   24 	 0.390625 	 1.073495 	 1.085069
   25 	 0.080708 	 1.068330 	 1.085069
   26 	 0.057785 	 1.039635 	 1.085069
   27 	 0.080708 	 1.060418 	 1.085069
   28 	 0.610352 	 1.077157 	 1.085069
   29 	 1.085069 	 1.085069 	 1.085069
   30 	 0.036851 	 1.052836 	 1.085069
   31 	 0.080708 	 1.066522 	 1.085069
   32 	 0.057785 	 1.058767 	 1.085069
   33 	 0.751202 	 1.075888 	 1.085069
   34 	 0.133776 	 1.067406 	 1.085069
   35 	 0.976562 	 1.083261 	 1.085069
   36 	 0.036851 	 1.060226 	 1.085069
   37 	 0.610352 	 1.075349 	 1.085069
   38 	 0.976562 	 1.081452 	 1.085069
   39 	 0.131968 	 1.065567 	 1.085069
   40 	 1.085069 	 1.085069 	 1.085069
   41 	 1.085069 	 1.085069 	 1.085069
   42 	 1.085069 	 1.085069 	 1.085069
   43 	 1.085069 	 1.085069 	 1.085069
   44 	 0.057785 	 1.062384 	 1.085069
   45 	 0.390625 	 1.073495 	 1.085069
   46 	 0.390625 	 1.073495 	 1.085069
   47 	 0.036851 	 1.056025 	 1.085069
   48 	 1.085069 	 1.085069 	 1.085069
   49 	 1.085069 	 1.085069 	 1.085069
   50 	 0.610352 	 1.077157 	 1.085069
   51 	 0.390625 	 1.071687 	 1.085069
   52 	 0.041733 	 1.056106 	 1.085069
   53 	 0.610352 	 1.077157 	 1.085069
   54 	 0.390625 	 1.073495 	 1.085069
   55 	 0.133776 	 1.069214 	 1.085069
   56 	 0.390625 	 1.061921 	 1.085069
   57 	 0.390625 	 1.060113 	 1.085069
   58 	 0.976562 	 1.083261 	 1.085069
   59 	 0.751202 	 1.075888 	 1.085069
   60 	 0.976562 	 1.079644 	 1.085069
   61 	 0.390625 	 1.071687 	 1.085069
   62 	 0.976562 	 1.081452 	 1.085069
   63 	 0.080708 	 1.213006 	 9.765615
   64 	 0.199298 	 2.505490 	 9.765615
   65 	 1.085069 	 6.750029 	 9.765615
   66 	 1.085069 	 9.331587 	 9.765615
   67 	 0.037999 	 9.136759 	 9.765615
   68 	 1.953125 	 9.635406 	 9.765615
   69 	 0.043403 	 9.603578 	 9.765615
   70 	 0.390625 	 9.609365 	 9.765615
   71 	 9.765615 	 9.765615 	 9.765615
   72 	 9.765615 	 9.765615 	 9.765615
   73 	 9.765615 	 9.765615 	 9.765615
   74 	 0.150240 	 9.367728 	 9.765615
   75 	 4.882807 	 9.684234 	 9.765615
   76 	 0.390625 	 9.487295 	 9.765615
   77 	 9.765615 	 9.765615 	 9.765615
   78 	 4.882807 	 9.684234 	 9.765615
   79 	 9.765615 	 9.765615 	 9.765615
 