   0 	 0.017284 	 0.060936 	 0.325521
    1 	 0.018962 	 0.137547 	 1.627604
    2 	 0.035128 	 0.576377 	 1.627604
    3 	 0.049321 	 1.479142 	 1.627604
    4 	 0.697545 	 1.612103 	 1.627604
    5 	 0.042459 	 1.585684 	 1.627604
    6 	 0.697545 	 1.605198 	 1.953125
    7 	 0.095741 	 1.554433 	 1.953125
    8 	 0.697545 	 1.620112 	 3.255205
    9 	 0.325521 	 1.695291 	 3.255205
   10 	 0.113554 	 1.879062 	 3.255205
   11 	 0.095741 	 2.143127 	 3.255205
   12 	 1.627604 	 2.398002 	 3.255205
   13 	 1.627604 	 2.582463 	 3.255205
   14 	 0.117658 	 2.904519 	 3.255205
   15 	 0.043020 	 2.918788 	 3.255205
   16 	 0.117658 	 3.121533 	 3.255205
   17 	 0.191483 	 3.153081 	 4.882807
   18 	 0.191483 	 3.231270 	 4.882807
   19 	 3.255205 	 3.363712 	 4.882807
   20 	 0.043020 	 3.234823 	 4.882807
   21 	 0.361690 	 3.396867 	 4.882807
   22 	 0.117658 	 3.342973 	 4.882807
   23 	 1.627604 	 3.634979 	 4.882807
   24 	 0.542535 	 3.631691 	 4.882807
   25 	 0.361690 	 4.156414 	 4.882807
   26 	 0.976562 	 4.226341 	 4.882807
   27 	 0.361690 	 4.295994 	 4.882807
   28 	 0.117658 	 4.532121 	 4.882807
   29 	 0.119093 	 4.457025 	 4.882807
   30 	 3.255205 	 4.720047 	 4.882807
   31 	 0.119093 	 4.667779 	 4.882807
   32 	 3.255205 	 4.855681 	 4.882807
   33 	 3.255205 	 4.855681 	 4.882807
   34 	 0.542535 	 4.745365 	 4.882807
   35 	 4.882807 	 4.882807 	 4.882807
   36 	 0.043211 	 4.802147 	 4.882807
   37 	 0.976562 	 4.817703 	 4.882807
   38 	 3.255205 	 4.855681 	 4.882807
   39 	 0.542535 	 4.810469 	 4.882807
   40 	 4.882807 	 4.882807 	 4.882807
   41 	 4.882807 	 4.882807 	 4.882807
   42 	 4.882807 	 4.882807 	 4.882807
   43 	 4.882807 	 4.882807 	 4.882807
   44 	 0.037851 	 4.802058 	 4.882807
   45 	 0.375601 	 4.677479 	 4.882807
   46 	 0.119093 	 4.698522 	 9.765615
   47 	 0.119093 	 4.677198 	 9.765615
   48 	 0.120563 	 4.887283 	 9.765615
   49 	 0.043211 	 5.236175 	 9.765615
   50 	 4.882807 	 5.615228 	 9.765615
   51 	 4.882807 	 6.022129 	 9.765615
   52 	 2.441407 	 6.632480 	 9.765615
   53 	 0.976562 	 7.096347 	 9.765615
   54 	 4.882807 	 7.975252 	 9.765615
   55 	 2.441407 	 8.829743 	 9.765615
   56 	 1.953125 	 9.025056 	 9.765615
   57 	 2.441407 	 9.195954 	 9.765615
   58 	 0.037999 	 9.074517 	 9.765615
   59 	 9.765615 	 9.765615 	 9.765615
   60 	 9.765615 	 9.765615 	 9.765615
   61 	 0.120563 	 9.315512 	 9.765615
   62 	 0.390625 	 9.456179 	 9.765615
   63 	 9.765615 	 9.765615 	 9.765615
   64 	 9.765615 	 9.765615 	 9.765615
   65 	 9.765615 	 9.765615 	 9.765615
   66 	 1.953125 	 9.635406 	 9.765615
   67 	 1.953125 	 9.635406 	 9.765615
   68 	 9.765615 	 9.765615 	 9.765615
   69 	 9.765615 	 9.765615 	 9.765615
   70 	 0.574449 	 9.612428 	 9.765615
   71 	 9.765615 	 9.765615 	 9.765615
   72 	 9.765615 	 9.765615 	 9.765615
   73 	 0.390625 	 9.609365 	 9.765615
   74 	 0.574449 	 9.612428 	 9.765615
   75 	 0.037999 	 9.603488 	 9.765615
   76 	 9.765615 	 9.765615 	 9.765615
   77 	 0.037999 	 9.603488 	 9.765615
   78 	 0.120563 	 9.444607 	 9.765615
   79 	 9.765615 	 9.765615 	 9.765615
 