   0 	 0.013832 	 0.048500 	 0.141531
    1 	 0.019300 	 0.066727 	 0.232515
    2 	 0.020559 	 0.111822 	 0.513980
    3 	 0.024912 	 0.173943 	 0.887784
    4 	 0.049572 	 0.268776 	 0.887784
    5 	 0.049572 	 0.403706 	 0.887784
    6 	 0.131968 	 0.524872 	 0.976562
    7 	 0.066888 	 0.607904 	 0.976562
    8 	 0.361690 	 0.666346 	 0.976562
    9 	 0.066888 	 0.741910 	 0.976562
   10 	 0.361690 	 0.760506 	 0.976562
   11 	 0.040354 	 0.780016 	 0.976562
   12 	 0.513980 	 0.839653 	 0.976562
   13 	 0.513980 	 0.902222 	 0.976562
   14 	 0.107315 	 0.904158 	 0.976562
   15 	 0.079395 	 0.921659 	 0.976562
   16 	 0.887784 	 0.938092 	 0.976562
   17 	 0.057109 	 0.873562 	 0.976562
   18 	 0.036713 	 0.909831 	 0.976562
   19 	 0.279018 	 0.914793 	 0.976562
   20 	 0.099649 	 0.916454 	 0.976562
   21 	 0.279018 	 0.939783 	 0.976562
   22 	 0.887784 	 0.954368 	 0.976562
   23 	 0.195312 	 0.935428 	 0.976562
   24 	 0.887784 	 0.946970 	 0.976562
   25 	 0.887784 	 0.957327 	 0.976562
   26 	 0.107315 	 0.937269 	 0.976562
   27 	 0.287224 	 0.951757 	 0.976562
   28 	 0.107315 	 0.921694 	 0.976562
   29 	 0.041733 	 0.940950 	 0.976562
   30 	 0.041733 	 0.949145 	 0.976562
   31 	 0.887784 	 0.961766 	 0.976562
   32 	 0.887784 	 0.955847 	 0.976562
   33 	 0.887784 	 0.964725 	 0.976562
   34 	 0.191483 	 0.950161 	 0.976562
   35 	 0.079395 	 0.920188 	 0.976562
   36 	 0.107315 	 0.915220 	 0.976562
   37 	 0.542535 	 0.933982 	 0.976562
   38 	 0.542535 	 0.969000 	 3.255205
   39 	 0.195312 	 1.021905 	 3.255205
   40 	 0.080046 	 1.193759 	 3.255205
   41 	 0.361690 	 1.714025 	 3.255205
   42 	 0.887784 	 2.284562 	 4.882807
   43 	 0.108507 	 2.845674 	 4.882807
   44 	 0.361690 	 3.183799 	 4.882807
   45 	 0.887784 	 3.297128 	 4.882807
   46 	 3.255205 	 3.445092 	 4.882807
   47 	 0.361690 	 3.419171 	 4.882807
   48 	 0.976562 	 3.542748 	 4.882807
   49 	 0.043020 	 3.760479 	 4.882807
   50 	 3.255205 	 3.960499 	 4.882807
   51 	 0.119093 	 3.995639 	 4.882807
   52 	 0.043020 	 4.205357 	 4.882807
   53 	 3.255205 	 4.313146 	 4.882807
   54 	 0.375601 	 4.346533 	 4.882807
   55 	 3.255205 	 4.692920 	 4.882807
   56 	 1.953125 	 4.806853 	 4.882807
   57 	 1.953125 	 4.833979 	 4.882807
   58 	 0.119093 	 4.803412 	 4.882807
   59 	 0.037851 	 4.802058 	 4.882807
   60 	 0.037851 	 4.802058 	 4.882807
   61 	 0.037851 	 4.729720 	 4.882807
   62 	 0.542535 	 4.810469 	 4.882807
   63 	 0.375601 	 4.807687 	 4.882807
   64 	 4.882807 	 4.882807 	 4.882807
   65 	 4.882807 	 4.882807 	 4.882807
   66 	 0.037851 	 4.802058 	 4.882807
   67 	 0.043211 	 4.802147 	 4.882807
   68 	 0.542535 	 4.810469 	 4.882807
   69 	 4.882807 	 4.882807 	 4.882807
   70 	 4.882807 	 4.882807 	 4.882807
   71 	 0.037851 	 4.802058 	 4.882807
   72 	 4.882807 	 4.882807 	 4.882807
   73 	 3.255205 	 4.855681 	 4.882807
   74 	 4.882807 	 4.882807 	 4.882807
   75 	 0.976562 	 4.817703 	 4.882807
   76 	 0.147964 	 4.803893 	 4.882807
   77 	 4.882807 	 4.882807 	 4.882807
   78 	 0.976562 	 4.752599 	 4.882807
   79 	 0.147964 	 4.755065 	 4.882807
 