   0 	 0.015024 	 0.056069 	 0.375601
    1 	 0.015024 	 0.095850 	 0.375601
    2 	 0.015024 	 0.186855 	 0.375601
    3 	 0.036713 	 0.300652 	 0.375601
    4 	 0.063413 	 0.359579 	 0.375601
    5 	 0.063413 	 0.370398 	 0.375601
    6 	 0.063413 	 0.370398 	 0.375601
    7 	 0.375601 	 0.375601 	 0.375601
    8 	 0.375601 	 0.375601 	 0.375601
    9 	 0.039063 	 0.369992 	 0.375601
   10 	 0.375601 	 0.375601 	 0.375601
   11 	 0.375601 	 0.377907 	 0.513980
   12 	 0.039063 	 0.369992 	 0.375601
   13 	 0.375601 	 0.375601 	 0.375601
   14 	 0.052503 	 0.367319 	 0.513980
   15 	 0.375601 	 0.382520 	 0.513980
   16 	 0.375601 	 0.387133 	 0.513980
   17 	 0.375601 	 0.387133 	 0.513980
   18 	 0.295928 	 0.388111 	 0.513980
   19 	 0.375601 	 0.389439 	 0.513980
   20 	 0.054557 	 0.383215 	 0.513980
   21 	 0.054557 	 0.398569 	 0.513980
   22 	 0.131968 	 0.427725 	 0.513980
   23 	 0.074547 	 0.440606 	 0.513980
   24 	 0.375601 	 0.461411 	 0.542535
   25 	 0.375601 	 0.488611 	 0.513980
   26 	 0.375601 	 0.479385 	 0.513980
   27 	 0.074547 	 0.484069 	 0.542535
   28 	 0.227108 	 0.506291 	 0.697545
   29 	 0.227108 	 0.501401 	 0.542535
   30 	 0.375601 	 0.508965 	 0.542535
   31 	 0.165519 	 0.497593 	 0.542535
   32 	 0.375601 	 0.510319 	 0.542535
   33 	 0.361690 	 0.512870 	 0.542535
   34 	 0.513980 	 0.516836 	 0.542535
   35 	 0.513980 	 0.518263 	 0.542535
   36 	 0.513980 	 0.519215 	 0.542535
   37 	 0.513980 	 0.519691 	 0.542535
   38 	 0.361690 	 0.516750 	 0.542535
   39 	 0.227108 	 0.512372 	 0.542535
   40 	 0.227108 	 0.512372 	 0.542535
   41 	 0.513980 	 0.519691 	 0.542535
   42 	 0.074547 	 0.507767 	 0.542535
   43 	 0.165519 	 0.510711 	 0.542535
   44 	 0.165519 	 0.512138 	 0.542535
   45 	 0.075120 	 0.510692 	 0.976562
   46 	 0.513980 	 0.535015 	 0.976562
   47 	 0.513980 	 0.535967 	 0.976562
   48 	 0.513980 	 0.549907 	 0.976562
   49 	 0.513980 	 0.581646 	 0.976562
   50 	 0.074547 	 0.551245 	 0.976562
   51 	 0.054557 	 0.544365 	 0.976562
   52 	 0.513980 	 0.576895 	 0.976562
   53 	 0.513980 	 0.567282 	 0.976562
   54 	 0.054557 	 0.596218 	 0.976562
   55 	 0.041733 	 0.616402 	 0.976562
   56 	 0.443892 	 0.638348 	 0.976562
   57 	 0.443892 	 0.678791 	 0.976562
   58 	 0.035641 	 0.714542 	 0.976562
   59 	 0.443892 	 0.771342 	 0.976562
   60 	 0.443892 	 0.834915 	 0.976562
   61 	 0.443892 	 0.895571 	 0.976562
   62 	 0.443892 	 0.892193 	 0.976562
   63 	 0.443892 	 0.934445 	 3.255205
   64 	 0.443892 	 0.987742 	 3.255205
   65 	 0.443892 	 1.113347 	 3.255205
   66 	 0.513980 	 1.470450 	 4.882807
   67 	 0.513980 	 2.000935 	 4.882807
   68 	 0.887784 	 2.993802 	 4.882807
   69 	 0.887784 	 3.679368 	 4.882807
   70 	 0.887784 	 3.725730 	 4.882807
   71 	 3.255205 	 4.123260 	 4.882807
   72 	 3.255205 	 4.231766 	 4.882807
   73 	 3.255205 	 4.448780 	 4.882807
   74 	 3.255205 	 4.584414 	 4.882807
   75 	 0.043211 	 4.720767 	 4.882807
   76 	 0.375601 	 4.681096 	 4.882807
   77 	 0.375601 	 4.780560 	 4.882807
   78 	 4.882807 	 4.882807 	 4.882807
   79 	 1.627604 	 4.828554 	 4.882807
 