   0 	 0.016222 	 0.085578 	 0.513980
    1 	 0.016222 	 0.160200 	 0.513980
    2 	 0.049321 	 0.317575 	 0.751202
    3 	 0.039860 	 0.393916 	 0.751202
    4 	 0.191483 	 0.472204 	 0.813802
    5 	 0.034630 	 0.459478 	 0.751202
    6 	 0.039860 	 0.479158 	 0.751202
    7 	 0.052787 	 0.544592 	 0.887784
    8 	 0.056124 	 0.619742 	 1.627604
    9 	 0.042645 	 0.689889 	 1.627604
   10 	 0.056124 	 0.866891 	 1.627604
   11 	 0.042645 	 0.988452 	 1.953125
   12 	 0.040188 	 1.221902 	 1.953125
   13 	 0.513980 	 1.376271 	 4.882807
   14 	 0.042459 	 1.697172 	 4.882807
   15 	 0.751202 	 2.412191 	 4.882807
   16 	 0.375601 	 3.111225 	 4.882807
   17 	 0.043211 	 3.771333 	 4.882807
   18 	 1.627604 	 4.720047 	 4.882807
   19 	 0.147964 	 4.659217 	 4.882807
   20 	 0.043211 	 4.747894 	 4.882807
   21 	 4.882807 	 4.882807 	 4.882807
   22 	 0.043211 	 4.775021 	 4.882807
   23 	 0.043211 	 4.802147 	 4.882807
   24 	 4.882807 	 4.882807 	 4.882807
   25 	 0.542535 	 4.810469 	 4.882807
   26 	 4.882807 	 4.882807 	 4.882807
   27 	 4.882807 	 4.882807 	 4.882807
   28 	 4.882807 	 4.964187 	 9.765615
   29 	 0.037851 	 5.019072 	 9.765615
   30 	 3.255205 	 5.262581 	 9.765615
   31 	 3.255205 	 5.669482 	 9.765615
   32 	 3.255205 	 6.320523 	 9.765615
   33 	 3.255205 	 7.378464 	 9.765615
   34 	 0.147964 	 8.063005 	 10.000000
   35 	 4.882807 	 8.789053 	 9.765615
   36 	 0.150240 	 9.279838 	 9.765615
   37 	 1.953125 	 9.391266 	 9.765615
   38 	 0.574449 	 9.368288 	 9.765615
   39 	 0.043403 	 9.231733 	 9.765615
   40 	 0.037999 	 9.603488 	 9.765615
   41 	 0.043403 	 9.365848 	 10.000000
   42 	 9.765615 	 9.781240 	 10.000000
   43 	 9.765615 	 9.769521 	 10.000000
   44 	 9.765615 	 9.777334 	 10.000000
   45 	 9.765615 	 9.789053 	 10.000000
   46 	 0.038147 	 9.488908 	 10.000000
   47 	 9.765615 	 9.777334 	 10.000000
   48 	 0.120563 	 9.620489 	 10.000000
   49 	 0.152588 	 9.628836 	 10.000000
   50 	 9.765615 	 9.820305 	 10.000000
   51 	 0.574449 	 9.667118 	 10.000000
   52 	 1.085069 	 9.663909 	 10.000000
   53 	 9.765615 	 9.781240 	 10.000000
   54 	 9.765615 	 9.781240 	 10.000000
   55 	 0.037999 	 9.473740 	 10.000000
   56 	 9.765615 	 9.789053 	 10.000000
   57 	 9.765615 	 9.777334 	 10.000000
   58 	 0.120563 	 9.624396 	 10.000000
   59 	 0.037999 	 9.466175 	 10.000000
   60 	 0.043403 	 9.642642 	 10.000000
   61 	 9.765615 	 9.820305 	 10.000000
   62 	 9.765615 	 9.828117 	 10.000000
   63 	 2.441407 	 9.694328 	 10.000000
   64 	 0.120563 	 9.365508 	 10.000000
   65 	 1.085069 	 9.671722 	 10.000000
   66 	 9.765615 	 9.843743 	 10.000000
   67 	 9.765615 	 9.835930 	 10.000000
   68 	 0.152588 	 9.534111 	 10.000000
   69 	 9.765615 	 9.828117 	 10.000000
   70 	 9.765615 	 9.816398 	 10.000000
   71 	 1.085069 	 9.691254 	 10.000000
   72 	 0.150240 	 9.671768 	 10.000000
   73 	 0.037999 	 9.658178 	 10.000000
   74 	 0.120563 	 9.663460 	 10.000000
   75 	 9.765615 	 9.820305 	 10.000000
   76 	 0.120563 	 9.495430 	 10.000000
   77 	 9.765615 	 9.812492 	 10.000000
   78 	 0.150240 	 9.376654 	 10.000000
   79 	 9.765615 	 9.824211 	 10.000000
 