   0 	 0.019849 	 0.073666 	 1.085070
    1 	 0.017886 	 0.232431 	 1.085070
    2 	 0.027902 	 0.786187 	 1.085070
    3 	 0.046725 	 1.011585 	 1.953125
    4 	 0.109726 	 1.083282 	 1.953125
    5 	 1.085070 	 1.114005 	 1.953125
    6 	 0.295928 	 1.100852 	 1.953125
    7 	 0.041913 	 1.133563 	 1.953125
    8 	 0.093006 	 1.139171 	 1.953125
    9 	 0.114890 	 1.285914 	 1.953125
   10 	 0.295928 	 1.348352 	 1.953125
   11 	 0.697545 	 1.469236 	 1.953125
   12 	 1.085070 	 1.678241 	 1.953125
   13 	 1.085070 	 1.721644 	 1.953125
   14 	 0.041913 	 1.646019 	 1.953125
   15 	 0.751202 	 1.985399 	 9.765615
   16 	 0.096689 	 2.443017 	 9.765615
   17 	 1.953125 	 3.385415 	 9.765615
   18 	 0.042645 	 5.567112 	 9.765615
   19 	 0.574449 	 8.831180 	 9.765615
   20 	 1.953125 	 9.423818 	 9.765615
   21 	 0.150240 	 9.527885 	 10.000000
   22 	 9.765615 	 9.769521 	 10.000000
   23 	 0.037999 	 9.603488 	 9.765615
   24 	 9.765615 	 9.765615 	 9.765615
   25 	 0.574449 	 9.612428 	 9.765615
   26 	 1.085069 	 9.490731 	 9.765615
   27 	 0.043211 	 9.603575 	 9.765615
   28 	 0.390625 	 9.609365 	 9.765615
   29 	 9.765615 	 9.765615 	 9.765615
   30 	 9.765615 	 9.765615 	 9.765615
   31 	 9.765615 	 9.765615 	 9.765615
   32 	 0.574449 	 9.616335 	 10.000000
   33 	 0.390625 	 9.609365 	 9.765615
   34 	 9.765615 	 9.765615 	 9.765615
   35 	 4.882807 	 9.684234 	 9.765615
   36 	 9.765615 	 9.765615 	 9.765615
   37 	 9.765615 	 9.765615 	 9.765615
   38 	 1.085069 	 9.620939 	 9.765615
   39 	 4.882807 	 9.688141 	 10.000000
   40 	 0.150240 	 9.609265 	 10.000000
   41 	 9.765615 	 9.765615 	 9.765615
   42 	 9.765615 	 9.765615 	 9.765615
   43 	 9.765615 	 9.765615 	 9.765615
   44 	 0.574449 	 9.612428 	 9.765615
   45 	 9.765615 	 9.769521 	 10.000000
   46 	 0.037999 	 9.615207 	 10.000000
   47 	 9.765615 	 9.769521 	 10.000000
   48 	 9.765615 	 9.769521 	 10.000000
   49 	 9.765615 	 9.769521 	 10.000000
   50 	 0.574449 	 9.612428 	 9.765615
   51 	 1.085069 	 9.620939 	 9.765615
   52 	 1.085069 	 9.268581 	 10.000000
   53 	 0.574449 	 9.612428 	 9.765615
   54 	 0.037999 	 9.603488 	 9.765615
   55 	 9.765615 	 9.765615 	 9.765615
   56 	 9.765615 	 9.765615 	 9.765615
   57 	 9.765615 	 9.765615 	 9.765615
   58 	 0.037999 	 9.603488 	 9.765615
   59 	 0.037999 	 9.450302 	 9.765615
   60 	 1.953125 	 9.639313 	 10.000000
   61 	 9.765615 	 9.765615 	 9.765615
   62 	 9.765615 	 9.765615 	 9.765615
   63 	 9.765615 	 9.765615 	 9.765615
   64 	 9.765615 	 9.765615 	 9.765615
   65 	 0.390625 	 9.609365 	 9.765615
   66 	 0.574449 	 9.612428 	 9.765615
   67 	 0.150240 	 9.605358 	 9.765615
   68 	 0.574449 	 9.612428 	 9.765615
   69 	 1.953125 	 9.635406 	 9.765615
   70 	 9.765615 	 9.765615 	 9.765615
   71 	 1.085069 	 9.620939 	 9.765615
   72 	 1.085069 	 9.620939 	 9.765615
   73 	 1.085069 	 9.620939 	 9.765615
   74 	 0.037999 	 9.441361 	 9.765615
   75 	 0.574449 	 9.612428 	 9.765615
   76 	 0.037999 	 9.441451 	 9.765615
   77 	 0.390625 	 9.195762 	 9.765615
   78 	 1.953125 	 9.635406 	 9.765615
   79 	 9.765615 	 9.765615 	 9.765615
 