   0 	 0.017886 	 0.075634 	 0.887784
    1 	 0.018152 	 0.285655 	 3.255205
    2 	 0.033444 	 1.158304 	 3.255205
    3 	 0.150240 	 2.378363 	 3.255205
    4 	 0.390625 	 3.046463 	 3.255205
    5 	 3.255205 	 3.255205 	 3.255205
    6 	 3.255205 	 3.255205 	 3.255205
    7 	 0.887784 	 3.215748 	 3.255205
    8 	 0.887784 	 3.215748 	 3.255205
    9 	 0.043020 	 3.201669 	 3.255205
   10 	 0.043020 	 3.189338 	 4.882807
   11 	 0.361690 	 3.194649 	 4.882807
   12 	 0.361690 	 3.167523 	 3.255205
   13 	 0.887784 	 3.215748 	 3.255205
   14 	 3.255205 	 3.255205 	 3.255205
   15 	 0.361690 	 3.221776 	 4.882807
   16 	 0.117658 	 3.284293 	 4.882807
   17 	 3.255205 	 3.445092 	 4.882807
   18 	 3.255205 	 3.526472 	 4.882807
   19 	 0.131968 	 3.664305 	 4.882807
   20 	 0.131968 	 3.827065 	 4.882807
   21 	 3.255205 	 4.177513 	 4.882807
   22 	 3.255205 	 4.394527 	 4.882807
   23 	 0.043211 	 4.639387 	 9.765615
   24 	 0.037999 	 4.693554 	 4.882807
   25 	 3.255205 	 4.828554 	 4.882807
   26 	 0.976562 	 4.871957 	 9.765615
   27 	 0.375601 	 4.878217 	 9.765615
   28 	 0.976562 	 5.143224 	 9.765615
   29 	 0.976562 	 5.305984 	 9.765615
   30 	 0.976562 	 5.647780 	 9.765615
   31 	 0.043211 	 5.713605 	 9.765615
   32 	 0.976562 	 7.042093 	 9.765615
   33 	 0.542535 	 7.658774 	 9.765615
   34 	 0.043211 	 7.904354 	 9.765615
   35 	 0.150240 	 8.140516 	 9.765615
   36 	 0.043403 	 8.389386 	 9.765615
   37 	 0.976562 	 8.886709 	 9.765615
   38 	 4.882807 	 9.195954 	 9.765615
   39 	 4.882807 	 9.684234 	 9.765615
   40 	 0.150240 	 9.523978 	 9.765615
   41 	 0.043403 	 9.447328 	 9.765615
   42 	 0.037999 	 9.603488 	 9.765615
   43 	 0.574449 	 9.531048 	 9.765615
   44 	 0.150240 	 9.605358 	 9.765615
   45 	 9.765615 	 9.765615 	 9.765615
   46 	 9.765615 	 9.765615 	 9.765615
   47 	 0.043403 	 9.607484 	 10.000000
   48 	 0.150240 	 9.482963 	 10.000000
   49 	 0.150240 	 9.452172 	 9.765615
   50 	 0.150240 	 9.605358 	 9.765615
   51 	 9.765615 	 9.765615 	 9.765615
   52 	 0.390625 	 9.456179 	 9.765615
   53 	 0.043403 	 9.603578 	 9.765615
   54 	 0.037999 	 9.443231 	 9.765615
   55 	 1.953125 	 9.635406 	 9.765615
   56 	 0.150240 	 9.475150 	 9.765615
   57 	 0.150240 	 9.475150 	 9.765615
   58 	 9.765615 	 9.765615 	 9.765615
   59 	 9.765615 	 9.765615 	 9.765615
   60 	 0.120563 	 9.523484 	 9.765615
   61 	 0.120563 	 9.523484 	 9.765615
   62 	 0.150240 	 9.452172 	 9.765615
   63 	 0.574449 	 9.612428 	 9.765615
   64 	 0.037999 	 9.450302 	 9.765615
   65 	 9.765615 	 9.765615 	 9.765615
   66 	 0.150240 	 9.367728 	 9.765615
   67 	 0.390625 	 9.464689 	 9.765615
   68 	 0.574449 	 9.612428 	 9.765615
   69 	 1.953125 	 9.635406 	 9.765615
   70 	 1.953125 	 9.635406 	 9.765615
   71 	 4.882807 	 9.684234 	 9.765615
   72 	 0.574449 	 9.612428 	 9.765615
   73 	 9.765615 	 9.765615 	 9.765615
   74 	 9.765615 	 9.765615 	 9.765615
   75 	 0.043403 	 9.442827 	 9.765615
   76 	 1.953125 	 9.635406 	 9.765615
   77 	 9.765615 	 9.765615 	 9.765615
   78 	 9.765615 	 9.765615 	 9.765615
   79 	 9.765615 	 9.769521 	 10.000000
 