   0 	 0.015117 	 0.051806 	 0.488281
    1 	 0.022711 	 0.109783 	 0.488281
    2 	 0.023877 	 0.284234 	 0.488281
    3 	 0.023877 	 0.416691 	 0.488281
    4 	 0.271267 	 0.470197 	 0.488281
    5 	 0.271267 	 0.477431 	 0.488281
    6 	 0.065984 	 0.466971 	 0.488281
    7 	 0.065984 	 0.481243 	 0.488281
    8 	 0.336746 	 0.485756 	 0.488281
    9 	 0.336746 	 0.483230 	 0.488281
   10 	 0.488281 	 0.488281 	 0.488281
   11 	 0.488281 	 0.488281 	 0.488281
   12 	 0.488281 	 0.488281 	 0.488281
   13 	 0.271267 	 0.484665 	 0.488281
   14 	 0.488281 	 0.488281 	 0.488281
   15 	 0.271267 	 0.484665 	 0.488281
   16 	 0.271267 	 0.484665 	 0.488281
   17 	 0.244141 	 0.484212 	 0.488281
   18 	 0.488281 	 0.488281 	 0.488281
   19 	 0.488281 	 0.488281 	 0.488281
   20 	 0.065984 	 0.478718 	 0.488281
   21 	 0.035383 	 0.506247 	 2.441407
   22 	 0.244141 	 0.711690 	 2.441407
   23 	 0.406901 	 1.064725 	 2.441407
   24 	 0.488281 	 1.912436 	 2.441407
   25 	 0.037560 	 2.230444 	 9.765615
   26 	 0.488281 	 2.719908 	 9.765615
   27 	 2.441407 	 3.417968 	 9.765615
   28 	 2.441407 	 5.615230 	 9.765615
   29 	 2.441407 	 7.690422 	 9.765615
   30 	 1.085069 	 9.010588 	 9.765615
   31 	 2.441407 	 9.643544 	 9.765615
   32 	 9.765615 	 9.765615 	 9.765615
   33 	 0.574449 	 9.612428 	 9.765615
   34 	 0.037999 	 9.603488 	 9.765615
   35 	 0.390625 	 9.456179 	 9.765615
   36 	 9.765615 	 9.765615 	 9.765615
   37 	 0.150240 	 9.605358 	 9.765615
   38 	 9.765615 	 9.765615 	 9.765615
   39 	 9.765615 	 9.765615 	 9.765615
   40 	 9.765615 	 9.765615 	 9.765615
   41 	 9.765615 	 9.765615 	 9.765615
   42 	 9.765615 	 9.765615 	 9.765615
   43 	 9.765615 	 9.765615 	 9.765615
   44 	 9.765615 	 9.765615 	 9.765615
   45 	 9.765615 	 9.765615 	 9.765615
   46 	 4.882807 	 9.684234 	 9.765615
   47 	 0.037999 	 9.603488 	 9.765615
   48 	 9.765615 	 9.765615 	 9.765615
   49 	 9.765615 	 9.765615 	 9.765615
   50 	 2.441407 	 9.562164 	 9.765615
   51 	 0.043403 	 9.481508 	 9.765615
   52 	 0.043403 	 9.603578 	 9.765615
   53 	 0.120563 	 9.401413 	 9.765615
   54 	 0.150240 	 9.449109 	 9.765615
   55 	 0.037999 	 9.603488 	 9.765615
   56 	 0.120563 	 9.451678 	 9.765615
   57 	 4.882807 	 9.684234 	 9.765615
   58 	 0.390625 	 9.316396 	 9.765615
   59 	 9.765615 	 9.765615 	 9.765615
   60 	 2.441407 	 9.643544 	 9.765615
   61 	 2.441407 	 9.562164 	 9.765615
   62 	 4.882807 	 9.684234 	 9.765615
   63 	 9.765615 	 9.765615 	 9.765615
   64 	 0.574449 	 9.612428 	 9.765615
   65 	 9.765615 	 9.765615 	 9.765615
   66 	 1.085069 	 9.620939 	 9.765615
   67 	 9.765615 	 9.765615 	 9.765615
   68 	 9.765615 	 9.765615 	 9.765615
   69 	 1.085069 	 9.620939 	 9.765615
   70 	 0.120563 	 9.474656 	 9.765615
   71 	 9.765615 	 9.765615 	 9.765615
   72 	 0.043403 	 9.603578 	 9.765615
   73 	 1.085069 	 9.620939 	 9.765615
   74 	 2.441407 	 9.643544 	 9.765615
   75 	 9.765615 	 9.765615 	 9.765615
   76 	 9.765615 	 9.765615 	 9.765615
   77 	 9.765615 	 9.765615 	 9.765615
   78 	 9.765615 	 9.765615 	 9.765615
   79 	 2.441407 	 9.643544 	 9.765615
 