   0 	 0.017691 	 0.090299 	 0.375601
    1 	 0.024723 	 0.179716 	 1.220704
    2 	 0.028554 	 0.383446 	 1.953125
    3 	 0.048585 	 0.818002 	 1.953125
    4 	 0.042645 	 1.310523 	 9.765615
    5 	 0.488281 	 2.333351 	 9.765615
    6 	 0.048828 	 4.916637 	 9.765615
    7 	 0.037999 	 7.902644 	 9.765615
    8 	 0.150240 	 9.475150 	 9.765615
    9 	 0.043403 	 9.473370 	 9.765615
   10 	 9.765615 	 9.765615 	 9.765615
   11 	 9.765615 	 9.765615 	 9.765615
   12 	 0.574449 	 9.612428 	 9.765615
   13 	 1.953125 	 9.635406 	 9.765615
   14 	 0.037999 	 9.311153 	 9.765615
   15 	 0.390625 	 9.609365 	 9.765615
   16 	 9.765615 	 9.765615 	 9.765615
   17 	 0.043403 	 9.603578 	 9.765615
   18 	 1.953125 	 9.635406 	 9.765615
   19 	 9.765615 	 9.765615 	 9.765615
   20 	 0.043403 	 9.603578 	 9.765615
   21 	 9.765615 	 9.765615 	 9.765615
   22 	 9.765615 	 9.765615 	 9.765615
   23 	 9.765615 	 9.765615 	 9.765615
   24 	 0.390625 	 9.609365 	 9.765615
   25 	 9.765615 	 9.769521 	 10.000000
   26 	 4.882807 	 9.688141 	 10.000000
   27 	 0.574449 	 9.612428 	 9.765615
   28 	 9.765615 	 9.765615 	 9.765615
   29 	 9.765615 	 9.765615 	 9.765615
   30 	 9.765615 	 9.765615 	 9.765615
   31 	 4.882807 	 9.684234 	 9.765615
   32 	 4.882807 	 9.602854 	 9.765615
   33 	 4.882807 	 9.521474 	 9.765615
   34 	 1.085069 	 9.458179 	 9.765615
   35 	 1.085069 	 9.250497 	 10.000000
   36 	 0.120563 	 9.325376 	 10.000000
   37 	 0.574449 	 9.355919 	 10.000000
   38 	 0.150240 	 9.605358 	 9.765615
   39 	 0.037999 	 9.603488 	 9.765615
   40 	 9.765615 	 9.769521 	 10.000000
   41 	 9.765615 	 9.765615 	 9.765615
   42 	 9.765615 	 9.765615 	 9.765615
   43 	 0.037999 	 9.603488 	 9.765615
   44 	 4.882807 	 9.684234 	 9.765615
   45 	 9.765615 	 9.765615 	 9.765615
   46 	 9.765615 	 9.765615 	 9.765615
   47 	 9.765615 	 9.765615 	 9.765615
   48 	 9.765615 	 9.765615 	 9.765615
   49 	 9.765615 	 9.765615 	 9.765615
   50 	 4.882807 	 9.684234 	 9.765615
   51 	 4.882807 	 9.684234 	 9.765615
   52 	 9.765615 	 9.765615 	 9.765615
   53 	 9.765615 	 9.765615 	 9.765615
   54 	 0.390625 	 9.609365 	 9.765615
   55 	 9.765615 	 9.765615 	 9.765615
   56 	 9.765615 	 9.765615 	 9.765615
   57 	 4.882807 	 9.684234 	 9.765615
   58 	 0.043403 	 9.440817 	 9.765615
   59 	 9.765615 	 9.765615 	 9.765615
   60 	 0.574449 	 9.612428 	 9.765615
   61 	 0.390625 	 9.609365 	 9.765615
   62 	 0.037999 	 9.458812 	 9.765615
   63 	 0.037999 	 9.296685 	 9.765615
   64 	 9.765615 	 9.765615 	 9.765615
   65 	 1.953125 	 9.635406 	 9.765615
   66 	 9.765615 	 9.769521 	 10.000000
   67 	 9.765615 	 9.777334 	 10.000000
   68 	 9.765615 	 9.773427 	 10.000000
   69 	 9.765615 	 9.769521 	 10.000000
   70 	 4.882807 	 9.688141 	 10.000000
   71 	 0.390625 	 9.456179 	 9.765615
   72 	 0.574449 	 9.534955 	 10.000000
   73 	 0.390625 	 9.609365 	 9.765615
   74 	 0.037999 	 9.320093 	 9.765615
   75 	 0.390625 	 9.479157 	 9.765615
   76 	 0.037999 	 9.305626 	 9.765615
   77 	 9.765615 	 9.765615 	 9.765615
   78 	 1.085069 	 9.624845 	 10.000000
   79 	 4.882807 	 9.688141 	 10.000000
 