   0 	 0.016808 	 0.055009 	 0.375601
    1 	 0.020012 	 0.119209 	 0.697545
    2 	 0.022978 	 0.264710 	 0.697545
    3 	 0.056124 	 0.546862 	 9.765615
    4 	 0.037999 	 4.206632 	 9.765615
    5 	 0.697545 	 9.014592 	 9.765615
    6 	 9.765615 	 9.765615 	 9.765615
    7 	 0.150240 	 9.155751 	 9.765615
    8 	 1.953125 	 9.635406 	 9.765615
    9 	 0.574449 	 9.612428 	 9.765615
   10 	 0.574449 	 9.482220 	 9.765615
   11 	 0.150240 	 9.605358 	 9.765615
   12 	 0.120563 	 9.444607 	 9.765615
   13 	 9.765615 	 9.765615 	 9.765615
   14 	 9.765615 	 9.765615 	 9.765615
   15 	 9.765615 	 9.765615 	 9.765615
   16 	 9.765615 	 9.769521 	 10.000000
   17 	 9.765615 	 9.765615 	 9.765615
   18 	 0.037999 	 9.289551 	 9.765615
   19 	 0.120563 	 9.283362 	 9.765615
   20 	 0.120563 	 9.604864 	 9.765615
   21 	 9.765615 	 9.765615 	 9.765615
   22 	 4.882807 	 9.684234 	 9.765615
   23 	 1.953125 	 9.554026 	 9.765615
   24 	 1.953125 	 9.391266 	 9.765615
   25 	 4.882807 	 9.684234 	 9.765615
   26 	 0.120563 	 9.523484 	 9.765615
   27 	 0.037999 	 9.603488 	 9.765615
   28 	 0.120563 	 9.523484 	 9.765615
   29 	 0.574449 	 9.612428 	 9.765615
   30 	 0.574449 	 9.531048 	 9.765615
   31 	 0.574449 	 9.449668 	 9.765615
   32 	 9.765615 	 9.765615 	 9.765615
   33 	 1.085069 	 9.620939 	 9.765615
   34 	 0.043403 	 9.603578 	 9.765615
   35 	 1.953125 	 9.635406 	 9.765615
   36 	 0.120563 	 9.451678 	 9.765615
   37 	 1.953125 	 9.635406 	 9.765615
   38 	 1.085069 	 9.620939 	 9.765615
   39 	 0.037999 	 9.288175 	 9.765615
   40 	 0.150240 	 9.605358 	 9.765615
   41 	 9.765615 	 9.769521 	 10.000000
   42 	 9.765615 	 9.765615 	 9.765615
   43 	 9.765615 	 9.765615 	 9.765615
   44 	 1.953125 	 9.635406 	 9.765615
   45 	 9.765615 	 9.765615 	 9.765615
   46 	 9.765615 	 9.765615 	 9.765615
   47 	 9.765615 	 9.765615 	 9.765615
   48 	 9.765615 	 9.765615 	 9.765615
   49 	 9.765615 	 9.769521 	 10.000000
   50 	 0.150240 	 9.456677 	 10.000000
   51 	 1.953125 	 9.643219 	 10.000000
   52 	 1.085069 	 9.632658 	 10.000000
   53 	 1.085069 	 9.632658 	 10.000000
   54 	 9.765615 	 9.769521 	 10.000000
   55 	 9.765615 	 9.773427 	 10.000000
   56 	 0.150240 	 9.479057 	 10.000000
   57 	 9.765615 	 9.769521 	 10.000000
   58 	 0.037999 	 9.138507 	 10.000000
   59 	 9.765615 	 9.765615 	 9.765615
   60 	 9.765615 	 9.765615 	 9.765615
   61 	 0.574449 	 9.482220 	 9.765615
   62 	 0.574449 	 9.612428 	 9.765615
   63 	 0.574449 	 9.612428 	 9.765615
   64 	 0.037999 	 9.603488 	 9.765615
   65 	 9.765615 	 9.765615 	 9.765615
   66 	 0.574449 	 9.612428 	 9.765615
   67 	 0.150240 	 9.307497 	 9.765615
   68 	 9.765615 	 9.765615 	 9.765615
   69 	 0.037999 	 9.522108 	 9.765615
   70 	 0.574449 	 9.612428 	 9.765615
   71 	 9.765615 	 9.765615 	 9.765615
   72 	 9.765615 	 9.765615 	 9.765615
   73 	 9.765615 	 9.765615 	 9.765615
   74 	 9.765615 	 9.765615 	 9.765615
   75 	 9.765615 	 9.765615 	 9.765615
   76 	 9.765615 	 9.765615 	 9.765615
   77 	 9.765615 	 9.765615 	 9.765615
   78 	 9.765615 	 9.765615 	 9.765615
   79 	 9.765615 	 9.765615 	 9.765615
 