   0 	 0.017103 	 0.072510 	 1.085070
    1 	 0.021896 	 0.277052 	 1.085070
    2 	 0.026322 	 0.919589 	 1.220704
    3 	 1.085070 	 1.089591 	 1.220704
    4 	 1.085070 	 1.101798 	 1.953125
    5 	 0.238186 	 1.070955 	 1.085070
    6 	 1.085070 	 1.085070 	 1.085070
    7 	 1.085070 	 1.085070 	 1.085070
    8 	 1.085070 	 1.085070 	 1.085070
    9 	 0.238186 	 1.070955 	 1.085070
   10 	 0.295928 	 1.071917 	 1.085070
   11 	 0.465030 	 1.089203 	 1.953125
   12 	 0.109726 	 1.053873 	 1.953125
   13 	 1.085070 	 1.142940 	 1.953125
   14 	 0.048585 	 1.138066 	 1.953125
   15 	 0.093006 	 1.242146 	 1.953125
   16 	 0.093006 	 1.343420 	 1.953125
   17 	 0.093006 	 1.328952 	 1.953125
   18 	 1.085070 	 1.417824 	 1.953125
   19 	 1.085070 	 1.504630 	 1.953125
   20 	 0.336746 	 1.593431 	 1.953125
   21 	 0.042645 	 1.643592 	 1.953125
   22 	 1.085070 	 1.793982 	 1.953125
   23 	 1.085070 	 1.880787 	 1.953125
   24 	 0.263936 	 1.921887 	 4.882807
   25 	 0.049572 	 1.958632 	 4.882807
   26 	 0.042645 	 2.102128 	 4.882807
   27 	 0.043211 	 2.653714 	 4.882807
   28 	 1.953125 	 3.613278 	 4.882807
   29 	 0.147964 	 4.217957 	 4.882807
   30 	 0.375601 	 4.465891 	 4.882807
   31 	 0.096689 	 4.705383 	 4.882807
   32 	 1.953125 	 4.833979 	 4.882807
   33 	 4.882807 	 4.882807 	 4.882807
   34 	 4.882807 	 4.882807 	 4.882807
   35 	 4.882807 	 4.882807 	 4.882807
   36 	 4.882807 	 4.882807 	 4.882807
   37 	 4.882807 	 4.882807 	 4.882807
   38 	 4.882807 	 4.882807 	 4.882807
   39 	 0.043211 	 4.802147 	 4.882807
   40 	 4.882807 	 4.882807 	 4.882807
   41 	 0.542535 	 4.891850 	 9.765615
   42 	 4.882807 	 4.964187 	 9.765615
   43 	 4.882807 	 4.964187 	 9.765615
   44 	 4.882807 	 4.964187 	 9.765615
   45 	 0.542535 	 4.891850 	 9.765615
   46 	 4.882807 	 4.882807 	 4.882807
   47 	 0.119093 	 4.754584 	 4.882807
   48 	 4.882807 	 4.882807 	 4.882807
   49 	 4.882807 	 4.882807 	 4.882807
   50 	 4.882807 	 4.882807 	 4.882807
   51 	 4.882807 	 4.964187 	 9.765615
   52 	 4.882807 	 5.208328 	 9.765615
   53 	 4.882807 	 5.452468 	 9.765615
   54 	 0.375601 	 5.323095 	 9.765615
   55 	 1.953125 	 5.322260 	 9.765615
   56 	 0.120563 	 5.345971 	 9.765615
   57 	 3.255205 	 5.560975 	 9.765615
   58 	 4.882807 	 5.940749 	 9.765615
   59 	 0.147964 	 6.689199 	 9.765615
   60 	 3.255205 	 7.378464 	 9.765615
   61 	 4.882807 	 8.219392 	 9.765615
   62 	 0.043211 	 8.871153 	 9.765615
   63 	 4.882807 	 9.521474 	 9.765615
   64 	 9.765615 	 9.765615 	 9.765615
   65 	 2.441407 	 9.643544 	 9.765615
   66 	 2.441407 	 9.643544 	 9.765615
   67 	 0.150240 	 9.353080 	 9.765615
   68 	 9.765615 	 9.765615 	 9.765615
   69 	 9.765615 	 9.765615 	 9.765615
   70 	 4.882807 	 9.684234 	 9.765615
   71 	 9.765615 	 9.765615 	 9.765615
   72 	 4.882807 	 9.684234 	 9.765615
   73 	 0.120563 	 9.288358 	 9.765615
   74 	 0.390625 	 9.609365 	 9.765615
   75 	 0.037999 	 9.522108 	 9.765615
   76 	 4.882807 	 9.602854 	 9.765615
   77 	 0.574449 	 9.368288 	 9.765615
   78 	 0.120563 	 9.523484 	 9.765615
   79 	 4.882807 	 9.684234 	 9.765615
 