   0 	 0.014340 	 0.056844 	 0.375601
    1 	 0.025632 	 0.088348 	 0.375601
    2 	 0.029956 	 0.165844 	 0.375601
    3 	 0.037416 	 0.236278 	 0.375601
    4 	 0.035772 	 0.306075 	 0.887784
    5 	 0.035772 	 0.346426 	 0.887784
    6 	 0.070765 	 0.379614 	 0.887784
    7 	 0.130208 	 0.477031 	 0.887784
    8 	 0.191483 	 0.543182 	 0.887784
    9 	 0.041556 	 0.613499 	 3.255205
   10 	 0.375601 	 0.833693 	 3.255205
   11 	 0.375601 	 1.267368 	 3.255205
   12 	 0.375601 	 2.116263 	 3.255205
   13 	 0.361690 	 2.481987 	 3.255205
   14 	 0.117658 	 2.957402 	 3.255205
   15 	 0.887784 	 3.215748 	 3.255205
   16 	 0.887784 	 3.215748 	 3.255205
   17 	 0.117658 	 3.163456 	 3.255205
   18 	 3.255205 	 3.282332 	 4.882807
   19 	 3.255205 	 3.255205 	 3.255205
   20 	 3.255205 	 3.255205 	 3.255205
   21 	 0.117658 	 3.202913 	 3.255205
   22 	 0.117658 	 3.202913 	 3.255205
   23 	 3.255205 	 3.255205 	 3.255205
   24 	 0.361690 	 3.206980 	 3.255205
   25 	 3.255205 	 3.282332 	 4.882807
   26 	 3.255205 	 3.282332 	 4.882807
   27 	 0.043020 	 3.283049 	 4.882807
   28 	 0.043020 	 3.283049 	 4.882807
   29 	 3.255205 	 3.336585 	 4.882807
   30 	 3.255205 	 3.282332 	 4.882807
   31 	 3.255205 	 3.282332 	 4.882807
   32 	 3.255205 	 3.363712 	 4.882807
   33 	 3.255205 	 3.417965 	 4.882807
   34 	 0.043020 	 3.364429 	 4.882807
   35 	 0.887784 	 3.514142 	 4.882807
   36 	 0.887784 	 3.568395 	 4.882807
   37 	 0.043020 	 3.544452 	 4.882807
   38 	 0.361690 	 3.682930 	 4.882807
   39 	 1.953125 	 3.911671 	 4.882807
   40 	 0.119093 	 3.989611 	 4.882807
   41 	 3.255205 	 4.231766 	 4.882807
   42 	 3.255205 	 4.258893 	 4.882807
   43 	 3.255205 	 4.557287 	 4.882807
   44 	 0.375601 	 4.455040 	 4.882807
   45 	 0.037851 	 4.429261 	 4.882807
   46 	 3.255205 	 4.774300 	 4.882807
   47 	 4.882807 	 4.882807 	 4.882807
   48 	 0.119093 	 4.803412 	 4.882807
   49 	 4.882807 	 4.882807 	 4.882807
   50 	 4.882807 	 4.882807 	 4.882807
   51 	 0.037851 	 4.736954 	 4.882807
   52 	 0.375601 	 4.731732 	 4.882807
   53 	 4.882807 	 4.964187 	 9.765615
   54 	 4.882807 	 5.045568 	 9.765615
   55 	 0.375601 	 5.051828 	 9.765615
   56 	 4.882807 	 5.371088 	 9.765615
   57 	 4.882807 	 5.452468 	 9.765615
   58 	 4.882807 	 5.859369 	 9.765615
   59 	 1.085069 	 6.528494 	 9.765615
   60 	 0.375601 	 7.655991 	 9.765615
   61 	 1.085069 	 8.644377 	 9.765615
   62 	 0.037999 	 8.685701 	 9.765615
   63 	 1.085069 	 9.336108 	 9.765615
   64 	 4.882807 	 9.440094 	 9.765615
   65 	 3.255205 	 9.250207 	 9.765615
   66 	 4.882807 	 9.602854 	 9.765615
   67 	 0.390625 	 9.527985 	 9.765615
   68 	 4.882807 	 9.602854 	 9.765615
   69 	 4.882807 	 9.684234 	 9.765615
   70 	 0.390625 	 9.456179 	 9.765615
   71 	 0.150240 	 9.327038 	 9.765615
   72 	 9.765615 	 9.765615 	 9.765615
   73 	 9.765615 	 9.765615 	 9.765615
   74 	 9.765615 	 9.765615 	 9.765615
   75 	 9.765615 	 9.765615 	 9.765615
   76 	 0.574449 	 9.612428 	 9.765615
   77 	 4.882807 	 9.684234 	 9.765615
   78 	 1.953125 	 9.635406 	 9.765615
   79 	 0.150240 	 9.605358 	 9.765615
 