   0 	 0.016552 	 0.051774 	 0.279018
    1 	 0.021001 	 0.164286 	 4.882807
    2 	 0.031101 	 1.964101 	 4.882807
    3 	 0.034146 	 4.224509 	 4.882807
    4 	 1.627604 	 4.801427 	 4.882807
    5 	 0.375601 	 4.807687 	 4.882807
    6 	 0.043211 	 4.802147 	 4.882807
    7 	 0.043211 	 4.802147 	 4.882807
    8 	 0.037851 	 4.754065 	 9.765615
    9 	 4.882807 	 5.126948 	 9.765615
   10 	 4.882807 	 5.126948 	 9.765615
   11 	 4.882807 	 5.289708 	 9.765615
   12 	 0.119093 	 5.698593 	 9.765615
   13 	 4.882807 	 6.510410 	 9.765615
   14 	 0.119093 	 6.954313 	 9.765615
   15 	 1.085069 	 7.830576 	 9.765615
   16 	 4.882807 	 8.389965 	 10.000000
   17 	 0.574449 	 8.895633 	 10.000000
   18 	 0.574449 	 9.267594 	 10.000000
   19 	 4.882807 	 9.544913 	 10.000000
   20 	 4.882807 	 9.703767 	 10.000000
   21 	 9.765615 	 9.781240 	 10.000000
   22 	 0.390625 	 9.494782 	 10.000000
   23 	 0.150240 	 9.617078 	 10.000000
   24 	 0.390625 	 9.621084 	 10.000000
   25 	 0.037999 	 9.607394 	 10.000000
   26 	 9.765615 	 9.785147 	 10.000000
   27 	 0.150240 	 9.644423 	 10.000000
   28 	 1.953125 	 9.662751 	 10.000000
   29 	 9.765615 	 9.792960 	 10.000000
   30 	 0.390625 	 9.467898 	 10.000000
   31 	 0.120563 	 9.478562 	 10.000000
   32 	 1.953125 	 9.635406 	 9.765615
   33 	 0.043403 	 9.603578 	 9.765615
   34 	 0.120563 	 9.448614 	 9.765615
   35 	 9.765615 	 9.765615 	 9.765615
   36 	 0.150240 	 9.191756 	 9.765615
   37 	 9.765615 	 9.765615 	 9.765615
   38 	 9.765615 	 9.765615 	 9.765615
   39 	 0.574449 	 9.612428 	 9.765615
   40 	 9.765615 	 9.765615 	 9.765615
   41 	 0.043403 	 9.607484 	 10.000000
   42 	 1.953125 	 9.639313 	 10.000000
   43 	 9.765615 	 9.769521 	 10.000000
   44 	 9.765615 	 9.765615 	 9.765615
   45 	 0.037999 	 9.458812 	 9.765615
   46 	 0.150240 	 9.609265 	 10.000000
   47 	 0.150240 	 9.523978 	 9.765615
   48 	 1.953125 	 9.557933 	 10.000000
   49 	 4.882807 	 9.688141 	 10.000000
   50 	 9.765615 	 9.765615 	 9.765615
   51 	 0.037999 	 9.603488 	 9.765615
   52 	 9.765615 	 9.765615 	 9.765615
   53 	 9.765615 	 9.769521 	 10.000000
   54 	 9.765615 	 9.765615 	 9.765615
   55 	 0.150240 	 9.605358 	 9.765615
   56 	 0.150240 	 9.605358 	 9.765615
   57 	 0.150240 	 9.605358 	 9.765615
   58 	 4.882807 	 9.684234 	 9.765615
   59 	 9.765615 	 9.765615 	 9.765615
   60 	 9.765615 	 9.765615 	 9.765615
   61 	 9.765615 	 9.765615 	 9.765615
   62 	 9.765615 	 9.769521 	 10.000000
   63 	 9.765615 	 9.773427 	 10.000000
   64 	 9.765615 	 9.773427 	 10.000000
   65 	 9.765615 	 9.773427 	 10.000000
   66 	 0.574449 	 9.620241 	 10.000000
   67 	 0.120563 	 9.608770 	 10.000000
   68 	 0.120563 	 9.604864 	 9.765615
   69 	 0.037999 	 9.443231 	 9.765615
   70 	 0.150240 	 9.605358 	 9.765615
   71 	 0.390625 	 9.609365 	 9.765615
   72 	 9.765615 	 9.765615 	 9.765615
   73 	 4.882807 	 9.684234 	 9.765615
   74 	 9.765615 	 9.765615 	 9.765615
   75 	 0.120563 	 9.604864 	 9.765615
   76 	 9.765615 	 9.765615 	 9.765615
   77 	 0.037999 	 9.603488 	 9.765615
   78 	 9.765615 	 9.765615 	 9.765615
   79 	 9.765615 	 9.765615 	 9.765615
 