   0 	 0.017346 	 0.079456 	 0.751202
    1 	 0.021896 	 0.218047 	 0.976562
    2 	 0.023307 	 0.472099 	 1.953125
    3 	 0.047637 	 0.773762 	 1.953125
    4 	 0.041733 	 0.913350 	 1.953125
    5 	 0.244141 	 1.113970 	 2.441407
    6 	 0.042645 	 1.228728 	 2.441407
    7 	 0.697545 	 1.496189 	 2.441407
    8 	 0.751202 	 1.772211 	 2.441407
    9 	 0.037560 	 1.988425 	 2.441407
   10 	 0.542535 	 1.996250 	 2.441407
   11 	 0.751202 	 2.092098 	 2.441407
   12 	 0.751202 	 2.080517 	 2.441407
   13 	 0.751202 	 2.145308 	 2.441407
   14 	 0.751202 	 2.209786 	 2.441407
   15 	 0.114890 	 2.248009 	 2.441407
   16 	 0.097656 	 2.272136 	 2.441407
   17 	 1.220704 	 2.323406 	 2.441407
   18 	 0.336746 	 2.259845 	 2.441407
   19 	 0.488281 	 2.311199 	 2.441407
   20 	 0.271267 	 2.348272 	 2.441407
   21 	 0.037560 	 2.352515 	 2.441407
   22 	 0.143612 	 2.394973 	 2.441407
   23 	 1.220704 	 2.421062 	 2.441407
   24 	 0.143612 	 2.313951 	 2.441407
   25 	 0.143612 	 2.329868 	 2.441407
   26 	 0.488281 	 2.408855 	 2.441407
   27 	 1.220704 	 2.412924 	 2.441407
   28 	 0.037560 	 2.393205 	 2.441407
   29 	 0.049825 	 2.401547 	 2.441407
   30 	 1.953125 	 2.433269 	 2.441407
   31 	 0.610352 	 2.410890 	 2.441407
   32 	 0.143612 	 2.370559 	 2.441407
   33 	 2.441407 	 2.441407 	 2.441407
   34 	 2.441407 	 2.441407 	 2.441407
   35 	 1.220704 	 2.421062 	 2.441407
   36 	 0.037560 	 2.368791 	 2.441407
   37 	 2.441407 	 2.441407 	 2.441407
   38 	 2.441407 	 2.441407 	 2.441407
   39 	 0.488281 	 2.408855 	 2.441407
   40 	 0.488281 	 2.408855 	 2.441407
   41 	 0.271267 	 2.405238 	 2.441407
   42 	 0.143612 	 2.403111 	 2.441407
   43 	 2.441407 	 2.441407 	 2.441407
   44 	 0.097656 	 2.402345 	 2.441407
   45 	 1.953125 	 2.433269 	 2.441407
   46 	 0.143612 	 2.332262 	 2.441407
   47 	 0.488281 	 2.400717 	 2.441407
   48 	 0.037560 	 2.401343 	 2.441407
   49 	 2.441407 	 2.441407 	 2.441407
   50 	 2.441407 	 2.441407 	 2.441407
   51 	 2.441407 	 2.441407 	 2.441407
   52 	 0.037560 	 2.361483 	 2.441407
   53 	 0.488281 	 2.408855 	 2.441407
   54 	 2.441407 	 2.441407 	 2.441407
   55 	 0.488281 	 2.408855 	 2.441407
   56 	 2.441407 	 2.441407 	 2.441407
   57 	 2.441407 	 2.441407 	 2.441407
   58 	 0.610352 	 2.410890 	 2.441407
   59 	 2.441407 	 2.441407 	 2.441407
   60 	 1.220704 	 2.421062 	 2.441407
   61 	 1.220704 	 2.421062 	 2.441407
   62 	 1.220704 	 2.522787 	 9.765615
   63 	 1.220704 	 2.644857 	 9.765615
   64 	 0.037560 	 3.054777 	 9.765615
   65 	 1.220704 	 4.357908 	 9.765615
   66 	 2.441407 	 5.859371 	 9.765615
   67 	 2.441407 	 8.178703 	 9.765615
   68 	 2.441407 	 9.155264 	 9.765615
   69 	 9.765615 	 9.765615 	 9.765615
   70 	 0.574449 	 9.482220 	 9.765615
   71 	 0.574449 	 9.612428 	 9.765615
   72 	 0.390625 	 9.609365 	 9.765615
   73 	 0.037999 	 9.603488 	 9.765615
   74 	 9.765615 	 9.765615 	 9.765615
   75 	 0.043403 	 9.442827 	 9.765615
   76 	 9.765615 	 9.765615 	 9.765615
   77 	 9.765615 	 9.765615 	 9.765615
   78 	 0.043403 	 9.522198 	 9.765615
   79 	 4.882807 	 9.602854 	 9.765615
 