   0 	 0.016222 	 0.057566 	 0.217014
    1 	 0.018999 	 0.071212 	 0.217014
    2 	 0.025632 	 0.093624 	 0.542535
    3 	 0.025632 	 0.126959 	 0.542535
    4 	 0.020094 	 0.211061 	 0.976562
    5 	 0.034753 	 0.328743 	 0.976562
    6 	 0.037416 	 0.459541 	 0.976562
    7 	 0.036713 	 0.575647 	 1.953125
    8 	 0.041032 	 0.667226 	 1.953125
    9 	 0.054557 	 0.990719 	 1.953125
   10 	 0.141531 	 1.345746 	 1.953125
   11 	 0.141531 	 1.610235 	 1.953125
   12 	 0.042645 	 1.780225 	 1.953125
   13 	 0.976562 	 1.801215 	 1.953125
   14 	 0.976562 	 1.839193 	 1.953125
   15 	 0.042459 	 1.775507 	 1.953125
   16 	 0.113554 	 1.873637 	 1.953125
   17 	 0.976562 	 1.897515 	 1.953125
   18 	 0.042645 	 1.877235 	 1.953125
   19 	 1.220704 	 1.928711 	 1.953125
   20 	 1.953125 	 1.953125 	 1.953125
   21 	 1.953125 	 1.953125 	 1.953125
   22 	 1.953125 	 1.953125 	 1.953125
   23 	 0.096689 	 1.922185 	 1.953125
   24 	 1.953125 	 1.953125 	 1.953125
   25 	 0.336746 	 1.901384 	 1.953125
   26 	 0.141531 	 1.865799 	 1.953125
   27 	 1.220704 	 1.940918 	 1.953125
   28 	 1.220704 	 1.935493 	 1.953125
   29 	 0.037416 	 1.915771 	 1.953125
   30 	 0.096689 	 1.891302 	 1.953125
   31 	 1.627604 	 1.942274 	 1.953125
   32 	 1.627604 	 1.942274 	 1.953125
   33 	 1.627604 	 1.947700 	 1.953125
   34 	 1.627604 	 1.947700 	 1.953125
   35 	 1.953125 	 1.953125 	 1.953125
   36 	 0.751202 	 1.933093 	 1.953125
   37 	 0.751202 	 1.913061 	 1.953125
   38 	 0.037416 	 1.890453 	 1.953125
   39 	 0.141531 	 1.917507 	 1.953125
   40 	 0.037416 	 1.885544 	 1.953125
   41 	 1.627604 	 1.942274 	 1.953125
   42 	 1.627604 	 1.947700 	 1.953125
   43 	 1.953125 	 1.953125 	 1.953125
   44 	 0.049572 	 1.921399 	 1.953125
   45 	 1.953125 	 1.953125 	 1.953125
   46 	 0.114890 	 1.922488 	 1.953125
   47 	 0.049572 	 1.905123 	 1.953125
   48 	 0.049572 	 1.889673 	 1.953125
   49 	 0.263936 	 1.924972 	 1.953125
   50 	 0.751202 	 1.933093 	 1.953125
   51 	 1.953125 	 1.953125 	 1.953125
   52 	 1.953125 	 1.953125 	 1.953125
   53 	 0.042645 	 1.889558 	 1.953125
   54 	 0.141531 	 1.906656 	 1.953125
   55 	 0.114890 	 1.857384 	 1.953125
   56 	 0.141531 	 1.890380 	 1.953125
   57 	 0.976562 	 1.920573 	 1.953125
   58 	 0.976562 	 1.936849 	 1.953125
   59 	 1.953125 	 1.953125 	 1.953125
   60 	 1.953125 	 1.953125 	 1.953125
   61 	 0.049572 	 1.921399 	 1.953125
   62 	 0.042645 	 2.051492 	 9.765615
   63 	 0.976562 	 2.327474 	 9.765615
   64 	 1.953125 	 3.385415 	 9.765615
   65 	 0.263936 	 5.961425 	 9.765615
   66 	 0.049572 	 8.319884 	 9.765615
   67 	 0.574449 	 9.352012 	 9.765615
   68 	 1.953125 	 9.635406 	 9.765615
   69 	 9.765615 	 9.765615 	 9.765615
   70 	 0.150240 	 9.523978 	 9.765615
   71 	 0.150240 	 9.523978 	 9.765615
   72 	 0.037999 	 9.603488 	 9.765615
   73 	 9.765615 	 9.765615 	 9.765615
   74 	 0.037999 	 9.351209 	 9.765615
   75 	 0.150240 	 9.239148 	 9.765615
   76 	 0.150240 	 9.605358 	 9.765615
   77 	 0.150240 	 9.605358 	 9.765615
   78 	 0.150240 	 9.367728 	 9.765615
   79 	 4.882807 	 9.684234 	 9.765615
 