   0 	 0.017408 	 0.069704 	 0.465030
    1 	 0.022978 	 0.153676 	 1.085069
    2 	 0.027665 	 0.286082 	 1.085069
    3 	 0.036851 	 0.384046 	 1.085069
    4 	 0.036713 	 0.557039 	 1.085070
    5 	 0.041380 	 0.936045 	 9.765615
    6 	 0.143612 	 2.141565 	 10.000000
    7 	 0.041913 	 4.713263 	 10.000000
    8 	 0.043403 	 8.084637 	 10.000000
    9 	 0.199298 	 9.269514 	 10.000000
   10 	 0.038147 	 8.962688 	 10.000000
   11 	 0.152588 	 9.120054 	 10.000000
   12 	 0.150240 	 9.276594 	 10.000000
   13 	 0.037560 	 8.237097 	 10.000000
   14 	 0.038147 	 7.919143 	 10.000000
   15 	 0.038147 	 9.071198 	 10.000000
   16 	 0.199298 	 9.054878 	 10.000000
   17 	 0.038147 	 9.763653 	 10.000000
   18 	 0.038147 	 8.879156 	 10.000000
   19 	 0.038147 	 9.178476 	 10.000000
   20 	 0.150240 	 9.777241 	 10.000000
   21 	 0.152588 	 9.777280 	 10.000000
   22 	 2.441407 	 9.834959 	 10.000000
   23 	 9.765615 	 9.957029 	 10.000000
   24 	 9.765615 	 9.972655 	 10.000000
   25 	 0.152588 	 9.824157 	 10.000000
   26 	 0.152588 	 9.519081 	 10.000000
   27 	 9.765615 	 9.988281 	 10.000000
   28 	 9.765615 	 9.992187 	 10.000000
   29 	 9.765615 	 9.988281 	 10.000000
   30 	 2.441407 	 9.854491 	 10.000000
   31 	 0.038147 	 9.654220 	 10.000000
   32 	 2.441407 	 9.862304 	 10.000000
   33 	 0.610352 	 9.839599 	 10.000000
   34 	 9.765615 	 9.996094 	 10.000000
   35 	 0.038147 	 9.833969 	 10.000000
   36 	 0.152588 	 9.835876 	 10.000000
   37 	 0.038147 	 9.505722 	 10.000000
   38 	 0.610352 	 9.843506 	 10.000000
   39 	 9.765615 	 9.996094 	 10.000000
   40 	 10.000000 	 10.000000 	 10.000000
   41 	 2.441407 	 9.874023 	 10.000000
   42 	 0.038147 	 9.833969 	 10.000000
   43 	 10.000000 	 10.000000 	 10.000000
   44 	 10.000000 	 10.000000 	 10.000000
   45 	 10.000000 	 10.000000 	 10.000000
   46 	 0.038147 	 9.833969 	 10.000000
   47 	 0.038147 	 9.356857 	 10.000000
   48 	 0.610352 	 9.717529 	 10.000000
   49 	 0.152588 	 9.709900 	 10.000000
   50 	 0.610352 	 9.843506 	 10.000000
   51 	 0.038147 	 9.833969 	 10.000000
   52 	 10.000000 	 10.000000 	 10.000000
   53 	 10.000000 	 10.000000 	 10.000000
   54 	 0.038147 	 9.830063 	 10.000000
   55 	 9.765615 	 9.996094 	 10.000000
   56 	 0.038147 	 9.826156 	 10.000000
   57 	 0.038147 	 9.833969 	 10.000000
   58 	 10.000000 	 10.000000 	 10.000000
   59 	 10.000000 	 10.000000 	 10.000000
   60 	 2.441407 	 9.874023 	 10.000000
   61 	 0.152588 	 9.835876 	 10.000000
   62 	 10.000000 	 10.000000 	 10.000000
   63 	 2.441407 	 9.874023 	 10.000000
   64 	 0.038147 	 9.582016 	 10.000000
   65 	 2.441407 	 9.874023 	 10.000000
   66 	 2.441407 	 9.874023 	 10.000000
   67 	 10.000000 	 10.000000 	 10.000000
   68 	 10.000000 	 10.000000 	 10.000000
   69 	 10.000000 	 10.000000 	 10.000000
   70 	 10.000000 	 10.000000 	 10.000000
   71 	 10.000000 	 10.000000 	 10.000000
   72 	 10.000000 	 10.000000 	 10.000000
   73 	 10.000000 	 10.000000 	 10.000000
   74 	 0.038147 	 9.833969 	 10.000000
   75 	 10.000000 	 10.000000 	 10.000000
   76 	 0.610352 	 9.843506 	 10.000000
   77 	 10.000000 	 10.000000 	 10.000000
   78 	 10.000000 	 10.000000 	 10.000000
   79 	 0.038147 	 9.833969 	 10.000000
 