   0 	 0.017284 	 0.060918 	 0.238186
    1 	 0.017691 	 0.093360 	 0.542535
    2 	 0.024912 	 0.181968 	 1.627604
    3 	 0.035128 	 0.391932 	 1.627604
    4 	 0.035128 	 0.832426 	 1.953125
    5 	 0.038907 	 1.206824 	 1.953125
    6 	 0.049321 	 1.394305 	 1.953125
    7 	 0.049321 	 1.459855 	 1.953125
    8 	 0.049321 	 1.606725 	 1.953125
    9 	 0.095741 	 1.645476 	 1.953125
   10 	 1.627604 	 1.660156 	 1.953125
   11 	 1.627604 	 1.660156 	 1.953125
   12 	 0.113554 	 1.618646 	 1.953125
   13 	 0.113554 	 1.634922 	 1.953125
   14 	 0.113554 	 1.634922 	 1.953125
   15 	 0.542535 	 1.669198 	 1.953125
   16 	 0.697545 	 1.688058 	 1.953125
   17 	 0.113554 	 1.684525 	 1.953125
   18 	 0.141531 	 1.700492 	 1.953125
   19 	 0.542535 	 1.750579 	 1.953125
   20 	 0.049572 	 1.718853 	 1.953125
   21 	 1.627604 	 1.795790 	 1.953125
   22 	 1.627604 	 1.795790 	 1.953125
   23 	 0.095741 	 1.743914 	 1.953125
   24 	 0.263936 	 1.726574 	 1.953125
   25 	 0.096689 	 1.647768 	 1.953125
   26 	 0.263936 	 1.742060 	 1.953125
   27 	 1.627604 	 1.850043 	 1.953125
   28 	 1.627604 	 1.871745 	 1.953125
   29 	 0.114890 	 1.907881 	 4.882807
   30 	 0.697545 	 2.127511 	 4.882807
   31 	 0.336746 	 2.501271 	 4.882807
   32 	 1.627604 	 3.342011 	 4.882807
   33 	 1.627604 	 4.047305 	 4.882807
   34 	 1.627604 	 4.323997 	 4.882807
   35 	 1.953125 	 4.503034 	 4.882807
   36 	 1.953125 	 4.725472 	 4.882807
   37 	 0.147964 	 4.749640 	 4.882807
   38 	 3.255205 	 4.801427 	 4.882807
   39 	 0.976562 	 4.649518 	 4.882807
   40 	 1.953125 	 4.752599 	 4.882807
   41 	 0.043211 	 4.726193 	 4.882807
   42 	 0.375601 	 4.780560 	 4.882807
   43 	 0.043211 	 4.747894 	 4.882807
   44 	 0.375601 	 4.678314 	 4.882807
   45 	 0.375601 	 4.753434 	 4.882807
   46 	 3.255205 	 4.855681 	 4.882807
   47 	 0.119093 	 4.722032 	 4.882807
   48 	 3.255205 	 4.801427 	 4.882807
   49 	 3.255205 	 4.774300 	 4.882807
   50 	 0.043211 	 4.519776 	 4.882807
   51 	 3.255205 	 4.855681 	 4.882807
   52 	 0.037851 	 4.621934 	 4.882807
   53 	 3.255205 	 4.855681 	 4.882807
   54 	 4.882807 	 4.882807 	 4.882807
   55 	 4.882807 	 4.882807 	 4.882807
   56 	 1.953125 	 4.833979 	 4.882807
   57 	 1.953125 	 4.833979 	 4.882807
   58 	 3.255205 	 4.855681 	 4.882807
   59 	 0.147964 	 4.673685 	 4.882807
   60 	 0.119093 	 4.749159 	 4.882807
   61 	 0.119093 	 4.722032 	 4.882807
   62 	 0.976562 	 4.736323 	 4.882807
   63 	 0.119093 	 4.656928 	 4.882807
   64 	 0.031914 	 4.774832 	 4.882807
   65 	 4.882807 	 4.882807 	 4.882807
   66 	 0.119093 	 4.803412 	 4.882807
   67 	 0.119093 	 4.754584 	 4.882807
   68 	 0.043211 	 4.753319 	 4.882807
   69 	 0.119093 	 4.705756 	 4.882807
   70 	 0.147964 	 4.803893 	 4.882807
   71 	 0.147964 	 4.803893 	 4.882807
   72 	 0.037851 	 4.722663 	 4.882807
   73 	 0.976562 	 4.817703 	 4.882807
   74 	 0.043211 	 4.650895 	 4.882807
   75 	 0.037851 	 4.722663 	 4.882807
   76 	 0.375601 	 4.686521 	 4.882807
   77 	 0.542535 	 4.696537 	 4.882807
   78 	 1.953125 	 4.833979 	 4.882807
   79 	 4.882807 	 4.882807 	 4.882807
 