   0 	 0.015726 	 0.049822 	 0.256990
    1 	 0.018391 	 0.072087 	 0.256990
    2 	 0.018322 	 0.100902 	 0.443892
    3 	 0.021510 	 0.148198 	 0.751202
    4 	 0.030806 	 0.243918 	 1.220704
    5 	 0.032444 	 0.541893 	 9.765615
    6 	 0.043403 	 2.229758 	 10.000000
    7 	 0.037851 	 5.609247 	 10.000000
    8 	 0.697545 	 9.531149 	 10.000000
    9 	 0.390625 	 9.432934 	 10.000000
   10 	 9.765615 	 9.800772 	 10.000000
   11 	 0.150240 	 9.652235 	 10.000000
   12 	 9.765615 	 9.812492 	 10.000000
   13 	 9.765615 	 9.816398 	 10.000000
   14 	 0.150240 	 9.361810 	 10.000000
   15 	 9.765615 	 9.820305 	 10.000000
   16 	 9.765615 	 9.859369 	 10.000000
   17 	 0.390625 	 9.714838 	 10.000000
   18 	 9.765615 	 9.898433 	 10.000000
   19 	 0.610352 	 9.749752 	 10.000000
   20 	 0.610352 	 9.730220 	 10.000000
   21 	 9.765615 	 9.882807 	 10.000000
   22 	 9.765615 	 9.898433 	 10.000000
   23 	 9.765615 	 9.874994 	 10.000000
   24 	 9.765615 	 9.878901 	 10.000000
   25 	 9.765615 	 9.867182 	 10.000000
   26 	 0.038147 	 9.705057 	 10.000000
   27 	 9.765615 	 9.882807 	 10.000000
   28 	 0.037999 	 9.732400 	 10.000000
   29 	 0.037999 	 9.720680 	 10.000000
   30 	 9.765615 	 9.878901 	 10.000000
   31 	 4.882807 	 9.793614 	 10.000000
   32 	 4.882807 	 9.797521 	 10.000000
   33 	 9.765615 	 9.871088 	 10.000000
   34 	 0.610352 	 9.734126 	 10.000000
   35 	 9.765615 	 9.894527 	 10.000000
   36 	 0.610352 	 9.585445 	 10.000000
   37 	 9.765615 	 9.882807 	 10.000000
   38 	 9.765615 	 9.906246 	 10.000000
   39 	 0.038147 	 9.748028 	 10.000000
   40 	 9.765615 	 9.933591 	 10.000000
   41 	 9.765615 	 9.906246 	 10.000000
   42 	 9.765615 	 9.886714 	 10.000000
   43 	 0.038147 	 9.631490 	 10.000000
   44 	 4.882807 	 9.817053 	 10.000000
   45 	 0.610352 	 9.522538 	 10.000000
   46 	 9.765615 	 9.898433 	 10.000000
   47 	 4.882807 	 9.805334 	 10.000000
   48 	 0.610352 	 9.563553 	 10.000000
   49 	 1.085069 	 9.668471 	 10.000000
   50 	 4.882807 	 9.828772 	 10.000000
   51 	 2.441407 	 9.617509 	 10.000000
   52 	 9.765615 	 9.953123 	 10.000000
   53 	 0.150240 	 9.372558 	 10.000000
   54 	 2.441407 	 9.834959 	 10.000000
   55 	 0.038147 	 9.657209 	 10.000000
   56 	 0.152588 	 9.476011 	 10.000000
   57 	 9.765615 	 9.945310 	 10.000000
   58 	 4.882807 	 9.836585 	 10.000000
   59 	 1.085069 	 9.610529 	 10.000000
   60 	 4.882807 	 9.836585 	 10.000000
   61 	 2.441407 	 9.737953 	 10.000000
   62 	 4.882807 	 9.875649 	 10.000000
   63 	 0.043403 	 9.701893 	 10.000000
   64 	 4.882807 	 9.712889 	 10.000000
   65 	 2.441407 	 9.769205 	 10.000000
   66 	 4.882807 	 9.887368 	 10.000000
   67 	 0.152588 	 9.808532 	 10.000000
   68 	 0.152588 	 9.796812 	 10.000000
   69 	 9.765615 	 9.968749 	 10.000000
   70 	 2.441407 	 9.866211 	 10.000000
   71 	 2.441407 	 9.862304 	 10.000000
   72 	 9.765615 	 9.972655 	 10.000000
   73 	 9.765615 	 9.972655 	 10.000000
   74 	 0.152588 	 9.820251 	 10.000000
   75 	 9.765615 	 9.976561 	 10.000000
   76 	 0.038147 	 9.524153 	 10.000000
   77 	 0.152588 	 9.694274 	 10.000000
   78 	 0.152588 	 9.663757 	 10.000000
   79 	 0.038147 	 9.486282 	 10.000000
 