   0 	 0.020012 	 0.091700 	 1.220704
    1 	 0.031604 	 0.325207 	 3.255205
    2 	 0.040354 	 0.840274 	 3.255205
    3 	 0.040188 	 1.568737 	 3.255205
    4 	 0.042645 	 1.870833 	 4.882807
    5 	 0.040354 	 2.822765 	 4.882807
    6 	 0.147964 	 3.233736 	 4.882807
    7 	 0.043020 	 2.771558 	 4.882807
    8 	 0.043020 	 2.938272 	 4.882807
    9 	 0.041556 	 3.141443 	 4.882807
   10 	 0.117658 	 3.069100 	 4.882807
   11 	 0.037851 	 3.077981 	 4.882807
   12 	 0.147964 	 3.066120 	 4.882807
   13 	 0.037851 	 3.075434 	 4.882807
   14 	 0.119093 	 3.257190 	 4.882807
   15 	 0.147964 	 3.079542 	 4.882807
   16 	 0.542535 	 3.197664 	 4.882807
   17 	 0.191483 	 3.216377 	 4.882807
   18 	 0.542535 	 3.384262 	 4.882807
   19 	 0.117658 	 3.482400 	 4.882807
   20 	 0.037851 	 3.281634 	 4.882807
   21 	 0.037851 	 3.794053 	 4.882807
   22 	 0.361690 	 4.156414 	 4.882807
   23 	 0.057109 	 4.151126 	 4.882807
   24 	 0.542535 	 4.472619 	 4.882807
   25 	 0.119093 	 4.299320 	 4.882807
   26 	 0.191483 	 4.668985 	 4.882807
   27 	 0.043211 	 4.699669 	 4.882807
   28 	 0.043211 	 4.619735 	 4.882807
   29 	 0.037851 	 4.802058 	 4.882807
   30 	 4.882807 	 4.882807 	 4.882807
   31 	 1.627604 	 4.828554 	 4.882807
   32 	 1.627604 	 4.828554 	 4.882807
   33 	 0.119093 	 4.776285 	 4.882807
   34 	 3.255205 	 4.828554 	 4.882807
   35 	 0.542535 	 4.783343 	 4.882807
   36 	 4.882807 	 4.882807 	 4.882807
   37 	 0.542535 	 4.810469 	 4.882807
   38 	 0.147964 	 4.682727 	 4.882807
   39 	 0.037851 	 4.753230 	 4.882807
   40 	 4.882807 	 4.882807 	 4.882807
   41 	 4.882807 	 4.882807 	 4.882807
   42 	 0.043211 	 4.646797 	 4.882807
   43 	 3.255205 	 4.855681 	 4.882807
   44 	 4.882807 	 4.882807 	 4.882807
   45 	 4.882807 	 4.882807 	 4.882807
   46 	 0.043211 	 4.737043 	 4.882807
   47 	 0.043211 	 4.802147 	 4.882807
   48 	 4.882807 	 4.882807 	 4.882807
   49 	 1.627604 	 4.828554 	 4.882807
   50 	 1.627604 	 4.828554 	 4.882807
   51 	 0.542535 	 4.810469 	 4.882807
   52 	 0.119093 	 4.803412 	 4.882807
   53 	 4.882807 	 4.964187 	 9.765615
   54 	 0.119093 	 4.649378 	 4.882807
   55 	 1.627604 	 4.828554 	 4.882807
   56 	 3.255205 	 4.855681 	 4.882807
   57 	 4.882807 	 4.882807 	 4.882807
   58 	 1.953125 	 4.833979 	 4.882807
   59 	 0.043211 	 4.802147 	 4.882807
   60 	 4.882807 	 4.882807 	 4.882807
   61 	 0.037851 	 4.802058 	 4.882807
   62 	 0.375601 	 4.807687 	 4.882807
   63 	 4.882807 	 4.882807 	 4.882807
   64 	 1.953125 	 4.806853 	 4.882807
   65 	 0.147964 	 4.695386 	 4.882807
   66 	 0.375601 	 4.834814 	 9.765615
   67 	 3.255205 	 5.099821 	 9.765615
   68 	 4.882807 	 5.208328 	 9.765615
   69 	 4.882807 	 5.533848 	 9.765615
   70 	 4.882807 	 6.347649 	 9.765615
   71 	 4.882807 	 6.835930 	 9.765615
   72 	 1.953125 	 7.438143 	 9.765615
   73 	 4.882807 	 8.626293 	 9.765615
   74 	 1.953125 	 9.147126 	 9.765615
   75 	 4.882807 	 9.521474 	 9.765615
   76 	 4.882807 	 9.684234 	 9.765615
   77 	 4.882807 	 9.684234 	 9.765615
   78 	 1.085069 	 9.620939 	 9.765615
   79 	 1.085069 	 9.620939 	 9.765615
 