   0 	 0.014425 	 0.046528 	 0.145756
    1 	 0.021184 	 0.083110 	 0.813802
    2 	 0.020261 	 0.360457 	 1.220704
    3 	 0.036303 	 0.584763 	 2.441407
    4 	 0.238186 	 0.892849 	 1.220704
    5 	 0.047637 	 0.932498 	 1.220704
    6 	 0.036303 	 1.046554 	 2.441407
    7 	 0.047871 	 1.206501 	 2.441407
    8 	 0.751202 	 1.461888 	 2.441407
    9 	 0.048828 	 1.745773 	 2.441407
   10 	 1.220704 	 2.046713 	 2.441407
   11 	 0.143612 	 2.366001 	 10.000000
   12 	 0.038147 	 3.522609 	 10.000000
   13 	 1.220704 	 6.070475 	 10.000000
   14 	 1.220704 	 8.021159 	 10.000000
   15 	 0.610352 	 9.437418 	 10.000000
   16 	 2.441407 	 9.866211 	 10.000000
   17 	 0.120563 	 9.689509 	 10.000000
   18 	 0.152588 	 9.828064 	 10.000000
   19 	 9.765615 	 9.988281 	 10.000000
   20 	 9.765615 	 9.992187 	 10.000000
   21 	 0.038147 	 9.830063 	 10.000000
   22 	 9.765615 	 9.996094 	 10.000000
   23 	 0.152588 	 9.507629 	 10.000000
   24 	 10.000000 	 10.000000 	 10.000000
   25 	 0.038147 	 9.669846 	 10.000000
   26 	 0.038147 	 9.833969 	 10.000000
   27 	 10.000000 	 10.000000 	 10.000000
   28 	 0.152588 	 9.835876 	 10.000000
   29 	 0.152588 	 9.835876 	 10.000000
   30 	 0.152588 	 9.835876 	 10.000000
   31 	 10.000000 	 10.000000 	 10.000000
   32 	 0.038147 	 9.669846 	 10.000000
   33 	 10.000000 	 10.000000 	 10.000000
   34 	 0.152588 	 9.831970 	 10.000000
   35 	 9.765615 	 9.996094 	 10.000000
   36 	 0.152588 	 9.831970 	 10.000000
   37 	 0.152588 	 9.545593 	 10.000000
   38 	 0.610352 	 9.591553 	 10.000000
   39 	 2.441407 	 9.874023 	 10.000000
   40 	 2.441407 	 9.874023 	 10.000000
   41 	 0.152588 	 9.709900 	 10.000000
   42 	 0.038147 	 9.665939 	 10.000000
   43 	 0.038147 	 9.658126 	 10.000000
   44 	 0.610352 	 9.835693 	 10.000000
   45 	 0.038147 	 9.822250 	 10.000000
   46 	 0.152588 	 9.583923 	 10.000000
   47 	 10.000000 	 10.000000 	 10.000000
   48 	 0.610352 	 9.843506 	 10.000000
   49 	 10.000000 	 10.000000 	 10.000000
   50 	 0.038147 	 9.667938 	 10.000000
   51 	 0.610352 	 9.843506 	 10.000000
   52 	 10.000000 	 10.000000 	 10.000000
   53 	 10.000000 	 10.000000 	 10.000000
   54 	 10.000000 	 10.000000 	 10.000000
   55 	 0.610352 	 9.843506 	 10.000000
   56 	 0.038147 	 9.669846 	 10.000000
   57 	 0.152588 	 9.835876 	 10.000000
   58 	 10.000000 	 10.000000 	 10.000000
   59 	 0.610352 	 9.843506 	 10.000000
   60 	 10.000000 	 10.000000 	 10.000000
   61 	 10.000000 	 10.000000 	 10.000000
   62 	 10.000000 	 10.000000 	 10.000000
   63 	 9.765615 	 9.996094 	 10.000000
   64 	 9.765615 	 9.992187 	 10.000000
   65 	 2.441407 	 9.866211 	 10.000000
   66 	 0.152588 	 9.698181 	 10.000000
   67 	 0.610352 	 9.835693 	 10.000000
   68 	 9.765615 	 9.988281 	 10.000000
   69 	 9.765615 	 9.988281 	 10.000000
   70 	 0.610352 	 9.843506 	 10.000000
   71 	 10.000000 	 10.000000 	 10.000000
   72 	 0.152588 	 9.679382 	 10.000000
   73 	 10.000000 	 10.000000 	 10.000000
   74 	 0.152588 	 9.385376 	 10.000000
   75 	 0.610352 	 9.557129 	 10.000000
   76 	 9.765615 	 9.996094 	 10.000000
   77 	 0.038147 	 9.673569 	 10.000000
   78 	 0.152588 	 9.495727 	 10.000000
   79 	 0.038147 	 9.822250 	 10.000000
 