   0 	 0.015828 	 0.053011 	 0.325521
    1 	 0.018219 	 0.092129 	 0.325521
    2 	 0.018219 	 0.147540 	 0.465030
    3 	 0.035128 	 0.242860 	 1.627604
    4 	 0.042459 	 0.361868 	 1.627604
    5 	 0.039698 	 0.664784 	 1.627604
    6 	 0.180845 	 1.065698 	 1.627604
    7 	 0.042459 	 1.342814 	 1.627604
    8 	 0.042459 	 1.472268 	 1.627604
    9 	 0.542535 	 1.504888 	 1.627604
   10 	 0.542535 	 1.566892 	 1.627604
   11 	 0.113554 	 1.532615 	 1.627604
   12 	 1.627604 	 1.627604 	 1.627604
   13 	 0.049321 	 1.601299 	 1.627604
   14 	 1.627604 	 1.627604 	 1.627604
   15 	 0.049321 	 1.576065 	 1.627604
   16 	 0.042459 	 1.532548 	 1.627604
   17 	 0.325521 	 1.605903 	 1.627604
   18 	 0.542535 	 1.609519 	 1.627604
   19 	 0.095741 	 1.562287 	 1.627604
   20 	 0.042459 	 1.528421 	 1.627604
   21 	 0.325521 	 1.584201 	 1.627604
   22 	 0.325521 	 1.575159 	 1.627604
   23 	 0.697545 	 1.603061 	 1.627604
   24 	 0.042459 	 1.567599 	 1.627604
   25 	 1.627604 	 1.627604 	 1.627604
   26 	 1.627604 	 1.627604 	 1.627604
   27 	 0.042459 	 1.601185 	 1.627604
   28 	 0.095741 	 1.558457 	 1.627604
   29 	 0.542535 	 1.636646 	 3.255205
   30 	 0.049321 	 1.585798 	 1.627604
   31 	 0.697545 	 1.612103 	 1.627604
   32 	 1.627604 	 1.627604 	 1.627604
   33 	 0.325521 	 1.605903 	 1.627604
   34 	 1.627604 	 1.627604 	 1.627604
   35 	 0.049321 	 1.601299 	 1.627604
   36 	 0.049321 	 1.601299 	 1.627604
   37 	 0.542535 	 1.609519 	 1.627604
   38 	 0.256990 	 1.589259 	 1.627604
   39 	 0.542535 	 1.609519 	 1.627604
   40 	 0.542535 	 1.609519 	 1.627604
   41 	 1.627604 	 1.627604 	 1.627604
   42 	 0.325521 	 1.605903 	 1.627604
   43 	 0.542535 	 1.600477 	 1.627604
   44 	 0.256990 	 1.568591 	 1.627604
   45 	 0.542535 	 1.582393 	 1.627604
   46 	 0.049321 	 1.583215 	 1.627604
   47 	 1.085070 	 1.609519 	 1.627604
   48 	 1.085070 	 1.600477 	 1.627604
   49 	 0.049321 	 1.583215 	 1.627604
   50 	 0.325521 	 1.596860 	 1.627604
   51 	 1.085070 	 1.618562 	 1.627604
   52 	 0.095741 	 1.593031 	 1.627604
   53 	 1.085070 	 1.618562 	 1.627604
   54 	 0.042459 	 1.538451 	 1.627604
   55 	 0.095741 	 1.551605 	 1.627604
   56 	 0.113554 	 1.593328 	 1.627604
   57 	 0.041913 	 1.553170 	 1.627604
   58 	 0.542535 	 1.609519 	 1.627604
   59 	 1.627604 	 1.627604 	 1.627604
   60 	 1.627604 	 1.627604 	 1.627604
   61 	 1.627604 	 1.627604 	 1.627604
   62 	 0.325521 	 1.617528 	 3.255205
   63 	 1.627604 	 1.681857 	 3.255205
   64 	 1.627604 	 1.736111 	 3.255205
   65 	 1.627604 	 1.817491 	 3.255205
   66 	 1.627604 	 1.953124 	 3.255205
   67 	 0.697545 	 2.073257 	 3.255205
   68 	 0.043020 	 2.225108 	 3.255205
   69 	 0.361690 	 2.664446 	 3.255205
   70 	 1.627604 	 2.929685 	 3.255205
   71 	 1.627604 	 3.038192 	 3.255205
   72 	 0.043020 	 3.093162 	 3.255205
   73 	 1.627604 	 3.146698 	 3.255205
   74 	 0.887784 	 3.188621 	 3.255205
   75 	 0.117658 	 3.175786 	 3.255205
   76 	 0.117658 	 3.202913 	 3.255205
   77 	 3.255205 	 3.255205 	 3.255205
   78 	 3.255205 	 3.255205 	 3.255205
   79 	 1.627604 	 3.228078 	 3.255205
 