   0 	 0.014340 	 0.056844 	 0.375601
    1 	 0.013251 	 0.132036 	 0.976562
    2 	 0.036713 	 0.483060 	 9.765615
    3 	 0.034753 	 4.132781 	 9.765615
    4 	 0.375601 	 9.085197 	 9.765615
    5 	 0.037999 	 8.817530 	 9.765615
    6 	 0.542535 	 9.183295 	 9.765615
    7 	 4.882807 	 9.684234 	 9.765615
    8 	 0.150240 	 9.393770 	 9.765615
    9 	 0.574449 	 9.482220 	 9.765615
   10 	 9.765615 	 9.765615 	 9.765615
   11 	 9.765615 	 9.765615 	 9.765615
   12 	 9.765615 	 9.765615 	 9.765615
   13 	 4.882807 	 9.684234 	 9.765615
   14 	 0.574449 	 9.612428 	 9.765615
   15 	 9.765615 	 9.765615 	 9.765615
   16 	 1.085069 	 9.620939 	 9.765615
   17 	 0.120563 	 9.523484 	 9.765615
   18 	 9.765615 	 9.765615 	 9.765615
   19 	 9.765615 	 9.765615 	 9.765615
   20 	 0.037999 	 9.603488 	 9.765615
   21 	 0.574449 	 9.612428 	 9.765615
   22 	 0.574449 	 9.612428 	 9.765615
   23 	 9.765615 	 9.765615 	 9.765615
   24 	 0.150240 	 9.460683 	 9.765615
   25 	 9.765615 	 9.765615 	 9.765615
   26 	 9.765615 	 9.765615 	 9.765615
   27 	 1.085069 	 9.620939 	 9.765615
   28 	 9.765615 	 9.765615 	 9.765615
   29 	 9.765615 	 9.765615 	 9.765615
   30 	 9.765615 	 9.765615 	 9.765615
   31 	 9.765615 	 9.765615 	 9.765615
   32 	 9.765615 	 9.765615 	 9.765615
   33 	 0.390625 	 9.609365 	 9.765615
   34 	 0.150240 	 9.605358 	 9.765615
   35 	 9.765615 	 9.765615 	 9.765615
   36 	 4.882807 	 9.684234 	 9.765615
   37 	 9.765615 	 9.765615 	 9.765615
   38 	 0.037999 	 9.603488 	 9.765615
   39 	 0.037999 	 9.473279 	 9.765615
   40 	 9.765615 	 9.765615 	 9.765615
   41 	 9.765615 	 9.765615 	 9.765615
   42 	 0.150240 	 9.605358 	 9.765615
   43 	 0.574449 	 9.612428 	 9.765615
   44 	 9.765615 	 9.769521 	 10.000000
   45 	 9.765615 	 9.769521 	 10.000000
   46 	 9.765615 	 9.765615 	 9.765615
   47 	 4.882807 	 9.684234 	 9.765615
   48 	 4.882807 	 9.684234 	 9.765615
   49 	 4.882807 	 9.684234 	 9.765615
   50 	 0.043403 	 9.201685 	 9.765615
   51 	 0.037999 	 9.440727 	 9.765615
   52 	 9.765615 	 9.765615 	 9.765615
   53 	 9.765615 	 9.765615 	 9.765615
   54 	 1.085069 	 9.620939 	 9.765615
   55 	 9.765615 	 9.765615 	 9.765615
   56 	 9.765615 	 9.765615 	 9.765615
   57 	 9.765615 	 9.769521 	 10.000000
   58 	 0.390625 	 9.617178 	 10.000000
   59 	 9.765615 	 9.769521 	 10.000000
   60 	 0.037999 	 9.324000 	 10.000000
   61 	 9.765615 	 9.777334 	 10.000000
   62 	 9.765615 	 9.773427 	 10.000000
   63 	 0.390625 	 9.613271 	 10.000000
   64 	 9.765615 	 9.777334 	 10.000000
   65 	 0.574449 	 9.628054 	 10.000000
   66 	 0.574449 	 9.624148 	 10.000000
   67 	 9.765615 	 9.785147 	 10.000000
   68 	 0.120563 	 9.640022 	 10.000000
   69 	 0.037999 	 9.172860 	 10.000000
   70 	 9.765615 	 9.800772 	 10.000000
   71 	 9.765615 	 9.828117 	 10.000000
   72 	 9.765615 	 9.824211 	 10.000000
   73 	 0.038147 	 9.520620 	 10.000000
   74 	 9.765615 	 9.847649 	 10.000000
   75 	 1.953125 	 9.721348 	 10.000000
   76 	 0.037999 	 9.665990 	 10.000000
   77 	 9.765615 	 9.839837 	 10.000000
   78 	 0.037999 	 9.505734 	 10.000000
   79 	 0.037999 	 9.650365 	 10.000000
 