   0 	 0.016552 	 0.065391 	 0.295928
    1 	 0.015776 	 0.152737 	 1.220704
    2 	 0.019453 	 0.352683 	 4.882807
    3 	 0.033791 	 1.385203 	 9.765615
    4 	 0.030423 	 3.320220 	 9.765615
    5 	 0.037999 	 4.803253 	 9.765615
    6 	 0.037999 	 5.316992 	 9.765615
    7 	 0.037999 	 6.323163 	 9.765615
    8 	 0.057445 	 8.572843 	 9.765615
    9 	 0.037999 	 8.584578 	 9.765615
   10 	 0.390625 	 9.186188 	 9.765615
   11 	 0.037999 	 9.440727 	 9.765615
   12 	 1.085069 	 9.539559 	 9.765615
   13 	 1.085069 	 9.376798 	 9.765615
   14 	 4.882807 	 9.525381 	 10.000000
   15 	 0.043403 	 9.611391 	 10.000000
   16 	 0.037999 	 9.496718 	 10.000000
   17 	 0.390625 	 9.636710 	 10.000000
   18 	 9.765615 	 9.785147 	 10.000000
   19 	 9.765615 	 9.781240 	 10.000000
   20 	 1.953125 	 9.647126 	 10.000000
   21 	 0.037999 	 9.185402 	 10.000000
   22 	 9.765615 	 9.800772 	 10.000000
   23 	 9.765615 	 9.808585 	 10.000000
   24 	 1.953125 	 9.674471 	 10.000000
   25 	 2.441407 	 9.678702 	 10.000000
   26 	 9.765615 	 9.789053 	 10.000000
   27 	 9.765615 	 9.796866 	 10.000000
   28 	 0.043403 	 9.516665 	 10.000000
   29 	 2.441407 	 9.670889 	 10.000000
   30 	 9.765615 	 9.796866 	 10.000000
   31 	 0.574449 	 9.628054 	 10.000000
   32 	 0.574449 	 9.635867 	 10.000000
   33 	 9.765615 	 9.796866 	 10.000000
   34 	 0.037999 	 9.626926 	 10.000000
   35 	 4.882807 	 9.695954 	 10.000000
   36 	 9.765615 	 9.785147 	 10.000000
   37 	 9.765615 	 9.777334 	 10.000000
   38 	 4.882807 	 9.688141 	 10.000000
   39 	 4.882807 	 9.692047 	 10.000000
   40 	 9.765615 	 9.765615 	 9.765615
   41 	 0.574449 	 9.482220 	 9.765615
   42 	 9.765615 	 9.765615 	 9.765615
   43 	 1.085069 	 9.620939 	 9.765615
   44 	 0.037999 	 9.443231 	 9.765615
   45 	 0.043403 	 9.603578 	 9.765615
   46 	 9.765615 	 9.765615 	 9.765615
   47 	 9.765615 	 9.765615 	 9.765615
   48 	 9.765615 	 9.765615 	 9.765615
   49 	 9.765615 	 9.765615 	 9.765615
   50 	 0.150240 	 9.145800 	 9.765615
   51 	 9.765615 	 9.765615 	 9.765615
   52 	 1.953125 	 9.635406 	 9.765615
   53 	 0.037999 	 9.003587 	 9.765615
   54 	 0.037999 	 9.443231 	 9.765615
   55 	 0.120563 	 9.604864 	 9.765615
   56 	 0.150240 	 9.605358 	 9.765615
   57 	 9.765615 	 9.765615 	 9.765615
   58 	 4.882807 	 9.684234 	 9.765615
   59 	 0.037999 	 9.603488 	 9.765615
   60 	 9.765615 	 9.765615 	 9.765615
   61 	 1.953125 	 9.635406 	 9.765615
   62 	 4.882807 	 9.684234 	 9.765615
   63 	 9.765615 	 9.769521 	 10.000000
   64 	 9.765615 	 9.765615 	 9.765615
   65 	 0.037999 	 9.447238 	 9.765615
   66 	 4.882807 	 9.684234 	 9.765615
   67 	 0.150240 	 9.609265 	 10.000000
   68 	 0.035772 	 9.449136 	 10.000000
   69 	 9.765615 	 9.777334 	 10.000000
   70 	 0.150240 	 9.624890 	 10.000000
   71 	 9.765615 	 9.808585 	 10.000000
   72 	 9.765615 	 9.824211 	 10.000000
   73 	 9.765615 	 9.847649 	 10.000000
   74 	 9.765615 	 9.839837 	 10.000000
   75 	 9.765615 	 9.863275 	 10.000000
   76 	 0.152588 	 9.695245 	 10.000000
   77 	 9.765615 	 9.863275 	 10.000000
   78 	 9.765615 	 9.863275 	 10.000000
   79 	 0.610352 	 9.584386 	 10.000000
 