   0 	 0.020135 	 0.052232 	 0.325521
    1 	 0.017691 	 0.101065 	 0.574449
    2 	 0.020135 	 0.216346 	 0.976562
    3 	 0.034265 	 0.460281 	 1.953125
    4 	 0.038447 	 0.819615 	 4.882807
    5 	 0.037416 	 1.526305 	 4.882807
    6 	 0.021510 	 2.572830 	 4.882807
    7 	 0.180845 	 4.035903 	 9.765615
    8 	 0.042459 	 3.848710 	 4.882807
    9 	 0.043211 	 4.427789 	 4.882807
   10 	 0.195312 	 4.618051 	 4.882807
   11 	 0.043211 	 4.409927 	 4.882807
   12 	 0.375601 	 4.602359 	 4.882807
   13 	 0.057445 	 4.386425 	 4.882807
   14 	 0.043211 	 4.526175 	 4.882807
   15 	 4.882807 	 4.882807 	 4.882807
   16 	 0.375601 	 4.807687 	 4.882807
   17 	 0.976562 	 4.817703 	 4.882807
   18 	 4.882807 	 4.882807 	 4.882807
   19 	 0.037851 	 4.802058 	 4.882807
   20 	 0.542535 	 4.783343 	 4.882807
   21 	 0.375601 	 4.807687 	 4.882807
   22 	 4.882807 	 4.882807 	 4.882807
   23 	 0.043211 	 4.802147 	 4.882807
   24 	 0.119093 	 4.803412 	 4.882807
   25 	 0.119093 	 4.724017 	 4.882807
   26 	 0.037851 	 4.721398 	 4.882807
   27 	 0.976562 	 4.817703 	 4.882807
   28 	 0.043211 	 4.802147 	 4.882807
   29 	 0.119093 	 4.803412 	 4.882807
   30 	 0.119093 	 4.749159 	 4.882807
   31 	 0.043211 	 4.856401 	 9.765615
   32 	 1.627604 	 5.235455 	 9.765615
   33 	 0.147964 	 5.292174 	 9.765615
   34 	 0.119093 	 5.376979 	 10.000000
   35 	 4.882807 	 6.115228 	 10.000000
   36 	 4.882807 	 6.351556 	 10.000000
   37 	 0.976562 	 7.014966 	 9.765615
   38 	 1.953125 	 8.089184 	 9.765615
   39 	 0.390625 	 8.828116 	 9.765615
   40 	 0.037999 	 9.522108 	 9.765615
   41 	 0.574449 	 9.534955 	 10.000000
   42 	 4.882807 	 9.451813 	 10.000000
   43 	 4.882807 	 9.455720 	 10.000000
   44 	 4.882807 	 9.556632 	 10.000000
   45 	 4.882807 	 9.328117 	 10.000000
   46 	 2.441407 	 9.458000 	 10.000000
   47 	 0.390625 	 9.652335 	 10.000000
   48 	 4.882807 	 9.634106 	 10.000000
   49 	 0.150240 	 9.636610 	 10.000000
   50 	 9.765615 	 9.792960 	 10.000000
   51 	 9.765615 	 9.808585 	 10.000000
   52 	 9.765615 	 9.812492 	 10.000000
   53 	 0.150240 	 9.488028 	 10.000000
   54 	 0.390625 	 9.506827 	 10.000000
   55 	 1.953125 	 9.662751 	 10.000000
   56 	 9.765615 	 9.789053 	 10.000000
   57 	 9.765615 	 9.781240 	 10.000000
   58 	 9.765615 	 9.781240 	 10.000000
   59 	 0.574449 	 9.624148 	 10.000000
   60 	 9.765615 	 9.777334 	 10.000000
   61 	 0.390625 	 9.621084 	 10.000000
   62 	 0.390625 	 9.632803 	 10.000000
   63 	 9.765615 	 9.792960 	 10.000000
   64 	 9.765615 	 9.812492 	 10.000000
   65 	 9.765615 	 9.808585 	 10.000000
   66 	 9.765615 	 9.796866 	 10.000000
   67 	 0.043403 	 9.627016 	 10.000000
   68 	 9.765615 	 9.796866 	 10.000000
   69 	 2.441407 	 9.670889 	 10.000000
   70 	 0.610352 	 9.632559 	 10.000000
   71 	 0.037999 	 9.607394 	 10.000000
   72 	 9.765615 	 9.781240 	 10.000000
   73 	 0.390625 	 9.613271 	 10.000000
   74 	 9.765615 	 9.769521 	 10.000000
   75 	 0.574449 	 9.620241 	 10.000000
   76 	 0.574449 	 9.620241 	 10.000000
   77 	 1.085069 	 9.640471 	 10.000000
   78 	 9.765615 	 9.773427 	 10.000000
   79 	 0.390625 	 9.613271 	 10.000000
 