   0 	 0.017346 	 0.088661 	 1.220704
    1 	 0.016222 	 0.424210 	 4.882807
    2 	 0.063828 	 1.504161 	 9.765615
    3 	 0.083467 	 3.634300 	 9.765615
    4 	 0.036991 	 4.666021 	 9.765615
    5 	 0.037999 	 6.317223 	 9.765615
    6 	 0.067349 	 7.180990 	 10.000000
    7 	 0.037999 	 7.932396 	 10.000000
    8 	 2.441407 	 8.961907 	 10.000000
    9 	 0.038147 	 8.526697 	 10.000000
   10 	 4.882807 	 9.665357 	 10.000000
   11 	 0.037999 	 9.480512 	 10.000000
   12 	 9.765615 	 9.796866 	 10.000000
   13 	 1.953125 	 9.651032 	 10.000000
   14 	 0.037999 	 9.496718 	 10.000000
   15 	 0.150240 	 9.624890 	 10.000000
   16 	 9.765615 	 9.781240 	 10.000000
   17 	 9.765615 	 9.796866 	 10.000000
   18 	 0.037999 	 9.493272 	 10.000000
   19 	 2.441407 	 9.686515 	 10.000000
   20 	 0.574449 	 9.643680 	 10.000000
   21 	 9.765615 	 9.808585 	 10.000000
   22 	 9.765615 	 9.800772 	 10.000000
   23 	 9.765615 	 9.812492 	 10.000000
   24 	 9.765615 	 9.812492 	 10.000000
   25 	 9.765615 	 9.789053 	 10.000000
   26 	 0.150240 	 9.547417 	 10.000000
   27 	 9.765615 	 9.777334 	 10.000000
   28 	 0.043403 	 9.615297 	 10.000000
   29 	 0.574449 	 9.337445 	 10.000000
   30 	 9.765615 	 9.773427 	 10.000000
   31 	 0.574449 	 9.620241 	 10.000000
   32 	 4.882807 	 9.692047 	 10.000000
   33 	 9.765615 	 9.769521 	 10.000000
   34 	 0.574449 	 9.534955 	 10.000000
   35 	 9.765615 	 9.769521 	 10.000000
   36 	 0.150240 	 9.605358 	 9.765615
   37 	 9.765615 	 9.765615 	 9.765615
   38 	 9.765615 	 9.765615 	 9.765615
   39 	 0.037999 	 9.473279 	 9.765615
   40 	 0.390625 	 9.456179 	 9.765615
   41 	 9.765615 	 9.765615 	 9.765615
   42 	 9.765615 	 9.765615 	 9.765615
   43 	 9.765615 	 9.765615 	 9.765615
   44 	 9.765615 	 9.765615 	 9.765615
   45 	 0.043403 	 9.603578 	 9.765615
   46 	 9.765615 	 9.765615 	 9.765615
   47 	 0.043403 	 9.603578 	 9.765615
   48 	 0.037999 	 9.603488 	 9.765615
   49 	 9.765615 	 9.765615 	 9.765615
   50 	 1.953125 	 9.635406 	 9.765615
   51 	 9.765615 	 9.765615 	 9.765615
   52 	 1.953125 	 9.635406 	 9.765615
   53 	 4.882807 	 9.684234 	 9.765615
   54 	 4.882807 	 9.684234 	 9.765615
   55 	 4.882807 	 9.521474 	 9.765615
   56 	 1.953125 	 9.635406 	 9.765615
   57 	 0.037999 	 9.522108 	 9.765615
   58 	 0.390625 	 9.609365 	 9.765615
   59 	 0.150240 	 9.449109 	 9.765615
   60 	 0.150240 	 9.609265 	 10.000000
   61 	 9.765615 	 9.765615 	 9.765615
   62 	 0.150240 	 9.605358 	 9.765615
   63 	 9.765615 	 9.765615 	 9.765615
   64 	 9.765615 	 9.765615 	 9.765615
   65 	 9.765615 	 9.769521 	 10.000000
   66 	 0.574449 	 9.616335 	 10.000000
   67 	 9.765615 	 9.773427 	 10.000000
   68 	 9.765615 	 9.792960 	 10.000000
   69 	 0.574449 	 9.639773 	 10.000000
   70 	 0.574449 	 9.510026 	 10.000000
   71 	 9.765615 	 9.824211 	 10.000000
   72 	 4.882807 	 9.738924 	 10.000000
   73 	 0.037999 	 9.561172 	 10.000000
   74 	 9.765615 	 9.820305 	 10.000000
   75 	 9.765615 	 9.820305 	 10.000000
   76 	 1.953125 	 9.705722 	 10.000000
   77 	 9.765615 	 9.832024 	 10.000000
   78 	 9.765615 	 9.835930 	 10.000000
   79 	 9.765615 	 9.855462 	 10.000000
 