   0 	 0.016808 	 0.059957 	 0.465030
    1 	 0.027127 	 0.099409 	 0.465030
    2 	 0.024053 	 0.183354 	 0.574449
    3 	 0.048585 	 0.301732 	 0.574449
    4 	 0.039860 	 0.380875 	 0.574449
    5 	 0.045848 	 0.446662 	 1.953125
    6 	 0.039860 	 0.498822 	 1.953125
    7 	 0.039860 	 0.752062 	 1.953125
    8 	 0.035255 	 1.020617 	 1.953125
    9 	 0.042459 	 1.547030 	 2.441407
   10 	 0.037416 	 1.791677 	 9.765615
   11 	 0.037416 	 2.459691 	 9.765615
   12 	 0.037999 	 4.309651 	 9.765615
   13 	 0.037999 	 6.531904 	 9.765615
   14 	 0.043403 	 7.839611 	 9.765615
   15 	 0.043211 	 8.007008 	 10.000000
   16 	 0.120563 	 9.134017 	 10.000000
   17 	 0.020303 	 8.165718 	 10.000000
   18 	 0.037999 	 8.437806 	 10.000000
   19 	 0.043403 	 8.871672 	 10.000000
   20 	 0.020303 	 7.592206 	 10.000000
   21 	 0.037999 	 8.578343 	 10.000000
   22 	 0.038147 	 8.501294 	 10.000000
   23 	 0.043403 	 7.848098 	 10.000000
   24 	 0.037999 	 7.954081 	 10.000000
   25 	 0.122070 	 8.897550 	 10.000000
   26 	 0.037999 	 8.351286 	 10.000000
   27 	 0.037999 	 8.860137 	 10.000000
   28 	 0.037999 	 8.334028 	 10.000000
   29 	 0.037999 	 8.387190 	 10.000000
   30 	 0.037999 	 8.785239 	 10.000000
   31 	 0.037999 	 8.769802 	 10.000000
   32 	 0.037999 	 8.271719 	 10.000000
   33 	 0.037999 	 8.746097 	 10.000000
   34 	 0.037999 	 8.250115 	 10.000000
   35 	 0.037999 	 8.978164 	 10.000000
   36 	 0.037999 	 7.246938 	 10.000000
   37 	 0.037999 	 8.097995 	 10.000000
   38 	 0.037999 	 8.236826 	 10.000000
   39 	 0.037999 	 8.782679 	 10.000000
   40 	 0.037999 	 9.106545 	 10.000000
   41 	 0.037999 	 8.939265 	 10.000000
   42 	 0.037999 	 8.781010 	 10.000000
   43 	 0.037560 	 8.895269 	 10.000000
   44 	 0.037999 	 7.919993 	 10.000000
   45 	 0.040521 	 8.890359 	 10.000000
   46 	 0.043403 	 9.372209 	 10.000000
   47 	 0.038147 	 8.570858 	 10.000000
   48 	 0.574449 	 9.293738 	 10.000000
   49 	 0.037999 	 8.760777 	 10.000000
   50 	 0.038147 	 8.847417 	 10.000000
   51 	 0.043211 	 8.657750 	 10.000000
   52 	 0.037999 	 8.346251 	 10.000000
   53 	 0.021701 	 8.149202 	 10.000000
   54 	 0.120563 	 8.903179 	 10.000000
   55 	 0.038147 	 8.206159 	 10.000000
   56 	 0.037999 	 8.756922 	 10.000000
   57 	 0.037999 	 8.488099 	 10.000000
   58 	 0.038147 	 8.506811 	 10.000000
   59 	 0.037999 	 8.339916 	 10.000000
   60 	 0.043403 	 8.682762 	 10.000000
   61 	 0.038147 	 8.820639 	 10.000000
   62 	 0.038147 	 9.325716 	 10.000000
   63 	 0.037999 	 8.141138 	 10.000000
   64 	 0.037999 	 8.301907 	 10.000000
   65 	 0.030518 	 8.277003 	 10.000000
   66 	 0.038147 	 8.888244 	 10.000000
   67 	 0.037999 	 7.789819 	 10.000000
   68 	 0.037999 	 8.576216 	 10.000000
   69 	 0.120563 	 9.031195 	 10.000000
   70 	 0.038147 	 8.819204 	 10.000000
   71 	 0.034753 	 8.879978 	 10.000000
   72 	 0.037999 	 8.715761 	 10.000000
   73 	 0.037416 	 8.296940 	 10.000000
   74 	 0.037999 	 8.267431 	 10.000000
   75 	 0.038147 	 8.976553 	 10.000000
   76 	 0.038147 	 8.830689 	 10.000000
   77 	 0.037560 	 9.030792 	 10.000000
   78 	 0.038147 	 8.363021 	 10.000000
   79 	 0.038147 	 8.115831 	 10.000000
 