   0 	 0.020778 	 0.052184 	 0.390625
    1 	 0.021369 	 0.101407 	 1.953125
    2 	 0.021369 	 0.662649 	 1.953125
    3 	 0.036713 	 1.499534 	 1.953125
    4 	 0.037416 	 1.944261 	 9.765615
    5 	 0.049572 	 3.384139 	 9.765615
    6 	 0.037999 	 5.638613 	 10.000000
    7 	 0.037416 	 8.222854 	 10.000000
    8 	 0.037999 	 8.269095 	 10.000000
    9 	 0.574449 	 9.144330 	 10.000000
   10 	 0.037999 	 8.531656 	 10.000000
   11 	 0.037999 	 8.508147 	 10.000000
   12 	 0.037999 	 8.255915 	 10.000000
   13 	 0.037999 	 8.997308 	 10.000000
   14 	 0.036851 	 8.566198 	 10.000000
   15 	 0.120563 	 8.677164 	 10.000000
   16 	 0.037999 	 8.606340 	 10.000000
   17 	 0.150240 	 8.490711 	 10.000000
   18 	 0.033791 	 8.278297 	 10.000000
   19 	 0.037416 	 8.233812 	 10.000000
   20 	 0.150240 	 8.329065 	 10.000000
   21 	 0.037999 	 8.443726 	 10.000000
   22 	 0.037999 	 8.406747 	 10.000000
   23 	 0.037999 	 8.360766 	 10.000000
   24 	 0.037999 	 8.178523 	 10.000000
   25 	 0.035772 	 8.503516 	 10.000000
   26 	 0.037999 	 8.127172 	 10.000000
   27 	 0.037999 	 8.706135 	 10.000000
   28 	 0.028978 	 8.373393 	 10.000000
   29 	 0.043403 	 8.251083 	 10.000000
   30 	 0.150240 	 8.676578 	 10.000000
   31 	 0.037999 	 8.097288 	 10.000000
   32 	 0.037999 	 9.018011 	 10.000000
   33 	 0.119093 	 7.777269 	 10.000000
   34 	 0.037999 	 8.205741 	 10.000000
   35 	 0.037999 	 8.864768 	 10.000000
   36 	 0.037999 	 8.656900 	 10.000000
   37 	 0.035903 	 8.819089 	 10.000000
   38 	 0.043403 	 8.569716 	 10.000000
   39 	 0.037999 	 8.686858 	 10.000000
   40 	 0.037999 	 8.710824 	 10.000000
   41 	 0.150240 	 8.726671 	 10.000000
   42 	 0.036851 	 8.805773 	 10.000000
   43 	 0.042645 	 8.943106 	 10.000000
   44 	 0.037999 	 9.410764 	 10.000000
   45 	 0.037999 	 8.703901 	 10.000000
   46 	 0.150240 	 8.981735 	 10.000000
   47 	 0.037999 	 8.763293 	 10.000000
   48 	 0.037999 	 8.480700 	 10.000000
   49 	 0.037999 	 7.844529 	 10.000000
   50 	 0.150240 	 8.638302 	 10.000000
   51 	 0.037999 	 8.392358 	 10.000000
   52 	 0.037999 	 8.426975 	 10.000000
   53 	 0.043403 	 8.552003 	 10.000000
   54 	 0.067349 	 9.143500 	 10.000000
   55 	 0.037999 	 8.622329 	 10.000000
   56 	 0.150240 	 9.199050 	 10.000000
   57 	 0.037999 	 9.110861 	 10.000000
   58 	 0.037999 	 8.737635 	 10.000000
   59 	 0.152588 	 8.758984 	 10.000000
   60 	 0.049572 	 8.109409 	 10.000000
   61 	 0.038147 	 8.602915 	 10.000000
   62 	 0.037999 	 7.899682 	 10.000000
   63 	 0.037999 	 8.758251 	 10.000000
   64 	 0.038147 	 8.624594 	 10.000000
   65 	 0.037999 	 8.704874 	 10.000000
   66 	 0.043403 	 9.074553 	 10.000000
   67 	 0.037999 	 9.353548 	 10.000000
   68 	 0.030518 	 7.876975 	 10.000000
   69 	 0.037851 	 8.492842 	 10.000000
   70 	 0.038147 	 8.444698 	 10.000000
   71 	 0.096689 	 8.339842 	 10.000000
   72 	 0.037999 	 8.855346 	 10.000000
   73 	 0.150240 	 8.611951 	 10.000000
   74 	 0.037999 	 8.471138 	 10.000000
   75 	 0.037999 	 8.631842 	 10.000000
   76 	 0.033791 	 8.522640 	 10.000000
   77 	 0.037999 	 8.756742 	 10.000000
   78 	 0.028978 	 8.862815 	 10.000000
   79 	 0.019073 	 8.626484 	 10.000000
 