   0 	 0.017377 	 0.076125 	 0.697545
    1 	 0.018018 	 0.246735 	 0.697545
    2 	 0.024723 	 0.448727 	 0.697545
    3 	 0.038447 	 0.556057 	 1.627604
    4 	 0.041032 	 0.669258 	 1.627604
    5 	 0.056124 	 0.727449 	 1.627604
    6 	 0.042459 	 0.959986 	 4.882807
    7 	 0.037273 	 1.200709 	 4.882807
    8 	 0.113554 	 1.697959 	 4.882807
    9 	 0.028638 	 2.169845 	 4.882807
   10 	 0.096689 	 3.002268 	 4.882807
   11 	 0.041733 	 3.613997 	 4.882807
   12 	 0.042459 	 4.134020 	 4.882807
   13 	 0.037851 	 4.309363 	 4.882807
   14 	 0.037851 	 4.224972 	 4.882807
   15 	 0.057445 	 4.126202 	 4.882807
   16 	 0.119093 	 4.033984 	 4.882807
   17 	 0.041733 	 4.042904 	 4.882807
   18 	 0.043211 	 3.939911 	 4.882807
   19 	 0.043211 	 4.323605 	 4.882807
   20 	 0.043211 	 4.515439 	 4.882807
   21 	 0.375601 	 4.384511 	 4.882807
   22 	 0.037851 	 4.267347 	 4.882807
   23 	 0.037851 	 4.153392 	 4.882807
   24 	 0.043211 	 4.393046 	 4.882807
   25 	 0.037851 	 3.901547 	 4.882807
   26 	 0.119093 	 4.059167 	 4.882807
   27 	 0.037851 	 4.117390 	 4.882807
   28 	 0.043211 	 4.026246 	 4.882807
   29 	 0.043211 	 4.294669 	 4.882807
   30 	 0.037851 	 4.143162 	 4.882807
   31 	 0.037851 	 4.366748 	 4.882807
   32 	 0.040354 	 4.213304 	 4.882807
   33 	 0.147964 	 4.219822 	 4.882807
   34 	 0.037851 	 4.106764 	 4.882807
   35 	 0.034630 	 4.081481 	 4.882807
   36 	 0.041733 	 4.051200 	 4.882807
   37 	 0.039062 	 4.044995 	 4.882807
   38 	 0.037851 	 3.910888 	 4.882807
   39 	 0.043211 	 4.142549 	 4.882807
   40 	 0.043211 	 3.954224 	 4.882807
   41 	 0.037416 	 4.128483 	 4.882807
   42 	 0.375601 	 4.464082 	 4.882807
   43 	 0.037851 	 4.079007 	 4.882807
   44 	 0.037851 	 3.935191 	 4.882807
   45 	 0.043211 	 3.968610 	 4.882807
   46 	 0.037851 	 4.396712 	 4.882807
   47 	 0.037851 	 4.166718 	 4.882807
   48 	 0.037851 	 4.182605 	 4.882807
   49 	 0.037851 	 4.148311 	 4.882807
   50 	 0.043211 	 4.244567 	 4.882807
   51 	 0.092129 	 4.192794 	 4.882807
   52 	 0.119093 	 4.260739 	 4.882807
   53 	 0.037851 	 3.988823 	 4.882807
   54 	 0.037851 	 4.286419 	 4.882807
   55 	 0.043211 	 4.299006 	 4.882807
   56 	 0.113554 	 4.565439 	 4.882807
   57 	 0.037851 	 4.074947 	 4.882807
   58 	 0.037851 	 4.127322 	 4.882807
   59 	 0.037851 	 4.193646 	 4.882807
   60 	 0.043211 	 4.405843 	 4.882807
   61 	 0.043211 	 4.281656 	 4.882807
   62 	 0.037851 	 3.755409 	 4.882807
   63 	 0.037851 	 4.059290 	 4.882807
   64 	 0.037851 	 3.530488 	 4.882807
   65 	 0.042459 	 3.853310 	 4.882807
   66 	 0.043211 	 4.174667 	 4.882807
   67 	 0.037851 	 3.969918 	 4.882807
   68 	 0.066888 	 4.099612 	 4.882807
   69 	 0.037851 	 4.273676 	 4.882807
   70 	 0.043211 	 3.942780 	 4.882807
   71 	 0.043211 	 3.959370 	 4.882807
   72 	 0.147964 	 4.442065 	 4.882807
   73 	 0.043211 	 4.004115 	 4.882807
   74 	 0.037851 	 3.877688 	 4.882807
   75 	 0.037851 	 3.939372 	 4.882807
   76 	 0.043211 	 4.213465 	 4.882807
   77 	 0.037851 	 4.273194 	 4.882807
   78 	 0.043211 	 4.181862 	 4.882807
   79 	 0.147964 	 4.268593 	 4.882807
 