   0 	 0.017952 	 0.052774 	 0.271267
    1 	 0.018288 	 0.069613 	 0.271267
    2 	 0.021896 	 0.153054 	 1.220704
    3 	 0.034630 	 0.302965 	 1.220704
    4 	 0.034753 	 0.590971 	 1.220704
    5 	 0.042093 	 0.880259 	 2.441407
    6 	 0.037560 	 1.199941 	 2.441407
    7 	 0.037560 	 1.304257 	 2.441407
    8 	 0.037560 	 1.318632 	 2.441407
    9 	 0.046064 	 1.411370 	 2.441407
   10 	 0.037560 	 1.433571 	 2.441407
   11 	 0.036991 	 1.708658 	 10.000000
   12 	 0.097656 	 3.125326 	 10.000000
   13 	 0.038147 	 5.414995 	 10.000000
   14 	 0.037999 	 7.354531 	 10.000000
   15 	 0.049825 	 8.669490 	 10.000000
   16 	 0.037999 	 8.242302 	 10.000000
   17 	 0.037999 	 7.883929 	 10.000000
   18 	 0.610352 	 9.398842 	 10.000000
   19 	 0.038147 	 7.888074 	 10.000000
   20 	 0.038147 	 8.610532 	 10.000000
   21 	 0.037999 	 7.933557 	 10.000000
   22 	 0.037999 	 8.391542 	 10.000000
   23 	 0.030518 	 9.160798 	 10.000000
   24 	 0.037999 	 8.528768 	 10.000000
   25 	 0.037999 	 9.002435 	 10.000000
   26 	 0.037999 	 8.300975 	 10.000000
   27 	 0.038147 	 8.898541 	 10.000000
   28 	 0.037999 	 8.389531 	 10.000000
   29 	 0.152588 	 8.871843 	 10.000000
   30 	 0.020303 	 8.566714 	 10.000000
   31 	 0.037560 	 8.966819 	 10.000000
   32 	 0.037999 	 8.419343 	 10.000000
   33 	 0.043403 	 8.705589 	 10.000000
   34 	 0.038147 	 8.900560 	 10.000000
   35 	 0.037999 	 9.572183 	 10.000000
   36 	 0.037999 	 8.096635 	 10.000000
   37 	 0.147964 	 8.855673 	 10.000000
   38 	 0.120563 	 8.476518 	 10.000000
   39 	 0.037999 	 8.899955 	 10.000000
   40 	 0.152588 	 8.475114 	 10.000000
   41 	 0.043403 	 8.814371 	 10.000000
   42 	 0.038147 	 9.173529 	 10.000000
   43 	 0.271267 	 9.495728 	 10.000000
   44 	 0.038147 	 8.705301 	 10.000000
   45 	 0.035903 	 8.587053 	 10.000000
   46 	 0.026465 	 8.393859 	 10.000000
   47 	 0.038147 	 9.427050 	 10.000000
   48 	 0.037999 	 8.466061 	 10.000000
   49 	 0.038147 	 8.387697 	 10.000000
   50 	 0.038147 	 7.863709 	 10.000000
   51 	 0.035903 	 8.595753 	 10.000000
   52 	 0.038147 	 8.567604 	 10.000000
   53 	 0.037999 	 8.836968 	 10.000000
   54 	 0.037999 	 9.372119 	 10.000000
   55 	 4.882807 	 9.774082 	 10.000000
   56 	 0.150240 	 8.671709 	 10.000000
   57 	 0.037999 	 8.420729 	 10.000000
   58 	 0.037999 	 8.415084 	 10.000000
   59 	 0.037999 	 8.571532 	 10.000000
   60 	 0.037999 	 8.385228 	 10.000000
   61 	 0.120563 	 8.874269 	 10.000000
   62 	 0.038147 	 8.439809 	 10.000000
   63 	 0.037999 	 8.271572 	 10.000000
   64 	 0.150240 	 8.280311 	 10.000000
   65 	 0.043403 	 8.353181 	 10.000000
   66 	 0.150240 	 9.303929 	 10.000000
   67 	 0.143612 	 8.682424 	 10.000000
   68 	 0.120563 	 8.327791 	 10.000000
   69 	 0.037999 	 8.180209 	 10.000000
   70 	 0.037999 	 7.940061 	 10.000000
   71 	 0.150240 	 8.955293 	 10.000000
   72 	 0.043403 	 8.396493 	 10.000000
   73 	 0.037851 	 7.789038 	 10.000000
   74 	 0.038147 	 8.216541 	 10.000000
   75 	 0.037999 	 8.370943 	 10.000000
   76 	 0.030518 	 8.054415 	 10.000000
   77 	 0.037999 	 8.694990 	 10.000000
   78 	 0.037851 	 7.965015 	 10.000000
   79 	 0.038147 	 8.939492 	 10.000000
 