   0 	 0.017284 	 0.104572 	 1.953125
    1 	 0.018744 	 0.670057 	 1.953125
    2 	 0.025040 	 1.513465 	 4.882807
    3 	 0.037416 	 1.751495 	 4.882807
    4 	 0.042645 	 1.981864 	 4.882807
    5 	 0.031502 	 2.614088 	 9.765615
    6 	 0.037416 	 3.475129 	 9.765615
    7 	 0.037999 	 4.437184 	 9.765615
    8 	 0.020261 	 4.849754 	 9.765615
    9 	 0.041733 	 6.167291 	 9.765615
   10 	 0.028892 	 6.812255 	 9.765615
   11 	 0.046950 	 7.240888 	 10.000000
   12 	 0.037999 	 7.438948 	 10.000000
   13 	 0.150240 	 9.242729 	 10.000000
   14 	 0.043403 	 8.284619 	 10.000000
   15 	 0.152588 	 8.649985 	 10.000000
   16 	 0.152588 	 8.528577 	 10.000000
   17 	 0.150240 	 8.895968 	 10.000000
   18 	 0.037999 	 8.728180 	 10.000000
   19 	 0.038147 	 8.025325 	 10.000000
   20 	 0.037999 	 8.793759 	 10.000000
   21 	 0.037999 	 8.872007 	 10.000000
   22 	 0.150240 	 8.832416 	 10.000000
   23 	 0.037999 	 8.362910 	 10.000000
   24 	 0.120563 	 8.830576 	 10.000000
   25 	 0.120563 	 9.221761 	 10.000000
   26 	 0.037999 	 8.428685 	 10.000000
   27 	 0.035772 	 7.840357 	 10.000000
   28 	 0.120563 	 8.734063 	 10.000000
   29 	 0.037999 	 7.895570 	 10.000000
   30 	 0.037999 	 7.651568 	 10.000000
   31 	 0.037999 	 8.360660 	 10.000000
   32 	 0.037999 	 8.448184 	 10.000000
   33 	 0.034753 	 8.455424 	 10.000000
   34 	 0.037851 	 8.285010 	 10.000000
   35 	 0.038147 	 8.166804 	 10.000000
   36 	 0.038147 	 8.127777 	 10.000000
   37 	 0.037999 	 8.977251 	 10.000000
   38 	 0.037999 	 9.174162 	 10.000000
   39 	 0.150240 	 8.931228 	 10.000000
   40 	 0.038147 	 8.065501 	 10.000000
   41 	 0.150240 	 8.938775 	 10.000000
   42 	 0.037560 	 8.639437 	 10.000000
   43 	 0.043403 	 8.618724 	 10.000000
   44 	 0.036851 	 8.311848 	 10.000000
   45 	 0.037999 	 8.462583 	 10.000000
   46 	 0.574449 	 9.307583 	 10.000000
   47 	 0.037999 	 8.425385 	 10.000000
   48 	 0.037999 	 8.126755 	 10.000000
   49 	 0.037560 	 8.514769 	 10.000000
   50 	 0.035641 	 8.003408 	 10.000000
   51 	 0.043403 	 8.840505 	 10.000000
   52 	 0.038147 	 9.054849 	 10.000000
   53 	 0.037999 	 8.656169 	 10.000000
   54 	 0.019036 	 8.611358 	 10.000000
   55 	 0.037999 	 9.087289 	 10.000000
   56 	 0.038147 	 8.724163 	 10.000000
   57 	 0.038147 	 9.246046 	 10.000000
   58 	 0.038147 	 9.081317 	 10.000000
   59 	 0.038147 	 8.575330 	 10.000000
   60 	 0.037999 	 8.822089 	 10.000000
   61 	 0.038147 	 8.887900 	 10.000000
   62 	 0.038147 	 8.982531 	 10.000000
   63 	 0.030518 	 8.744705 	 10.000000
   64 	 0.038147 	 9.047082 	 10.000000
   65 	 0.037999 	 7.982014 	 10.000000
   66 	 0.037999 	 8.831875 	 10.000000
   67 	 0.037999 	 8.807907 	 10.000000
   68 	 0.037999 	 9.007854 	 10.000000
   69 	 0.038147 	 8.543339 	 10.000000
   70 	 0.043211 	 8.901049 	 10.000000
   71 	 0.038147 	 8.542543 	 10.000000
   72 	 0.038147 	 8.393090 	 10.000000
   73 	 0.037999 	 9.303957 	 10.000000
   74 	 0.150240 	 8.625293 	 10.000000
   75 	 0.035772 	 8.183837 	 10.000000
   76 	 0.037999 	 7.846195 	 10.000000
   77 	 0.037999 	 8.264447 	 10.000000
   78 	 0.120563 	 8.601077 	 10.000000
   79 	 0.037560 	 8.135049 	 10.000000
 