   0 	 0.018152 	 0.067089 	 0.406901
    1 	 0.017163 	 0.190828 	 1.220704
    2 	 0.039860 	 0.476738 	 1.220704
    3 	 0.047871 	 0.684874 	 1.220704
    4 	 0.035772 	 0.883730 	 1.220704
    5 	 0.037560 	 0.989370 	 2.441407
    6 	 0.036991 	 1.030429 	 2.441407
    7 	 0.093900 	 1.298965 	 10.000000
    8 	 0.018926 	 2.650867 	 10.000000
    9 	 0.030141 	 6.604443 	 10.000000
   10 	 0.038147 	 8.124317 	 10.000000
   11 	 0.610352 	 9.014892 	 10.000000
   12 	 0.038147 	 8.919398 	 10.000000
   13 	 0.152588 	 9.366027 	 10.000000
   14 	 0.038147 	 8.449088 	 10.000000
   15 	 0.038147 	 9.155831 	 10.000000
   16 	 0.150240 	 9.384419 	 10.000000
   17 	 0.038147 	 8.532596 	 10.000000
   18 	 0.120563 	 9.150403 	 10.000000
   19 	 0.038147 	 8.098605 	 10.000000
   20 	 0.120563 	 8.985142 	 10.000000
   21 	 0.610352 	 9.259924 	 10.000000
   22 	 0.038147 	 8.410518 	 10.000000
   23 	 0.043403 	 8.726993 	 10.000000
   24 	 0.038147 	 8.291795 	 10.000000
   25 	 0.037999 	 8.505036 	 10.000000
   26 	 0.037999 	 8.167835 	 10.000000
   27 	 0.038147 	 9.423609 	 10.000000
   28 	 0.037999 	 8.121715 	 10.000000
   29 	 0.038147 	 8.536916 	 10.000000
   30 	 0.150240 	 8.769173 	 10.000000
   31 	 0.043211 	 8.193943 	 10.000000
   32 	 0.043211 	 8.800889 	 10.000000
   33 	 0.035903 	 8.219295 	 10.000000
   34 	 0.038147 	 8.512760 	 10.000000
   35 	 0.019036 	 8.302065 	 10.000000
   36 	 0.043403 	 8.691558 	 10.000000
   37 	 0.038147 	 8.554486 	 10.000000
   38 	 0.038147 	 8.900983 	 10.000000
   39 	 0.038147 	 8.292730 	 10.000000
   40 	 0.038147 	 8.765981 	 10.000000
   41 	 0.038147 	 8.644960 	 10.000000
   42 	 0.038147 	 8.205598 	 10.000000
   43 	 0.038147 	 9.152323 	 10.000000
   44 	 0.035903 	 8.571983 	 10.000000
   45 	 0.038147 	 8.894370 	 10.000000
   46 	 0.019073 	 8.652080 	 10.000000
   47 	 0.120563 	 9.619902 	 10.000000
   48 	 0.038147 	 8.977460 	 10.000000
   49 	 0.038147 	 8.872259 	 10.000000
   50 	 0.020303 	 8.489634 	 10.000000
   51 	 0.030423 	 8.787165 	 10.000000
   52 	 0.038147 	 8.640338 	 10.000000
   53 	 0.043403 	 9.224008 	 10.000000
   54 	 0.038147 	 8.121493 	 10.000000
   55 	 0.150240 	 9.024096 	 10.000000
   56 	 0.035903 	 8.547780 	 10.000000
   57 	 0.037999 	 8.591759 	 10.000000
   58 	 0.038147 	 8.804086 	 10.000000
   59 	 0.038147 	 7.513671 	 10.000000
   60 	 0.037999 	 8.015387 	 10.000000
   61 	 0.038147 	 8.686639 	 10.000000
   62 	 0.038147 	 9.158028 	 10.000000
   63 	 0.038147 	 8.450816 	 10.000000
   64 	 0.038147 	 8.613350 	 10.000000
   65 	 0.037999 	 9.022152 	 10.000000
   66 	 0.152588 	 9.396361 	 10.000000
   67 	 0.038147 	 8.588128 	 10.000000
   68 	 0.030518 	 8.361570 	 10.000000
   69 	 0.038147 	 8.410240 	 10.000000
   70 	 0.038147 	 9.243132 	 10.000000
   71 	 0.150240 	 8.914570 	 10.000000
   72 	 0.152588 	 9.632505 	 10.000000
   73 	 0.037999 	 8.139667 	 10.000000
   74 	 0.150240 	 8.422597 	 10.000000
   75 	 0.038147 	 8.897203 	 10.000000
   76 	 0.038147 	 9.162014 	 10.000000
   77 	 0.038147 	 8.741583 	 10.000000
   78 	 0.038147 	 8.908602 	 10.000000
   79 	 0.038147 	 8.835930 	 10.000000
 