   0 	 0.012716 	 0.113668 	 1.953125
    1 	 0.025632 	 0.705012 	 1.953125
    2 	 0.036713 	 1.667388 	 10.000000
    3 	 0.037416 	 1.892701 	 10.000000
    4 	 0.031502 	 3.044977 	 10.000000
    5 	 0.056124 	 5.937654 	 10.000000
    6 	 0.030423 	 7.894372 	 10.000000
    7 	 0.037851 	 9.167677 	 10.000000
    8 	 0.038147 	 9.105400 	 10.000000
    9 	 0.038147 	 8.384910 	 10.000000
   10 	 0.038147 	 8.736196 	 10.000000
   11 	 0.038147 	 8.429804 	 10.000000
   12 	 0.038147 	 8.332169 	 10.000000
   13 	 0.038147 	 9.166160 	 10.000000
   14 	 0.038147 	 9.045474 	 10.000000
   15 	 0.038147 	 8.997681 	 10.000000
   16 	 0.038147 	 9.117978 	 10.000000
   17 	 0.152588 	 8.864022 	 10.000000
   18 	 0.037999 	 8.751317 	 10.000000
   19 	 0.037999 	 8.440519 	 10.000000
   20 	 0.037999 	 8.198396 	 10.000000
   21 	 0.037999 	 7.714030 	 10.000000
   22 	 0.038147 	 8.570263 	 10.000000
   23 	 0.038147 	 8.664116 	 10.000000
   24 	 0.037999 	 8.905045 	 10.000000
   25 	 0.037999 	 8.968832 	 10.000000
   26 	 0.150240 	 9.004526 	 10.000000
   27 	 0.037999 	 8.992692 	 10.000000
   28 	 0.037416 	 8.275712 	 10.000000
   29 	 0.038147 	 8.477074 	 10.000000
   30 	 0.143612 	 8.953257 	 10.000000
   31 	 0.037999 	 8.172228 	 10.000000
   32 	 0.030423 	 8.911635 	 10.000000
   33 	 0.033791 	 8.043082 	 10.000000
   34 	 0.037999 	 9.084820 	 10.000000
   35 	 0.037999 	 8.205112 	 10.000000
   36 	 0.120563 	 8.796331 	 10.000000
   37 	 0.152588 	 9.277097 	 10.000000
   38 	 0.152588 	 8.731504 	 10.000000
   39 	 0.038147 	 8.517710 	 10.000000
   40 	 0.019073 	 8.692808 	 10.000000
   41 	 0.038147 	 8.657795 	 10.000000
   42 	 0.067817 	 9.130312 	 10.000000
   43 	 0.038147 	 8.991032 	 10.000000
   44 	 0.038147 	 8.698894 	 10.000000
   45 	 0.038147 	 8.144218 	 10.000000
   46 	 0.037851 	 9.210473 	 10.000000
   47 	 0.037999 	 6.977105 	 10.000000
   48 	 0.038147 	 8.520036 	 10.000000
   49 	 0.038147 	 8.557397 	 10.000000
   50 	 0.037999 	 8.954174 	 10.000000
   51 	 0.035903 	 8.789064 	 10.000000
   52 	 0.037560 	 9.088889 	 10.000000
   53 	 0.037999 	 8.602943 	 10.000000
   54 	 0.037999 	 8.436467 	 10.000000
   55 	 2.441407 	 9.175451 	 10.000000
   56 	 0.043211 	 8.353305 	 10.000000
   57 	 0.037560 	 8.426535 	 10.000000
   58 	 0.038147 	 8.692384 	 10.000000
   59 	 0.038147 	 8.840530 	 10.000000
   60 	 0.038147 	 8.290889 	 10.000000
   61 	 0.037560 	 8.988370 	 10.000000
   62 	 0.150240 	 9.275936 	 10.000000
   63 	 0.037999 	 8.273170 	 10.000000
   64 	 0.037999 	 8.794781 	 10.000000
   65 	 0.038147 	 8.554903 	 10.000000
   66 	 0.038147 	 8.554114 	 10.000000
   67 	 0.065541 	 8.958483 	 10.000000
   68 	 0.038147 	 8.920304 	 10.000000
   69 	 0.152588 	 9.018181 	 10.000000
   70 	 0.030518 	 8.302712 	 10.000000
   71 	 0.390625 	 8.823563 	 10.000000
   72 	 0.043403 	 8.671616 	 10.000000
   73 	 0.043211 	 9.398178 	 10.000000
   74 	 0.043403 	 8.491145 	 10.000000
   75 	 0.038147 	 9.284722 	 10.000000
   76 	 0.038147 	 8.818183 	 10.000000
   77 	 0.038147 	 9.330588 	 10.000000
   78 	 0.038147 	 9.016220 	 10.000000
   79 	 0.120563 	 8.674435 	 10.000000
 