   0 	 -1.000000 	 4.932188 	 100.000000
    1 	 -1.000000 	 46.667183 	 100.000000
    2 	 -1.000000 	 56.645231 	 100.000000
    3 	 -1.000000 	 64.983889 	 100.000000
    4 	 -1.000000 	 60.000397 	 100.000000
    5 	 -1.000000 	 73.312500 	 100.000000
    6 	 -1.000000 	 84.991667 	 100.000000
    7 	 -1.000000 	 86.666667 	 100.000000
    8 	 -1.000000 	 95.016667 	 100.000000
    9 	 -0.500000 	 93.332500 	 100.000000
   10 	 -1.000000 	 93.354167 	 100.000000
   11 	 -1.000000 	 81.640278 	 100.000000
   12 	 -1.000000 	 93.333333 	 100.000000
   13 	 -1.000000 	 90.000000 	 100.000000
   14 	 -1.000000 	 83.341667 	 100.000000
   15 	 -1.000000 	 91.658333 	 100.000000
   16 	 -1.000000 	 96.666667 	 100.000000
   17 	 -1.000000 	 84.983333 	 100.000000
   18 	 -1.000000 	 86.668056 	 100.000000
   19 	 -1.000000 	 91.683333 	 100.000000
   20 	 -1.000000 	 96.666667 	 100.000000
   21 	 -1.000000 	 91.675000 	 100.000000
   22 	 -1.000000 	 90.000000 	 100.000000
   23 	 100.000000 	 100.000000 	 100.000000
   24 	 0.250000 	 98.337500 	 100.000000
   25 	 -0.500000 	 95.012500 	 100.000000
   26 	 100.000000 	 100.000000 	 100.000000
   27 	 -0.333333 	 96.656944 	 100.000000
   28 	 100.000000 	 100.000000 	 100.000000
   29 	 -0.500000 	 98.325000 	 100.000000
   30 	 -0.500000 	 98.325000 	 100.000000
   31 	 100.000000 	 100.000000 	 100.000000
   32 	 -0.250000 	 93.333333 	 100.000000
   33 	 -1.000000 	 98.316667 	 100.000000
   34 	 -0.500000 	 96.654167 	 100.000000
   35 	 100.000000 	 100.000000 	 100.000000
   36 	 0.333333 	 96.688889 	 100.000000
   37 	 100.000000 	 100.000000 	 100.000000
   38 	 100.000000 	 100.000000 	 100.000000
   39 	 0.500000 	 98.341667 	 100.000000
   40 	 -1.000000 	 94.970833 	 100.000000
   41 	 -0.500000 	 93.341667 	 100.000000
   42 	 100.000000 	 100.000000 	 100.000000
   43 	 100.000000 	 100.000000 	 100.000000
   44 	 -1.000000 	 96.641667 	 100.000000
   45 	 -0.333333 	 98.327778 	 100.000000
   46 	 100.000000 	 100.000000 	 100.000000
   47 	 0.250000 	 96.679167 	 100.000000
   48 	 -0.333333 	 96.669444 	 100.000000
   49 	 -0.333333 	 98.327778 	 100.000000
   50 	 -1.000000 	 94.969444 	 100.000000
   51 	 1.000000 	 98.350000 	 100.000000
   52 	 -1.000000 	 96.644444 	 100.000000
   53 	 -1.000000 	 96.641667 	 100.000000
   54 	 -0.500000 	 96.652778 	 100.000000
   55 	 -0.500000 	 98.325000 	 100.000000
   56 	 0.500000 	 98.341667 	 100.000000
   57 	 0.500000 	 98.341667 	 100.000000
   58 	 100.000000 	 100.000000 	 100.000000
   59 	 -0.500000 	 98.325000 	 100.000000
   60 	 100.000000 	 100.000000 	 100.000000
   61 	 -0.500000 	 96.654167 	 100.000000
   62 	 1.000000 	 98.350000 	 100.000000
   63 	 100.000000 	 100.000000 	 100.000000
   64 	 1.000000 	 98.350000 	 100.000000
   65 	 0.500000 	 98.341667 	 100.000000
   66 	 0.333333 	 98.338889 	 100.000000
   67 	 100.000000 	 100.000000 	 100.000000
   68 	 0.250000 	 98.337500 	 100.000000
   69 	 100.000000 	 100.000000 	 100.000000
   70 	 100.000000 	 100.000000 	 100.000000
   71 	 100.000000 	 100.000000 	 100.000000
   72 	 100.000000 	 100.000000 	 100.000000
   73 	 -0.250000 	 98.329167 	 100.000000
   74 	 -0.500000 	 95.000000 	 100.000000
   75 	 100.000000 	 100.000000 	 100.000000
   76 	 100.000000 	 100.000000 	 100.000000
   77 	 0.250000 	 96.687500 	 100.000000
   78 	 0.333333 	 98.338889 	 100.000000
   79 	 100.000000 	 100.000000 	 100.000000
 