   0 	 -1.000000 	 15.015528 	 100.000000
    1 	 -1.000000 	 45.065278 	 100.000000
    2 	 -1.000000 	 60.019444 	 100.000000
    3 	 -1.000000 	 51.670952 	 100.000000
    4 	 -1.000000 	 41.643056 	 100.000000
    5 	 -1.000000 	 46.679167 	 100.000000
    6 	 -1.000000 	 61.683333 	 100.000000
    7 	 -1.000000 	 63.341667 	 100.000000
    8 	 -1.000000 	 74.976389 	 100.000000
    9 	 -1.000000 	 75.029167 	 100.000000
   10 	 -1.000000 	 73.344444 	 100.000000
   11 	 -1.000000 	 59.966667 	 100.000000
   12 	 -1.000000 	 55.041667 	 100.000000
   13 	 -1.000000 	 84.979167 	 100.000000
   14 	 -0.500000 	 75.005556 	 100.000000
   15 	 -1.000000 	 80.005556 	 100.000000
   16 	 -1.000000 	 71.650000 	 100.000000
   17 	 -1.000000 	 71.666667 	 100.000000
   18 	 -1.000000 	 68.347222 	 100.000000
   19 	 -1.000000 	 81.665278 	 100.000000
   20 	 -1.000000 	 88.327778 	 100.000000
   21 	 -0.333333 	 95.016667 	 100.000000
   22 	 -1.000000 	 94.995833 	 100.000000
   23 	 -1.000000 	 91.616667 	 100.000000
   24 	 -0.333333 	 98.327778 	 100.000000
   25 	 100.000000 	 100.000000 	 100.000000
   26 	 -0.250000 	 98.329167 	 100.000000
   27 	 -1.000000 	 96.644444 	 100.000000
   28 	 -0.333333 	 98.327778 	 100.000000
   29 	 100.000000 	 100.000000 	 100.000000
   30 	 -0.500000 	 98.325000 	 100.000000
   31 	 100.000000 	 100.000000 	 100.000000
   32 	 -0.500000 	 96.662500 	 100.000000
   33 	 -1.000000 	 98.316667 	 100.000000
   34 	 0.250000 	 98.337500 	 100.000000
   35 	 -0.250000 	 98.329167 	 100.000000
   36 	 100.000000 	 100.000000 	 100.000000
   37 	 0.250000 	 98.337500 	 100.000000
   38 	 -0.333333 	 98.327778 	 100.000000
   39 	 -1.000000 	 98.316667 	 100.000000
   40 	 -0.250000 	 96.670833 	 100.000000
   41 	 -0.250000 	 96.658333 	 100.000000
   42 	 -0.500000 	 96.675000 	 100.000000
   43 	 100.000000 	 100.000000 	 100.000000
   44 	 -0.250000 	 96.666667 	 100.000000
   45 	 -1.000000 	 96.666667 	 100.000000
   46 	 -1.000000 	 96.655556 	 100.000000
   47 	 1.000000 	 98.350000 	 100.000000
   48 	 100.000000 	 100.000000 	 100.000000
   49 	 -1.000000 	 94.969444 	 100.000000
   50 	 100.000000 	 100.000000 	 100.000000
   51 	 -0.333333 	 96.677778 	 100.000000
   52 	 1.000000 	 98.350000 	 100.000000
   53 	 -0.333333 	 96.665278 	 100.000000
   54 	 -0.500000 	 98.325000 	 100.000000
   55 	 100.000000 	 100.000000 	 100.000000
   56 	 0.250000 	 96.675000 	 100.000000
   57 	 0.333333 	 98.338889 	 100.000000
   58 	 100.000000 	 100.000000 	 100.000000
   59 	 -1.000000 	 96.655556 	 100.000000
   60 	 0.250000 	 96.676389 	 100.000000
   61 	 -0.333333 	 96.656944 	 100.000000
   62 	 0.250000 	 98.337500 	 100.000000
   63 	 -0.333333 	 96.655556 	 100.000000
   64 	 -0.500000 	 98.325000 	 100.000000
   65 	 -1.000000 	 96.654167 	 100.000000
   66 	 -0.333333 	 96.665278 	 100.000000
   67 	 -0.500000 	 98.325000 	 100.000000
   68 	 -1.000000 	 98.316667 	 100.000000
   69 	 0.500000 	 98.341667 	 100.000000
   70 	 -0.500000 	 95.002778 	 100.000000
   71 	 -0.500000 	 93.345833 	 100.000000
   72 	 -0.333333 	 94.993056 	 100.000000
   73 	 100.000000 	 100.000000 	 100.000000
   74 	 100.000000 	 100.000000 	 100.000000
   75 	 -1.000000 	 94.969444 	 100.000000
   76 	 -0.500000 	 96.663889 	 100.000000
   77 	 -0.333333 	 98.327778 	 100.000000
   78 	 0.250000 	 98.337500 	 100.000000
   79 	 0.250000 	 98.337500 	 100.000000
 