   0 	 -1.000000 	 6.636188 	 100.000000
    1 	 -1.000000 	 58.360833 	 100.000000
    2 	 -1.000000 	 65.011944 	 100.000000
    3 	 -1.000000 	 68.353333 	 100.000000
    4 	 -1.000000 	 73.318056 	 100.000000
    5 	 -1.000000 	 73.294444 	 100.000000
    6 	 -1.000000 	 68.316667 	 100.000000
    7 	 -1.000000 	 66.660278 	 100.000000
    8 	 -1.000000 	 76.679167 	 100.000000
    9 	 -0.500000 	 80.002778 	 100.000000
   10 	 -1.000000 	 66.663889 	 100.000000
   11 	 -1.000000 	 76.655556 	 100.000000
   12 	 -1.000000 	 68.297222 	 100.000000
   13 	 -1.000000 	 71.644444 	 100.000000
   14 	 -1.000000 	 86.666667 	 100.000000
   15 	 -1.000000 	 86.691667 	 100.000000
   16 	 -1.000000 	 95.004167 	 100.000000
   17 	 -0.500000 	 96.663889 	 100.000000
   18 	 -1.000000 	 91.683333 	 100.000000
   19 	 -1.000000 	 89.966667 	 100.000000
   20 	 -1.000000 	 98.316667 	 100.000000
   21 	 -1.000000 	 98.316667 	 100.000000
   22 	 -1.000000 	 96.633333 	 100.000000
   23 	 -1.000000 	 98.316667 	 100.000000
   24 	 100.000000 	 100.000000 	 100.000000
   25 	 100.000000 	 100.000000 	 100.000000
   26 	 0.250000 	 98.337500 	 100.000000
   27 	 -0.333333 	 98.327778 	 100.000000
   28 	 100.000000 	 100.000000 	 100.000000
   29 	 100.000000 	 100.000000 	 100.000000
   30 	 0.333333 	 98.338889 	 100.000000
   31 	 0.250000 	 95.029167 	 100.000000
   32 	 -1.000000 	 96.666667 	 100.000000
   33 	 100.000000 	 100.000000 	 100.000000
   34 	 100.000000 	 100.000000 	 100.000000
   35 	 -1.000000 	 95.004167 	 100.000000
   36 	 0.333333 	 98.338889 	 100.000000
   37 	 1.000000 	 98.350000 	 100.000000
   38 	 100.000000 	 100.000000 	 100.000000
   39 	 -1.000000 	 96.633333 	 100.000000
   40 	 -1.000000 	 96.644444 	 100.000000
   41 	 -1.000000 	 98.316667 	 100.000000
   42 	 -1.000000 	 98.316667 	 100.000000
   43 	 100.000000 	 100.000000 	 100.000000
   44 	 0.250000 	 98.337500 	 100.000000
   45 	 -0.333333 	 95.027778 	 100.000000
   46 	 0.250000 	 95.013889 	 100.000000
   47 	 0.333333 	 98.338889 	 100.000000
   48 	 -0.500000 	 98.325000 	 100.000000
   49 	 100.000000 	 100.000000 	 100.000000
   50 	 1.000000 	 98.350000 	 100.000000
   51 	 100.000000 	 100.000000 	 100.000000
   52 	 100.000000 	 100.000000 	 100.000000
   53 	 100.000000 	 100.000000 	 100.000000
   54 	 0.500000 	 98.341667 	 100.000000
   55 	 100.000000 	 100.000000 	 100.000000
   56 	 -0.500000 	 98.325000 	 100.000000
   57 	 -1.000000 	 98.316667 	 100.000000
   58 	 0.250000 	 95.037500 	 100.000000
   59 	 100.000000 	 100.000000 	 100.000000
   60 	 -1.000000 	 98.316667 	 100.000000
   61 	 -0.333333 	 94.994444 	 100.000000
   62 	 100.000000 	 100.000000 	 100.000000
   63 	 100.000000 	 100.000000 	 100.000000
   64 	 -0.250000 	 96.666667 	 100.000000
   65 	 100.000000 	 100.000000 	 100.000000
   66 	 -1.000000 	 98.316667 	 100.000000
   67 	 -0.250000 	 98.329167 	 100.000000
   68 	 -0.250000 	 98.329167 	 100.000000
   69 	 0.333333 	 96.688889 	 100.000000
   70 	 -0.250000 	 98.329167 	 100.000000
   71 	 -1.000000 	 96.641667 	 100.000000
   72 	 -1.000000 	 98.316667 	 100.000000
   73 	 100.000000 	 100.000000 	 100.000000
   74 	 0.166667 	 98.336111 	 100.000000
   75 	 -0.250000 	 98.329167 	 100.000000
   76 	 -1.000000 	 98.316667 	 100.000000
   77 	 -1.000000 	 98.316667 	 100.000000
   78 	 -1.000000 	 94.973611 	 100.000000
   79 	 -1.000000 	 96.645833 	 100.000000
 