   0 	 -1.000000 	 10.010580 	 100.000000
    1 	 -1.000000 	 44.991389 	 100.000000
    2 	 -1.000000 	 59.994444 	 100.000000
    3 	 -1.000000 	 58.316667 	 100.000000
    4 	 -0.500000 	 63.347063 	 100.000000
    5 	 -1.000000 	 51.644425 	 100.000000
    6 	 -1.000000 	 83.354167 	 100.000000
    7 	 -1.000000 	 89.991667 	 100.000000
    8 	 -1.000000 	 86.666667 	 100.000000
    9 	 -1.000000 	 93.300000 	 100.000000
   10 	 -0.250000 	 96.670833 	 100.000000
   11 	 -1.000000 	 96.641667 	 100.000000
   12 	 100.000000 	 100.000000 	 100.000000
   13 	 100.000000 	 100.000000 	 100.000000
   14 	 -1.000000 	 96.654167 	 100.000000
   15 	 -1.000000 	 96.666667 	 100.000000
   16 	 -1.000000 	 96.655556 	 100.000000
   17 	 -0.333333 	 96.666667 	 100.000000
   18 	 100.000000 	 100.000000 	 100.000000
   19 	 -1.000000 	 94.983333 	 100.000000
   20 	 -1.000000 	 98.316667 	 100.000000
   21 	 -0.500000 	 98.325000 	 100.000000
   22 	 -0.333333 	 98.327778 	 100.000000
   23 	 -1.000000 	 98.316667 	 100.000000
   24 	 -0.250000 	 98.329167 	 100.000000
   25 	 -1.000000 	 98.316667 	 100.000000
   26 	 -1.000000 	 98.316667 	 100.000000
   27 	 100.000000 	 100.000000 	 100.000000
   28 	 -0.250000 	 96.670833 	 100.000000
   29 	 100.000000 	 100.000000 	 100.000000
   30 	 100.000000 	 100.000000 	 100.000000
   31 	 100.000000 	 100.000000 	 100.000000
   32 	 -1.000000 	 96.654167 	 100.000000
   33 	 -1.000000 	 96.633333 	 100.000000
   34 	 1.000000 	 98.350000 	 100.000000
   35 	 -1.000000 	 94.958333 	 100.000000
   36 	 -1.000000 	 93.300000 	 100.000000
   37 	 -0.333333 	 98.327778 	 100.000000
   38 	 0.500000 	 98.341667 	 100.000000
   39 	 -1.000000 	 98.316667 	 100.000000
   40 	 100.000000 	 100.000000 	 100.000000
   41 	 100.000000 	 100.000000 	 100.000000
   42 	 -0.250000 	 95.008333 	 100.000000
   43 	 100.000000 	 100.000000 	 100.000000
   44 	 -0.250000 	 96.658333 	 100.000000
   45 	 -1.000000 	 96.644444 	 100.000000
   46 	 100.000000 	 100.000000 	 100.000000
   47 	 0.250000 	 96.679167 	 100.000000
   48 	 -1.000000 	 98.316667 	 100.000000
   49 	 100.000000 	 100.000000 	 100.000000
   50 	 100.000000 	 100.000000 	 100.000000
   51 	 0.250000 	 96.687500 	 100.000000
   52 	 -0.500000 	 95.000000 	 100.000000
   53 	 100.000000 	 100.000000 	 100.000000
   54 	 100.000000 	 100.000000 	 100.000000
   55 	 100.000000 	 100.000000 	 100.000000
   56 	 -0.250000 	 98.329167 	 100.000000
   57 	 0.250000 	 98.337500 	 100.000000
   58 	 0.250000 	 96.687500 	 100.000000
   59 	 -0.500000 	 94.987500 	 100.000000
   60 	 -1.000000 	 96.666667 	 100.000000
   61 	 -1.000000 	 98.316667 	 100.000000
   62 	 100.000000 	 100.000000 	 100.000000
   63 	 -1.000000 	 98.316667 	 100.000000
   64 	 100.000000 	 100.000000 	 100.000000
   65 	 0.500000 	 98.341667 	 100.000000
   66 	 100.000000 	 100.000000 	 100.000000
   67 	 100.000000 	 100.000000 	 100.000000
   68 	 -1.000000 	 96.645833 	 100.000000
   69 	 -1.000000 	 94.995833 	 100.000000
   70 	 -0.333333 	 98.327778 	 100.000000
   71 	 -1.000000 	 98.316667 	 100.000000
   72 	 -1.000000 	 94.970833 	 100.000000
   73 	 -0.500000 	 98.325000 	 100.000000
   74 	 100.000000 	 100.000000 	 100.000000
   75 	 0.250000 	 98.337500 	 100.000000
   76 	 100.000000 	 100.000000 	 100.000000
   77 	 100.000000 	 100.000000 	 100.000000
   78 	 -0.500000 	 96.666667 	 100.000000
   79 	 -1.000000 	 98.316667 	 100.000000
 