   0 	 -1.000000 	 5.036263 	 100.000000
    1 	 -1.000000 	 50.018611 	 100.000000
    2 	 -1.000000 	 63.355556 	 100.000000
    3 	 -1.000000 	 66.695000 	 100.000000
    4 	 -0.500000 	 70.015278 	 100.000000
    5 	 -1.000000 	 69.994444 	 100.000000
    6 	 -1.000000 	 48.379444 	 100.000000
    7 	 -1.000000 	 54.949167 	 100.000000
    8 	 -1.000000 	 75.004722 	 100.000000
    9 	 -1.000000 	 65.026389 	 100.000000
   10 	 -1.000000 	 76.681944 	 100.000000
   11 	 -0.500000 	 85.028333 	 100.000000
   12 	 -1.000000 	 80.020833 	 100.000000
   13 	 -0.500000 	 93.350000 	 100.000000
   14 	 -0.250000 	 95.005556 	 100.000000
   15 	 -1.000000 	 90.000000 	 100.000000
   16 	 100.000000 	 100.000000 	 100.000000
   17 	 -0.250000 	 95.008333 	 100.000000
   18 	 -1.000000 	 96.666667 	 100.000000
   19 	 0.200000 	 96.675556 	 100.000000
   20 	 -0.333333 	 98.327778 	 100.000000
   21 	 100.000000 	 100.000000 	 100.000000
   22 	 0.333333 	 98.338889 	 100.000000
   23 	 -1.000000 	 98.316667 	 100.000000
   24 	 -0.333333 	 98.327778 	 100.000000
   25 	 0.333333 	 98.338889 	 100.000000
   26 	 0.500000 	 98.341667 	 100.000000
   27 	 -1.000000 	 93.319444 	 100.000000
   28 	 -0.333333 	 96.669444 	 100.000000
   29 	 100.000000 	 100.000000 	 100.000000
   30 	 100.000000 	 100.000000 	 100.000000
   31 	 100.000000 	 100.000000 	 100.000000
   32 	 100.000000 	 100.000000 	 100.000000
   33 	 -0.250000 	 96.670833 	 100.000000
   34 	 -0.500000 	 98.325000 	 100.000000
   35 	 -0.250000 	 96.658333 	 100.000000
   36 	 -1.000000 	 96.633333 	 100.000000
   37 	 -0.250000 	 98.329167 	 100.000000
   38 	 -1.000000 	 96.654167 	 100.000000
   39 	 -1.000000 	 96.655556 	 100.000000
   40 	 100.000000 	 100.000000 	 100.000000
   41 	 -0.250000 	 98.329167 	 100.000000
   42 	 100.000000 	 100.000000 	 100.000000
   43 	 -0.500000 	 96.654167 	 100.000000
   44 	 -1.000000 	 96.654167 	 100.000000
   45 	 100.000000 	 100.000000 	 100.000000
   46 	 100.000000 	 100.000000 	 100.000000
   47 	 100.000000 	 100.000000 	 100.000000
   48 	 -0.250000 	 98.329167 	 100.000000
   49 	 100.000000 	 100.000000 	 100.000000
   50 	 0.500000 	 98.341667 	 100.000000
   51 	 0.250000 	 98.337500 	 100.000000
   52 	 -0.250000 	 98.329167 	 100.000000
   53 	 -1.000000 	 98.316667 	 100.000000
   54 	 0.250000 	 98.337500 	 100.000000
   55 	 0.333333 	 98.338889 	 100.000000
   56 	 100.000000 	 100.000000 	 100.000000
   57 	 -1.000000 	 96.655556 	 100.000000
   58 	 -1.000000 	 98.316667 	 100.000000
   59 	 -0.500000 	 96.663889 	 100.000000
   60 	 -0.250000 	 98.329167 	 100.000000
   61 	 -0.333333 	 98.327778 	 100.000000
   62 	 0.250000 	 98.337500 	 100.000000
   63 	 -0.200000 	 98.330000 	 100.000000
   64 	 100.000000 	 100.000000 	 100.000000
   65 	 -1.000000 	 98.316667 	 100.000000
   66 	 -0.250000 	 98.329167 	 100.000000
   67 	 100.000000 	 100.000000 	 100.000000
   68 	 100.000000 	 100.000000 	 100.000000
   69 	 0.250000 	 98.337500 	 100.000000
   70 	 -0.500000 	 98.325000 	 100.000000
   71 	 100.000000 	 100.000000 	 100.000000
   72 	 100.000000 	 100.000000 	 100.000000
   73 	 100.000000 	 100.000000 	 100.000000
   74 	 -0.500000 	 96.654167 	 100.000000
   75 	 100.000000 	 100.000000 	 100.000000
   76 	 -1.000000 	 96.654167 	 100.000000
   77 	 -0.500000 	 98.325000 	 100.000000
   78 	 100.000000 	 100.000000 	 100.000000
   79 	 100.000000 	 100.000000 	 100.000000
 