   0 	 -1.000000 	 6.553856 	 100.000000
    1 	 -1.000000 	 61.669048 	 100.000000
    2 	 -1.000000 	 73.336111 	 100.000000
    3 	 -0.500000 	 63.337500 	 100.000000
    4 	 -0.500000 	 70.000000 	 100.000000
    5 	 -1.000000 	 68.348313 	 100.000000
    6 	 -1.000000 	 75.012778 	 100.000000
    7 	 -1.000000 	 83.322222 	 100.000000
    8 	 -1.000000 	 81.662500 	 100.000000
    9 	 -0.500000 	 90.002778 	 100.000000
   10 	 -0.500000 	 90.012500 	 100.000000
   11 	 -0.500000 	 91.691667 	 100.000000
   12 	 -0.500000 	 90.008333 	 100.000000
   13 	 -0.500000 	 98.325000 	 100.000000
   14 	 100.000000 	 100.000000 	 100.000000
   15 	 0.333333 	 98.338889 	 100.000000
   16 	 100.000000 	 100.000000 	 100.000000
   17 	 100.000000 	 100.000000 	 100.000000
   18 	 -0.250000 	 98.329167 	 100.000000
   19 	 0.333333 	 98.338889 	 100.000000
   20 	 0.500000 	 98.341667 	 100.000000
   21 	 -0.250000 	 96.679167 	 100.000000
   22 	 0.333333 	 98.338889 	 100.000000
   23 	 -0.250000 	 98.329167 	 100.000000
   24 	 0.333333 	 95.038889 	 100.000000
   25 	 -0.250000 	 96.658333 	 100.000000
   26 	 -1.000000 	 98.316667 	 100.000000
   27 	 100.000000 	 100.000000 	 100.000000
   28 	 100.000000 	 100.000000 	 100.000000
   29 	 -0.250000 	 95.029167 	 100.000000
   30 	 100.000000 	 100.000000 	 100.000000
   31 	 100.000000 	 100.000000 	 100.000000
   32 	 0.333333 	 98.338889 	 100.000000
   33 	 0.333333 	 98.338889 	 100.000000
   34 	 100.000000 	 100.000000 	 100.000000
   35 	 100.000000 	 100.000000 	 100.000000
   36 	 1.000000 	 98.350000 	 100.000000
   37 	 100.000000 	 100.000000 	 100.000000
   38 	 -0.250000 	 98.329167 	 100.000000
   39 	 0.333333 	 96.688889 	 100.000000
   40 	 100.000000 	 100.000000 	 100.000000
   41 	 0.500000 	 98.341667 	 100.000000
   42 	 0.333333 	 96.680556 	 100.000000
   43 	 -0.250000 	 96.679167 	 100.000000
   44 	 -1.000000 	 98.316667 	 100.000000
   45 	 0.500000 	 96.691667 	 100.000000
   46 	 100.000000 	 100.000000 	 100.000000
   47 	 0.333333 	 98.338889 	 100.000000
   48 	 100.000000 	 100.000000 	 100.000000
   49 	 100.000000 	 100.000000 	 100.000000
   50 	 100.000000 	 100.000000 	 100.000000
   51 	 -1.000000 	 96.655556 	 100.000000
   52 	 100.000000 	 100.000000 	 100.000000
   53 	 1.000000 	 98.350000 	 100.000000
   54 	 100.000000 	 100.000000 	 100.000000
   55 	 0.333333 	 98.338889 	 100.000000
   56 	 -0.250000 	 98.329167 	 100.000000
   57 	 -0.250000 	 96.668056 	 100.000000
   58 	 -0.250000 	 98.329167 	 100.000000
   59 	 1.000000 	 98.350000 	 100.000000
   60 	 0.500000 	 98.341667 	 100.000000
   61 	 -1.000000 	 98.316667 	 100.000000
   62 	 0.250000 	 98.337500 	 100.000000
   63 	 0.333333 	 96.680556 	 100.000000
   64 	 0.500000 	 98.341667 	 100.000000
   65 	 -0.250000 	 96.668056 	 100.000000
   66 	 0.500000 	 98.341667 	 100.000000
   67 	 0.333333 	 98.338889 	 100.000000
   68 	 -0.250000 	 95.018056 	 100.000000
   69 	 -1.000000 	 98.316667 	 100.000000
   70 	 -0.250000 	 98.329167 	 100.000000
   71 	 1.000000 	 96.700000 	 100.000000
   72 	 100.000000 	 100.000000 	 100.000000
   73 	 -1.000000 	 96.666667 	 100.000000
   74 	 0.500000 	 98.341667 	 100.000000
   75 	 1.000000 	 96.700000 	 100.000000
   76 	 -0.250000 	 98.329167 	 100.000000
   77 	 100.000000 	 100.000000 	 100.000000
   78 	 100.000000 	 100.000000 	 100.000000
   79 	 -0.250000 	 96.668056 	 100.000000
 