   0 	 -1.000000 	 10.019487 	 100.000000
    1 	 -1.000000 	 70.008981 	 100.000000
    2 	 -1.000000 	 51.633730 	 100.000000
    3 	 -1.000000 	 50.044048 	 100.000000
    4 	 -1.000000 	 69.995675 	 100.000000
    5 	 -1.000000 	 65.037778 	 100.000000
    6 	 -1.000000 	 66.659167 	 100.000000
    7 	 -1.000000 	 55.015278 	 100.000000
    8 	 -1.000000 	 66.607222 	 100.000000
    9 	 -1.000000 	 51.681667 	 100.000000
   10 	 -1.000000 	 49.963056 	 100.000000
   11 	 -1.000000 	 76.666667 	 100.000000
   12 	 -1.000000 	 53.329167 	 100.000000
   13 	 -1.000000 	 76.666667 	 100.000000
   14 	 -1.000000 	 83.358333 	 100.000000
   15 	 -1.000000 	 74.966667 	 100.000000
   16 	 -1.000000 	 88.313889 	 100.000000
   17 	 -1.000000 	 86.662500 	 100.000000
   18 	 -1.000000 	 90.000000 	 100.000000
   19 	 -1.000000 	 91.672222 	 100.000000
   20 	 -1.000000 	 89.999167 	 100.000000
   21 	 100.000000 	 100.000000 	 100.000000
   22 	 -1.000000 	 89.959722 	 100.000000
   23 	 -1.000000 	 88.308333 	 100.000000
   24 	 -0.500000 	 98.325000 	 100.000000
   25 	 100.000000 	 100.000000 	 100.000000
   26 	 100.000000 	 100.000000 	 100.000000
   27 	 0.333333 	 96.688889 	 100.000000
   28 	 -1.000000 	 94.995833 	 100.000000
   29 	 0.250000 	 98.337500 	 100.000000
   30 	 100.000000 	 100.000000 	 100.000000
   31 	 1.000000 	 98.350000 	 100.000000
   32 	 100.000000 	 100.000000 	 100.000000
   33 	 100.000000 	 100.000000 	 100.000000
   34 	 100.000000 	 100.000000 	 100.000000
   35 	 100.000000 	 100.000000 	 100.000000
   36 	 -0.250000 	 96.666667 	 100.000000
   37 	 -0.250000 	 96.670833 	 100.000000
   38 	 -0.250000 	 95.029167 	 100.000000
   39 	 -1.000000 	 94.975000 	 100.000000
   40 	 -0.250000 	 98.329167 	 100.000000
   41 	 -0.333333 	 96.677778 	 100.000000
   42 	 100.000000 	 100.000000 	 100.000000
   43 	 -1.000000 	 96.633333 	 100.000000
   44 	 -1.000000 	 98.316667 	 100.000000
   45 	 1.000000 	 98.350000 	 100.000000
   46 	 100.000000 	 100.000000 	 100.000000
   47 	 0.333333 	 98.338889 	 100.000000
   48 	 -0.250000 	 98.329167 	 100.000000
   49 	 -1.000000 	 93.329167 	 100.000000
   50 	 -0.250000 	 98.329167 	 100.000000
   51 	 100.000000 	 100.000000 	 100.000000
   52 	 -0.250000 	 98.329167 	 100.000000
   53 	 100.000000 	 100.000000 	 100.000000
   54 	 0.333333 	 95.030556 	 100.000000
   55 	 100.000000 	 100.000000 	 100.000000
   56 	 0.333333 	 98.338889 	 100.000000
   57 	 1.000000 	 98.350000 	 100.000000
   58 	 0.333333 	 98.338889 	 100.000000
   59 	 -1.000000 	 96.645833 	 100.000000
   60 	 0.500000 	 98.341667 	 100.000000
   61 	 100.000000 	 100.000000 	 100.000000
   62 	 0.250000 	 98.337500 	 100.000000
   63 	 1.000000 	 98.350000 	 100.000000
   64 	 -0.250000 	 96.670833 	 100.000000
   65 	 1.000000 	 98.350000 	 100.000000
   66 	 -1.000000 	 98.316667 	 100.000000
   67 	 0.250000 	 96.679167 	 100.000000
   68 	 100.000000 	 100.000000 	 100.000000
   69 	 -0.333333 	 98.327778 	 100.000000
   70 	 100.000000 	 100.000000 	 100.000000
   71 	 0.250000 	 98.337500 	 100.000000
   72 	 100.000000 	 100.000000 	 100.000000
   73 	 100.000000 	 100.000000 	 100.000000
   74 	 -0.500000 	 98.325000 	 100.000000
   75 	 0.333333 	 98.338889 	 100.000000
   76 	 -0.500000 	 95.004167 	 100.000000
   77 	 -1.000000 	 98.316667 	 100.000000
   78 	 0.333333 	 98.338889 	 100.000000
   79 	 -1.000000 	 98.316667 	 100.000000
 