   0 	 -1.000000 	 9.984399 	 100.000000
    1 	 -1.000000 	 56.690437 	 100.000000
    2 	 -1.000000 	 55.015833 	 100.000000
    3 	 -1.000000 	 53.330556 	 100.000000
    4 	 -1.000000 	 59.978333 	 100.000000
    5 	 -1.000000 	 51.684286 	 100.000000
    6 	 -1.000000 	 69.969444 	 100.000000
    7 	 -1.000000 	 61.678611 	 100.000000
    8 	 -1.000000 	 66.720833 	 100.000000
    9 	 -1.000000 	 43.342500 	 100.000000
   10 	 -1.000000 	 71.683333 	 100.000000
   11 	 -0.500000 	 78.351131 	 100.000000
   12 	 -1.000000 	 81.686111 	 100.000000
   13 	 -1.000000 	 89.998611 	 100.000000
   14 	 -1.000000 	 83.309167 	 100.000000
   15 	 -1.000000 	 98.316667 	 100.000000
   16 	 -0.250000 	 93.345833 	 100.000000
   17 	 -0.333333 	 93.334722 	 100.000000
   18 	 0.500000 	 98.341667 	 100.000000
   19 	 -0.333333 	 90.020833 	 100.000000
   20 	 100.000000 	 100.000000 	 100.000000
   21 	 100.000000 	 100.000000 	 100.000000
   22 	 -0.333333 	 96.655556 	 100.000000
   23 	 -0.250000 	 98.329167 	 100.000000
   24 	 -1.000000 	 96.666667 	 100.000000
   25 	 -0.333333 	 98.327778 	 100.000000
   26 	 100.000000 	 100.000000 	 100.000000
   27 	 -1.000000 	 91.622222 	 100.000000
   28 	 -0.333333 	 93.331944 	 100.000000
   29 	 -0.500000 	 96.666667 	 100.000000
   30 	 100.000000 	 100.000000 	 100.000000
   31 	 -1.000000 	 96.658333 	 100.000000
   32 	 0.333333 	 98.338889 	 100.000000
   33 	 -0.333333 	 96.656944 	 100.000000
   34 	 100.000000 	 100.000000 	 100.000000
   35 	 100.000000 	 100.000000 	 100.000000
   36 	 -1.000000 	 98.316667 	 100.000000
   37 	 0.250000 	 98.337500 	 100.000000
   38 	 -0.250000 	 98.329167 	 100.000000
   39 	 100.000000 	 100.000000 	 100.000000
   40 	 1.000000 	 98.350000 	 100.000000
   41 	 -1.000000 	 98.316667 	 100.000000
   42 	 -0.500000 	 96.654167 	 100.000000
   43 	 -1.000000 	 98.316667 	 100.000000
   44 	 100.000000 	 100.000000 	 100.000000
   45 	 100.000000 	 100.000000 	 100.000000
   46 	 1.000000 	 98.350000 	 100.000000
   47 	 100.000000 	 100.000000 	 100.000000
   48 	 0.250000 	 98.337500 	 100.000000
   49 	 -0.166667 	 98.330556 	 100.000000
   50 	 100.000000 	 100.000000 	 100.000000
   51 	 -1.000000 	 98.316667 	 100.000000
   52 	 0.250000 	 96.676389 	 100.000000
   53 	 1.000000 	 96.700000 	 100.000000
   54 	 1.000000 	 98.350000 	 100.000000
   55 	 100.000000 	 100.000000 	 100.000000
   56 	 -1.000000 	 98.316667 	 100.000000
   57 	 1.000000 	 98.350000 	 100.000000
   58 	 1.000000 	 98.350000 	 100.000000
   59 	 100.000000 	 100.000000 	 100.000000
   60 	 -1.000000 	 96.645833 	 100.000000
   61 	 100.000000 	 100.000000 	 100.000000
   62 	 100.000000 	 100.000000 	 100.000000
   63 	 100.000000 	 100.000000 	 100.000000
   64 	 -0.250000 	 98.329167 	 100.000000
   65 	 -0.500000 	 95.013889 	 100.000000
   66 	 100.000000 	 100.000000 	 100.000000
   67 	 -1.000000 	 96.633333 	 100.000000
   68 	 1.000000 	 98.350000 	 100.000000
   69 	 0.500000 	 98.341667 	 100.000000
   70 	 -0.250000 	 96.666667 	 100.000000
   71 	 -0.500000 	 91.679167 	 100.000000
   72 	 0.333333 	 98.338889 	 100.000000
   73 	 100.000000 	 100.000000 	 100.000000
   74 	 0.333333 	 98.338889 	 100.000000
   75 	 0.500000 	 98.341667 	 100.000000
   76 	 100.000000 	 100.000000 	 100.000000
   77 	 100.000000 	 100.000000 	 100.000000
   78 	 0.250000 	 96.687500 	 100.000000
   79 	 0.333333 	 98.338889 	 100.000000
 