   0 	 -1.000000 	 6.640650 	 100.000000
    1 	 -1.000000 	 53.322222 	 100.000000
    2 	 -1.000000 	 53.356548 	 100.000000
    3 	 -1.000000 	 46.666667 	 100.000000
    4 	 -1.000000 	 68.285556 	 100.000000
    5 	 -0.500000 	 78.348611 	 100.000000
    6 	 -1.000000 	 71.686111 	 100.000000
    7 	 -1.000000 	 76.676389 	 100.000000
    8 	 -1.000000 	 83.300000 	 100.000000
    9 	 -0.142857 	 95.004167 	 100.000000
   10 	 -1.000000 	 93.312500 	 100.000000
   11 	 100.000000 	 100.000000 	 100.000000
   12 	 100.000000 	 100.000000 	 100.000000
   13 	 -1.000000 	 94.991667 	 100.000000
   14 	 0.333333 	 96.680556 	 100.000000
   15 	 -0.500000 	 98.325000 	 100.000000
   16 	 -0.250000 	 96.679167 	 100.000000
   17 	 -0.250000 	 98.329167 	 100.000000
   18 	 -1.000000 	 95.008333 	 100.000000
   19 	 1.000000 	 98.350000 	 100.000000
   20 	 100.000000 	 100.000000 	 100.000000
   21 	 100.000000 	 100.000000 	 100.000000
   22 	 0.333333 	 98.338889 	 100.000000
   23 	 -0.250000 	 91.691667 	 100.000000
   24 	 -0.250000 	 96.668056 	 100.000000
   25 	 100.000000 	 100.000000 	 100.000000
   26 	 -0.333333 	 98.327778 	 100.000000
   27 	 100.000000 	 100.000000 	 100.000000
   28 	 -0.500000 	 98.325000 	 100.000000
   29 	 0.500000 	 96.683333 	 100.000000
   30 	 -1.000000 	 96.645833 	 100.000000
   31 	 100.000000 	 100.000000 	 100.000000
   32 	 -0.250000 	 98.329167 	 100.000000
   33 	 -0.250000 	 96.670833 	 100.000000
   34 	 -1.000000 	 96.666667 	 100.000000
   35 	 100.000000 	 100.000000 	 100.000000
   36 	 100.000000 	 100.000000 	 100.000000
   37 	 0.250000 	 98.337500 	 100.000000
   38 	 -0.250000 	 98.329167 	 100.000000
   39 	 100.000000 	 100.000000 	 100.000000
   40 	 -0.500000 	 96.650000 	 100.000000
   41 	 -0.500000 	 96.666667 	 100.000000
   42 	 100.000000 	 100.000000 	 100.000000
   43 	 -1.000000 	 96.644444 	 100.000000
   44 	 -1.000000 	 96.633333 	 100.000000
   45 	 -1.000000 	 96.633333 	 100.000000
   46 	 1.000000 	 98.350000 	 100.000000
   47 	 0.500000 	 98.341667 	 100.000000
   48 	 -1.000000 	 96.645833 	 100.000000
   49 	 100.000000 	 100.000000 	 100.000000
   50 	 0.250000 	 96.679167 	 100.000000
   51 	 100.000000 	 100.000000 	 100.000000
   52 	 -1.000000 	 98.316667 	 100.000000
   53 	 -0.250000 	 95.020833 	 100.000000
   54 	 -1.000000 	 96.645833 	 100.000000
   55 	 100.000000 	 100.000000 	 100.000000
   56 	 -1.000000 	 98.316667 	 100.000000
   57 	 -1.000000 	 96.645833 	 100.000000
   58 	 0.333333 	 98.338889 	 100.000000
   59 	 0.250000 	 98.337500 	 100.000000
   60 	 100.000000 	 100.000000 	 100.000000
   61 	 -1.000000 	 96.641667 	 100.000000
   62 	 1.000000 	 98.350000 	 100.000000
   63 	 0.250000 	 98.337500 	 100.000000
   64 	 100.000000 	 100.000000 	 100.000000
   65 	 100.000000 	 100.000000 	 100.000000
   66 	 -0.500000 	 98.325000 	 100.000000
   67 	 -0.250000 	 98.329167 	 100.000000
   68 	 0.250000 	 96.676389 	 100.000000
   69 	 -0.250000 	 98.329167 	 100.000000
   70 	 -1.000000 	 98.316667 	 100.000000
   71 	 -1.000000 	 98.316667 	 100.000000
   72 	 -1.000000 	 98.316667 	 100.000000
   73 	 0.500000 	 96.683333 	 100.000000
   74 	 0.333333 	 98.338889 	 100.000000
   75 	 -1.000000 	 98.316667 	 100.000000
   76 	 0.250000 	 96.679167 	 100.000000
   77 	 100.000000 	 100.000000 	 100.000000
   78 	 1.000000 	 98.350000 	 100.000000
   79 	 100.000000 	 100.000000 	 100.000000
 