   0 	 -1.000000 	 8.278496 	 100.000000
    1 	 -1.000000 	 48.318333 	 100.000000
    2 	 -1.000000 	 48.281111 	 100.000000
    3 	 -1.000000 	 46.684954 	 100.000000
    4 	 -1.000000 	 39.995139 	 100.000000
    5 	 -1.000000 	 51.696111 	 100.000000
    6 	 -1.000000 	 71.681389 	 100.000000
    7 	 -1.000000 	 80.000833 	 100.000000
    8 	 -1.000000 	 88.315278 	 100.000000
    9 	 -1.000000 	 83.343981 	 100.000000
   10 	 -1.000000 	 86.667500 	 100.000000
   11 	 -1.000000 	 93.325000 	 100.000000
   12 	 -1.000000 	 71.684167 	 100.000000
   13 	 -1.000000 	 81.652778 	 100.000000
   14 	 -1.000000 	 86.666667 	 100.000000
   15 	 -1.000000 	 91.670833 	 100.000000
   16 	 -1.000000 	 81.650000 	 100.000000
   17 	 -1.000000 	 95.016667 	 100.000000
   18 	 -1.000000 	 93.333333 	 100.000000
   19 	 -1.000000 	 96.633333 	 100.000000
   20 	 -1.000000 	 96.655556 	 100.000000
   21 	 -1.000000 	 88.316667 	 100.000000
   22 	 -1.000000 	 86.658333 	 100.000000
   23 	 100.000000 	 100.000000 	 100.000000
   24 	 100.000000 	 100.000000 	 100.000000
   25 	 -1.000000 	 93.345833 	 100.000000
   26 	 -0.333333 	 96.665278 	 100.000000
   27 	 100.000000 	 100.000000 	 100.000000
   28 	 0.250000 	 96.676389 	 100.000000
   29 	 -1.000000 	 96.666667 	 100.000000
   30 	 0.333333 	 98.338889 	 100.000000
   31 	 100.000000 	 100.000000 	 100.000000
   32 	 1.000000 	 96.700000 	 100.000000
   33 	 -1.000000 	 89.991667 	 100.000000
   34 	 100.000000 	 100.000000 	 100.000000
   35 	 0.333333 	 95.038889 	 100.000000
   36 	 100.000000 	 100.000000 	 100.000000
   37 	 -0.250000 	 96.679167 	 100.000000
   38 	 -0.250000 	 98.329167 	 100.000000
   39 	 -1.000000 	 94.969444 	 100.000000
   40 	 -1.000000 	 95.004167 	 100.000000
   41 	 -1.000000 	 96.633333 	 100.000000
   42 	 100.000000 	 100.000000 	 100.000000
   43 	 -1.000000 	 96.641667 	 100.000000
   44 	 -1.000000 	 96.654167 	 100.000000
   45 	 -1.000000 	 94.994444 	 100.000000
   46 	 -1.000000 	 98.316667 	 100.000000
   47 	 -0.250000 	 98.329167 	 100.000000
   48 	 100.000000 	 100.000000 	 100.000000
   49 	 -1.000000 	 96.633333 	 100.000000
   50 	 -1.000000 	 98.316667 	 100.000000
   51 	 -0.333333 	 98.327778 	 100.000000
   52 	 -0.333333 	 98.327778 	 100.000000
   53 	 100.000000 	 100.000000 	 100.000000
   54 	 -0.250000 	 93.334722 	 100.000000
   55 	 0.333333 	 98.338889 	 100.000000
   56 	 0.250000 	 98.337500 	 100.000000
   57 	 100.000000 	 100.000000 	 100.000000
   58 	 -1.000000 	 98.316667 	 100.000000
   59 	 -0.333333 	 96.655556 	 100.000000
   60 	 0.333333 	 98.338889 	 100.000000
   61 	 1.000000 	 96.700000 	 100.000000
   62 	 -0.500000 	 98.325000 	 100.000000
   63 	 0.250000 	 93.363889 	 100.000000
   64 	 0.333333 	 98.338889 	 100.000000
   65 	 1.000000 	 98.350000 	 100.000000
   66 	 -1.000000 	 98.316667 	 100.000000
   67 	 -1.000000 	 94.961111 	 100.000000
   68 	 100.000000 	 100.000000 	 100.000000
   69 	 100.000000 	 100.000000 	 100.000000
   70 	 0.250000 	 96.687500 	 100.000000
   71 	 0.500000 	 98.341667 	 100.000000
   72 	 100.000000 	 100.000000 	 100.000000
   73 	 -0.500000 	 96.652778 	 100.000000
   74 	 -0.500000 	 98.325000 	 100.000000
   75 	 -1.000000 	 98.316667 	 100.000000
   76 	 100.000000 	 100.000000 	 100.000000
   77 	 -0.333333 	 96.665278 	 100.000000
   78 	 100.000000 	 100.000000 	 100.000000
   79 	 -1.000000 	 96.666667 	 100.000000
 