   0 	 -1.000000 	 6.603816 	 100.000000
    1 	 -1.000000 	 36.665278 	 100.000000
    2 	 -1.000000 	 75.004464 	 100.000000
    3 	 -1.000000 	 61.654690 	 100.000000
    4 	 -1.000000 	 48.325000 	 100.000000
    5 	 -1.000000 	 46.695833 	 100.000000
    6 	 -1.000000 	 76.677778 	 100.000000
    7 	 -1.000000 	 60.000000 	 100.000000
    8 	 -1.000000 	 83.325000 	 100.000000
    9 	 -1.000000 	 93.333333 	 100.000000
   10 	 -0.333333 	 83.345833 	 100.000000
   11 	 -1.000000 	 90.000000 	 100.000000
   12 	 -0.125000 	 96.666667 	 100.000000
   13 	 -0.250000 	 90.000000 	 100.000000
   14 	 -1.000000 	 98.316667 	 100.000000
   15 	 0.500000 	 98.341667 	 100.000000
   16 	 0.500000 	 98.341667 	 100.000000
   17 	 100.000000 	 100.000000 	 100.000000
   18 	 1.000000 	 98.350000 	 100.000000
   19 	 100.000000 	 100.000000 	 100.000000
   20 	 100.000000 	 100.000000 	 100.000000
   21 	 -1.000000 	 96.654167 	 100.000000
   22 	 -0.500000 	 96.666667 	 100.000000
   23 	 100.000000 	 100.000000 	 100.000000
   24 	 0.250000 	 98.337500 	 100.000000
   25 	 -1.000000 	 96.654167 	 100.000000
   26 	 -0.250000 	 98.329167 	 100.000000
   27 	 -0.500000 	 94.995833 	 100.000000
   28 	 0.500000 	 98.341667 	 100.000000
   29 	 0.500000 	 98.341667 	 100.000000
   30 	 -1.000000 	 94.987500 	 100.000000
   31 	 100.000000 	 100.000000 	 100.000000
   32 	 0.250000 	 98.337500 	 100.000000
   33 	 100.000000 	 100.000000 	 100.000000
   34 	 -0.500000 	 98.325000 	 100.000000
   35 	 -0.250000 	 96.670833 	 100.000000
   36 	 -1.000000 	 98.316667 	 100.000000
   37 	 100.000000 	 100.000000 	 100.000000
   38 	 -1.000000 	 98.316667 	 100.000000
   39 	 1.000000 	 98.350000 	 100.000000
   40 	 -0.500000 	 96.650000 	 100.000000
   41 	 100.000000 	 100.000000 	 100.000000
   42 	 -1.000000 	 94.958333 	 100.000000
   43 	 0.250000 	 98.337500 	 100.000000
   44 	 0.500000 	 98.341667 	 100.000000
   45 	 0.500000 	 98.341667 	 100.000000
   46 	 -1.000000 	 96.654167 	 100.000000
   47 	 -1.000000 	 93.320833 	 100.000000
   48 	 100.000000 	 100.000000 	 100.000000
   49 	 -1.000000 	 96.658333 	 100.000000
   50 	 -1.000000 	 96.641667 	 100.000000
   51 	 -1.000000 	 94.995833 	 100.000000
   52 	 100.000000 	 100.000000 	 100.000000
   53 	 -0.250000 	 96.679167 	 100.000000
   54 	 -0.500000 	 98.325000 	 100.000000
   55 	 -0.500000 	 98.325000 	 100.000000
   56 	 0.500000 	 98.341667 	 100.000000
   57 	 -0.500000 	 95.016667 	 100.000000
   58 	 100.000000 	 100.000000 	 100.000000
   59 	 -0.500000 	 96.650000 	 100.000000
   60 	 -0.500000 	 98.325000 	 100.000000
   61 	 -0.500000 	 96.666667 	 100.000000
   62 	 -0.250000 	 98.329167 	 100.000000
   63 	 -1.000000 	 96.633333 	 100.000000
   64 	 -1.000000 	 94.973611 	 100.000000
   65 	 100.000000 	 100.000000 	 100.000000
   66 	 -1.000000 	 94.991667 	 100.000000
   67 	 1.000000 	 98.350000 	 100.000000
   68 	 -0.250000 	 98.329167 	 100.000000
   69 	 -0.500000 	 96.650000 	 100.000000
   70 	 -0.500000 	 94.979167 	 100.000000
   71 	 -1.000000 	 93.337500 	 100.000000
   72 	 100.000000 	 100.000000 	 100.000000
   73 	 100.000000 	 100.000000 	 100.000000
   74 	 100.000000 	 100.000000 	 100.000000
   75 	 -0.250000 	 96.670833 	 100.000000
   76 	 -1.000000 	 96.641667 	 100.000000
   77 	 -0.500000 	 98.325000 	 100.000000
   78 	 -1.000000 	 91.670833 	 100.000000
   79 	 -1.000000 	 96.654167 	 100.000000
 