   0 	 -1.000000 	 14.964161 	 100.000000
    1 	 -1.000000 	 51.666667 	 100.000000
    2 	 -1.000000 	 46.651944 	 100.000000
    3 	 -1.000000 	 49.967593 	 100.000000
    4 	 -1.000000 	 73.333333 	 100.000000
    5 	 -1.000000 	 60.000556 	 100.000000
    6 	 -1.000000 	 71.633333 	 100.000000
    7 	 -1.000000 	 63.300000 	 100.000000
    8 	 -1.000000 	 56.661111 	 100.000000
    9 	 -1.000000 	 74.954722 	 100.000000
   10 	 -1.000000 	 65.025000 	 100.000000
   11 	 -1.000000 	 44.994444 	 100.000000
   12 	 -1.000000 	 66.626389 	 100.000000
   13 	 -0.500000 	 90.008333 	 100.000000
   14 	 -1.000000 	 91.661111 	 100.000000
   15 	 100.000000 	 100.000000 	 100.000000
   16 	 -1.000000 	 93.333333 	 100.000000
   17 	 100.000000 	 100.000000 	 100.000000
   18 	 -0.500000 	 98.325000 	 100.000000
   19 	 -1.000000 	 96.641667 	 100.000000
   20 	 -1.000000 	 98.316667 	 100.000000
   21 	 -0.250000 	 98.329167 	 100.000000
   22 	 -0.333333 	 94.994444 	 100.000000
   23 	 -0.250000 	 96.679167 	 100.000000
   24 	 0.250000 	 96.687500 	 100.000000
   25 	 -0.500000 	 98.325000 	 100.000000
   26 	 -0.500000 	 98.325000 	 100.000000
   27 	 -1.000000 	 95.016667 	 100.000000
   28 	 1.000000 	 98.350000 	 100.000000
   29 	 100.000000 	 100.000000 	 100.000000
   30 	 -1.000000 	 94.969444 	 100.000000
   31 	 100.000000 	 100.000000 	 100.000000
   32 	 -0.500000 	 95.001389 	 100.000000
   33 	 -1.000000 	 94.970833 	 100.000000
   34 	 -0.250000 	 98.329167 	 100.000000
   35 	 100.000000 	 100.000000 	 100.000000
   36 	 100.000000 	 100.000000 	 100.000000
   37 	 -0.250000 	 96.666667 	 100.000000
   38 	 -1.000000 	 94.995833 	 100.000000
   39 	 100.000000 	 100.000000 	 100.000000
   40 	 -1.000000 	 93.331944 	 100.000000
   41 	 0.250000 	 98.337500 	 100.000000
   42 	 -0.500000 	 95.005000 	 100.000000
   43 	 -1.000000 	 96.654167 	 100.000000
   44 	 100.000000 	 100.000000 	 100.000000
   45 	 100.000000 	 100.000000 	 100.000000
   46 	 100.000000 	 100.000000 	 100.000000
   47 	 0.333333 	 98.338889 	 100.000000
   48 	 -0.333333 	 98.327778 	 100.000000
   49 	 1.000000 	 98.350000 	 100.000000
   50 	 -1.000000 	 98.316667 	 100.000000
   51 	 0.250000 	 96.675000 	 100.000000
   52 	 -1.000000 	 94.970833 	 100.000000
   53 	 -0.333333 	 98.327778 	 100.000000
   54 	 1.000000 	 95.050000 	 100.000000
   55 	 -0.333333 	 94.995833 	 100.000000
   56 	 -1.000000 	 96.658333 	 100.000000
   57 	 -0.500000 	 96.654167 	 100.000000
   58 	 -0.500000 	 96.663889 	 100.000000
   59 	 -0.250000 	 98.329167 	 100.000000
   60 	 100.000000 	 100.000000 	 100.000000
   61 	 -1.000000 	 94.981944 	 100.000000
   62 	 -1.000000 	 95.004167 	 100.000000
   63 	 -1.000000 	 93.320833 	 100.000000
   64 	 -1.000000 	 93.344444 	 100.000000
   65 	 -1.000000 	 93.330556 	 100.000000
   66 	 1.000000 	 98.350000 	 100.000000
   67 	 -1.000000 	 96.654167 	 100.000000
   68 	 -0.250000 	 96.679167 	 100.000000
   69 	 -0.500000 	 94.979167 	 100.000000
   70 	 -1.000000 	 94.995833 	 100.000000
   71 	 -1.000000 	 96.641667 	 100.000000
   72 	 -0.333333 	 98.327778 	 100.000000
   73 	 1.000000 	 98.350000 	 100.000000
   74 	 100.000000 	 100.000000 	 100.000000
   75 	 -1.000000 	 98.316667 	 100.000000
   76 	 -0.333333 	 96.665278 	 100.000000
   77 	 -0.250000 	 93.358333 	 100.000000
   78 	 -0.333333 	 96.658333 	 100.000000
   79 	 100.000000 	 100.000000 	 100.000000
 