   0 	 -1.000000 	 5.033058 	 100.000000
    1 	 -1.000000 	 63.330952 	 100.000000
    2 	 -1.000000 	 59.962500 	 100.000000
    3 	 -1.000000 	 56.645675 	 100.000000
    4 	 -1.000000 	 66.670833 	 100.000000
    5 	 -1.000000 	 78.337500 	 100.000000
    6 	 -1.000000 	 86.707500 	 100.000000
    7 	 -0.250000 	 91.662500 	 100.000000
    8 	 -1.000000 	 84.981111 	 100.000000
    9 	 100.000000 	 100.000000 	 100.000000
   10 	 0.500000 	 96.683333 	 100.000000
   11 	 0.333333 	 98.338889 	 100.000000
   12 	 100.000000 	 100.000000 	 100.000000
   13 	 100.000000 	 100.000000 	 100.000000
   14 	 -0.250000 	 96.658333 	 100.000000
   15 	 1.000000 	 98.350000 	 100.000000
   16 	 100.000000 	 100.000000 	 100.000000
   17 	 0.333333 	 96.680556 	 100.000000
   18 	 -0.500000 	 96.663889 	 100.000000
   19 	 -0.250000 	 98.329167 	 100.000000
   20 	 0.250000 	 98.337500 	 100.000000
   21 	 100.000000 	 100.000000 	 100.000000
   22 	 -0.250000 	 96.679167 	 100.000000
   23 	 100.000000 	 100.000000 	 100.000000
   24 	 0.333333 	 98.338889 	 100.000000
   25 	 -0.500000 	 96.666667 	 100.000000
   26 	 -0.500000 	 95.004167 	 100.000000
   27 	 -1.000000 	 98.316667 	 100.000000
   28 	 -0.250000 	 91.684722 	 100.000000
   29 	 100.000000 	 100.000000 	 100.000000
   30 	 -1.000000 	 96.645833 	 100.000000
   31 	 -1.000000 	 98.316667 	 100.000000
   32 	 0.333333 	 98.338889 	 100.000000
   33 	 0.500000 	 98.341667 	 100.000000
   34 	 100.000000 	 100.000000 	 100.000000
   35 	 100.000000 	 100.000000 	 100.000000
   36 	 0.333333 	 93.361111 	 100.000000
   37 	 0.500000 	 98.341667 	 100.000000
   38 	 0.333333 	 98.338889 	 100.000000
   39 	 100.000000 	 100.000000 	 100.000000
   40 	 -0.250000 	 96.668056 	 100.000000
   41 	 -0.250000 	 96.666667 	 100.000000
   42 	 -0.250000 	 95.029167 	 100.000000
   43 	 -0.500000 	 93.358333 	 100.000000
   44 	 0.333333 	 98.338889 	 100.000000
   45 	 0.333333 	 96.688889 	 100.000000
   46 	 0.250000 	 96.676389 	 100.000000
   47 	 0.333333 	 98.338889 	 100.000000
   48 	 100.000000 	 100.000000 	 100.000000
   49 	 100.000000 	 100.000000 	 100.000000
   50 	 0.250000 	 98.337500 	 100.000000
   51 	 -0.500000 	 96.666667 	 100.000000
   52 	 0.333333 	 98.338889 	 100.000000
   53 	 100.000000 	 100.000000 	 100.000000
   54 	 -0.250000 	 96.670833 	 100.000000
   55 	 100.000000 	 100.000000 	 100.000000
   56 	 100.000000 	 100.000000 	 100.000000
   57 	 0.333333 	 95.022222 	 100.000000
   58 	 -0.250000 	 96.679167 	 100.000000
   59 	 100.000000 	 100.000000 	 100.000000
   60 	 100.000000 	 100.000000 	 100.000000
   61 	 100.000000 	 100.000000 	 100.000000
   62 	 0.500000 	 98.341667 	 100.000000
   63 	 100.000000 	 100.000000 	 100.000000
   64 	 100.000000 	 100.000000 	 100.000000
   65 	 1.000000 	 98.350000 	 100.000000
   66 	 -0.250000 	 98.329167 	 100.000000
   67 	 0.250000 	 98.337500 	 100.000000
   68 	 100.000000 	 100.000000 	 100.000000
   69 	 100.000000 	 100.000000 	 100.000000
   70 	 100.000000 	 100.000000 	 100.000000
   71 	 0.500000 	 98.341667 	 100.000000
   72 	 0.500000 	 98.341667 	 100.000000
   73 	 100.000000 	 100.000000 	 100.000000
   74 	 -0.250000 	 98.329167 	 100.000000
   75 	 100.000000 	 100.000000 	 100.000000
   76 	 100.000000 	 100.000000 	 100.000000
   77 	 -0.250000 	 98.329167 	 100.000000
   78 	 100.000000 	 100.000000 	 100.000000
   79 	 100.000000 	 100.000000 	 100.000000
 