   0 	 -1.000000 	 8.418633 	 100.000000
    1 	 -1.000000 	 63.317063 	 100.000000
    2 	 -1.000000 	 48.327778 	 100.000000
    3 	 -1.000000 	 43.347520 	 100.000000
    4 	 -1.000000 	 53.337500 	 100.000000
    5 	 -1.000000 	 49.987222 	 100.000000
    6 	 -1.000000 	 51.711111 	 100.000000
    7 	 -1.000000 	 66.690278 	 100.000000
    8 	 -1.000000 	 68.358333 	 100.000000
    9 	 -1.000000 	 68.376389 	 100.000000
   10 	 -1.000000 	 54.990278 	 100.000000
   11 	 -1.000000 	 60.008333 	 100.000000
   12 	 -1.000000 	 74.971667 	 100.000000
   13 	 -1.000000 	 64.991667 	 100.000000
   14 	 -0.500000 	 83.350000 	 100.000000
   15 	 -0.500000 	 73.340278 	 100.000000
   16 	 -1.000000 	 78.318056 	 100.000000
   17 	 -0.500000 	 90.029167 	 100.000000
   18 	 -0.500000 	 91.679167 	 100.000000
   19 	 -0.500000 	 86.679167 	 100.000000
   20 	 -1.000000 	 90.000000 	 100.000000
   21 	 -0.500000 	 96.666667 	 100.000000
   22 	 -1.000000 	 90.002778 	 100.000000
   23 	 -1.000000 	 96.666667 	 100.000000
   24 	 0.250000 	 98.337500 	 100.000000
   25 	 100.000000 	 100.000000 	 100.000000
   26 	 0.500000 	 98.341667 	 100.000000
   27 	 -1.000000 	 94.993056 	 100.000000
   28 	 -0.333333 	 98.327778 	 100.000000
   29 	 -1.000000 	 94.995833 	 100.000000
   30 	 0.500000 	 98.341667 	 100.000000
   31 	 100.000000 	 100.000000 	 100.000000
   32 	 -1.000000 	 96.654167 	 100.000000
   33 	 100.000000 	 100.000000 	 100.000000
   34 	 100.000000 	 100.000000 	 100.000000
   35 	 0.500000 	 98.341667 	 100.000000
   36 	 -0.250000 	 98.329167 	 100.000000
   37 	 -1.000000 	 98.316667 	 100.000000
   38 	 0.500000 	 98.341667 	 100.000000
   39 	 100.000000 	 100.000000 	 100.000000
   40 	 100.000000 	 100.000000 	 100.000000
   41 	 -0.333333 	 96.677778 	 100.000000
   42 	 100.000000 	 100.000000 	 100.000000
   43 	 100.000000 	 100.000000 	 100.000000
   44 	 -0.250000 	 98.329167 	 100.000000
   45 	 -1.000000 	 98.316667 	 100.000000
   46 	 -0.500000 	 98.325000 	 100.000000
   47 	 -0.250000 	 98.329167 	 100.000000
   48 	 -1.000000 	 98.316667 	 100.000000
   49 	 -0.500000 	 98.325000 	 100.000000
   50 	 0.500000 	 98.341667 	 100.000000
   51 	 100.000000 	 100.000000 	 100.000000
   52 	 100.000000 	 100.000000 	 100.000000
   53 	 100.000000 	 100.000000 	 100.000000
   54 	 -0.500000 	 98.325000 	 100.000000
   55 	 -0.250000 	 96.670833 	 100.000000
   56 	 100.000000 	 100.000000 	 100.000000
   57 	 100.000000 	 100.000000 	 100.000000
   58 	 0.250000 	 95.029167 	 100.000000
   59 	 100.000000 	 100.000000 	 100.000000
   60 	 100.000000 	 100.000000 	 100.000000
   61 	 -0.250000 	 96.679167 	 100.000000
   62 	 100.000000 	 100.000000 	 100.000000
   63 	 0.250000 	 98.337500 	 100.000000
   64 	 -1.000000 	 98.316667 	 100.000000
   65 	 -1.000000 	 94.993056 	 100.000000
   66 	 0.250000 	 98.337500 	 100.000000
   67 	 100.000000 	 100.000000 	 100.000000
   68 	 -1.000000 	 98.316667 	 100.000000
   69 	 0.250000 	 96.679167 	 100.000000
   70 	 100.000000 	 100.000000 	 100.000000
   71 	 -1.000000 	 96.633333 	 100.000000
   72 	 100.000000 	 100.000000 	 100.000000
   73 	 -1.000000 	 96.666667 	 100.000000
   74 	 100.000000 	 100.000000 	 100.000000
   75 	 -0.500000 	 98.325000 	 100.000000
   76 	 100.000000 	 100.000000 	 100.000000
   77 	 -0.333333 	 98.327778 	 100.000000
   78 	 -0.250000 	 96.679167 	 100.000000
   79 	 100.000000 	 100.000000 	 100.000000
 