   0 	 -1.000000 	 8.336152 	 100.000000
    1 	 -1.000000 	 46.622659 	 100.000000
    2 	 -1.000000 	 48.341667 	 100.000000
    3 	 -1.000000 	 78.359167 	 100.000000
    4 	 -1.000000 	 54.994444 	 100.000000
    5 	 -1.000000 	 56.662500 	 100.000000
    6 	 -0.500000 	 76.668730 	 100.000000
    7 	 -0.500000 	 73.345278 	 100.000000
    8 	 -1.000000 	 64.980787 	 100.000000
    9 	 -0.500000 	 74.996667 	 100.000000
   10 	 -1.000000 	 73.339815 	 100.000000
   11 	 -0.500000 	 73.337156 	 100.000000
   12 	 -1.000000 	 76.650231 	 100.000000
   13 	 -0.500000 	 78.341111 	 100.000000
   14 	 -0.500000 	 73.337897 	 100.000000
   15 	 -0.500000 	 88.350000 	 100.000000
   16 	 -0.500000 	 75.006944 	 100.000000
   17 	 -0.500000 	 93.366667 	 100.000000
   18 	 -0.500000 	 86.685556 	 100.000000
   19 	 -0.500000 	 81.663333 	 100.000000
   20 	 -0.500000 	 96.666667 	 100.000000
   21 	 -0.500000 	 89.992500 	 100.000000
   22 	 -0.250000 	 95.029167 	 100.000000
   23 	 -0.250000 	 98.329167 	 100.000000
   24 	 100.000000 	 100.000000 	 100.000000
   25 	 100.000000 	 100.000000 	 100.000000
   26 	 1.000000 	 98.350000 	 100.000000
   27 	 0.333333 	 98.338889 	 100.000000
   28 	 1.000000 	 98.350000 	 100.000000
   29 	 1.000000 	 96.700000 	 100.000000
   30 	 -0.200000 	 98.330000 	 100.000000
   31 	 -0.250000 	 96.670833 	 100.000000
   32 	 -1.000000 	 98.316667 	 100.000000
   33 	 -1.000000 	 98.316667 	 100.000000
   34 	 -0.500000 	 98.325000 	 100.000000
   35 	 100.000000 	 100.000000 	 100.000000
   36 	 -0.250000 	 98.329167 	 100.000000
   37 	 1.000000 	 98.350000 	 100.000000
   38 	 1.000000 	 98.350000 	 100.000000
   39 	 100.000000 	 100.000000 	 100.000000
   40 	 100.000000 	 100.000000 	 100.000000
   41 	 100.000000 	 100.000000 	 100.000000
   42 	 -1.000000 	 98.316667 	 100.000000
   43 	 -0.250000 	 91.718056 	 100.000000
   44 	 -1.000000 	 96.666667 	 100.000000
   45 	 100.000000 	 100.000000 	 100.000000
   46 	 -0.250000 	 95.009167 	 100.000000
   47 	 -0.500000 	 96.663889 	 100.000000
   48 	 0.333333 	 96.677778 	 100.000000
   49 	 100.000000 	 100.000000 	 100.000000
   50 	 100.000000 	 100.000000 	 100.000000
   51 	 1.000000 	 98.350000 	 100.000000
   52 	 1.000000 	 98.350000 	 100.000000
   53 	 100.000000 	 100.000000 	 100.000000
   54 	 100.000000 	 100.000000 	 100.000000
   55 	 100.000000 	 100.000000 	 100.000000
   56 	 -1.000000 	 98.316667 	 100.000000
   57 	 100.000000 	 100.000000 	 100.000000
   58 	 100.000000 	 100.000000 	 100.000000
   59 	 100.000000 	 100.000000 	 100.000000
   60 	 -0.250000 	 98.329167 	 100.000000
   61 	 100.000000 	 100.000000 	 100.000000
   62 	 -0.250000 	 96.659167 	 100.000000
   63 	 -0.500000 	 95.013889 	 100.000000
   64 	 0.333333 	 98.338889 	 100.000000
   65 	 -0.250000 	 98.329167 	 100.000000
   66 	 100.000000 	 100.000000 	 100.000000
   67 	 -0.200000 	 98.330000 	 100.000000
   68 	 -1.000000 	 96.641667 	 100.000000
   69 	 -0.250000 	 96.668056 	 100.000000
   70 	 100.000000 	 100.000000 	 100.000000
   71 	 100.000000 	 100.000000 	 100.000000
   72 	 100.000000 	 100.000000 	 100.000000
   73 	 -0.250000 	 94.987500 	 100.000000
   74 	 100.000000 	 100.000000 	 100.000000
   75 	 -1.000000 	 96.641667 	 100.000000
   76 	 -1.000000 	 96.666667 	 100.000000
   77 	 100.000000 	 100.000000 	 100.000000
   78 	 0.500000 	 98.341667 	 100.000000
   79 	 -0.500000 	 95.013889 	 100.000000
 