   0 	 -1.000000 	 4.981010 	 100.000000
    1 	 -1.000000 	 51.692500 	 100.000000
    2 	 -1.000000 	 71.662500 	 100.000000
    3 	 -1.000000 	 48.358333 	 100.000000
    4 	 -1.000000 	 64.982500 	 100.000000
    5 	 -1.000000 	 56.666111 	 100.000000
    6 	 -1.000000 	 68.341667 	 100.000000
    7 	 -1.000000 	 78.302778 	 100.000000
    8 	 -1.000000 	 70.012500 	 100.000000
    9 	 -1.000000 	 86.666111 	 100.000000
   10 	 -1.000000 	 91.650000 	 100.000000
   11 	 100.000000 	 100.000000 	 100.000000
   12 	 0.333333 	 98.338889 	 100.000000
   13 	 -0.250000 	 96.666667 	 100.000000
   14 	 -0.250000 	 98.329167 	 100.000000
   15 	 -0.500000 	 91.691667 	 100.000000
   16 	 0.333333 	 98.338889 	 100.000000
   17 	 100.000000 	 100.000000 	 100.000000
   18 	 -0.250000 	 96.668056 	 100.000000
   19 	 -1.000000 	 96.641667 	 100.000000
   20 	 100.000000 	 100.000000 	 100.000000
   21 	 -0.250000 	 96.658333 	 100.000000
   22 	 0.250000 	 96.676389 	 100.000000
   23 	 100.000000 	 100.000000 	 100.000000
   24 	 -1.000000 	 94.983333 	 100.000000
   25 	 100.000000 	 100.000000 	 100.000000
   26 	 -0.333333 	 98.327778 	 100.000000
   27 	 -1.000000 	 96.666667 	 100.000000
   28 	 0.333333 	 96.688889 	 100.000000
   29 	 -0.333333 	 96.677778 	 100.000000
   30 	 -1.000000 	 93.345833 	 100.000000
   31 	 -1.000000 	 91.659722 	 100.000000
   32 	 0.333333 	 98.338889 	 100.000000
   33 	 1.000000 	 98.350000 	 100.000000
   34 	 -1.000000 	 94.983333 	 100.000000
   35 	 1.000000 	 98.350000 	 100.000000
   36 	 -0.333333 	 96.677778 	 100.000000
   37 	 -1.000000 	 98.316667 	 100.000000
   38 	 -0.500000 	 98.325000 	 100.000000
   39 	 1.000000 	 98.350000 	 100.000000
   40 	 -1.000000 	 95.016667 	 100.000000
   41 	 -0.500000 	 96.675000 	 100.000000
   42 	 1.000000 	 98.350000 	 100.000000
   43 	 0.250000 	 96.676389 	 100.000000
   44 	 -0.500000 	 98.325000 	 100.000000
   45 	 1.000000 	 96.700000 	 100.000000
   46 	 100.000000 	 100.000000 	 100.000000
   47 	 0.250000 	 96.679167 	 100.000000
   48 	 100.000000 	 100.000000 	 100.000000
   49 	 -0.500000 	 96.675000 	 100.000000
   50 	 -1.000000 	 98.316667 	 100.000000
   51 	 0.250000 	 96.675000 	 100.000000
   52 	 -1.000000 	 93.320833 	 100.000000
   53 	 -1.000000 	 98.316667 	 100.000000
   54 	 100.000000 	 100.000000 	 100.000000
   55 	 -1.000000 	 98.316667 	 100.000000
   56 	 -1.000000 	 96.644444 	 100.000000
   57 	 1.000000 	 98.350000 	 100.000000
   58 	 100.000000 	 100.000000 	 100.000000
   59 	 -1.000000 	 96.633333 	 100.000000
   60 	 -0.333333 	 95.019444 	 100.000000
   61 	 -0.250000 	 98.329167 	 100.000000
   62 	 100.000000 	 100.000000 	 100.000000
   63 	 -1.000000 	 94.970833 	 100.000000
   64 	 -0.500000 	 93.345833 	 100.000000
   65 	 -1.000000 	 98.316667 	 100.000000
   66 	 -0.250000 	 96.668056 	 100.000000
   67 	 1.000000 	 98.350000 	 100.000000
   68 	 -0.250000 	 95.016667 	 100.000000
   69 	 100.000000 	 100.000000 	 100.000000
   70 	 -1.000000 	 96.666667 	 100.000000
   71 	 1.000000 	 98.350000 	 100.000000
   72 	 -0.500000 	 93.330556 	 100.000000
   73 	 -0.250000 	 95.008333 	 100.000000
   74 	 0.500000 	 98.341667 	 100.000000
   75 	 -1.000000 	 94.991667 	 100.000000
   76 	 -0.250000 	 98.329167 	 100.000000
   77 	 100.000000 	 100.000000 	 100.000000
   78 	 -0.333333 	 98.327778 	 100.000000
   79 	 0.333333 	 96.688889 	 100.000000
 