   0 	 -1.000000 	 6.570714 	 100.000000
    1 	 -1.000000 	 68.336825 	 100.000000
    2 	 -1.000000 	 71.648056 	 100.000000
    3 	 -1.000000 	 61.650833 	 100.000000
    4 	 -1.000000 	 59.940278 	 100.000000
    5 	 -1.000000 	 79.992500 	 100.000000
    6 	 -0.500000 	 88.337500 	 100.000000
    7 	 -1.000000 	 76.648056 	 100.000000
    8 	 -1.000000 	 81.686111 	 100.000000
    9 	 1.000000 	 96.700000 	 100.000000
   10 	 -0.500000 	 93.366667 	 100.000000
   11 	 -0.333333 	 98.327778 	 100.000000
   12 	 -1.000000 	 98.316667 	 100.000000
   13 	 -0.333333 	 95.019444 	 100.000000
   14 	 100.000000 	 100.000000 	 100.000000
   15 	 -0.250000 	 98.329167 	 100.000000
   16 	 -1.000000 	 93.325000 	 100.000000
   17 	 -1.000000 	 96.644444 	 100.000000
   18 	 100.000000 	 100.000000 	 100.000000
   19 	 -1.000000 	 98.316667 	 100.000000
   20 	 1.000000 	 98.350000 	 100.000000
   21 	 -1.000000 	 96.666667 	 100.000000
   22 	 -0.250000 	 96.666667 	 100.000000
   23 	 -1.000000 	 96.645833 	 100.000000
   24 	 -1.000000 	 96.644444 	 100.000000
   25 	 100.000000 	 100.000000 	 100.000000
   26 	 100.000000 	 100.000000 	 100.000000
   27 	 0.333333 	 96.680556 	 100.000000
   28 	 -1.000000 	 96.658333 	 100.000000
   29 	 -0.333333 	 98.327778 	 100.000000
   30 	 -0.500000 	 98.325000 	 100.000000
   31 	 -0.250000 	 98.329167 	 100.000000
   32 	 100.000000 	 100.000000 	 100.000000
   33 	 -0.250000 	 98.329167 	 100.000000
   34 	 100.000000 	 100.000000 	 100.000000
   35 	 -0.500000 	 98.325000 	 100.000000
   36 	 0.333333 	 96.680556 	 100.000000
   37 	 0.250000 	 98.337500 	 100.000000
   38 	 -0.333333 	 96.666667 	 100.000000
   39 	 -0.250000 	 96.658333 	 100.000000
   40 	 -0.500000 	 95.004167 	 100.000000
   41 	 -1.000000 	 98.316667 	 100.000000
   42 	 0.333333 	 98.338889 	 100.000000
   43 	 -0.500000 	 98.325000 	 100.000000
   44 	 100.000000 	 100.000000 	 100.000000
   45 	 -1.000000 	 96.645833 	 100.000000
   46 	 -0.250000 	 96.666667 	 100.000000
   47 	 -0.250000 	 96.666667 	 100.000000
   48 	 -1.000000 	 96.654167 	 100.000000
   49 	 -1.000000 	 98.316667 	 100.000000
   50 	 -1.000000 	 96.655556 	 100.000000
   51 	 100.000000 	 100.000000 	 100.000000
   52 	 100.000000 	 100.000000 	 100.000000
   53 	 100.000000 	 100.000000 	 100.000000
   54 	 -0.333333 	 98.327778 	 100.000000
   55 	 -1.000000 	 98.316667 	 100.000000
   56 	 1.000000 	 98.350000 	 100.000000
   57 	 -0.333333 	 95.015278 	 100.000000
   58 	 -1.000000 	 94.983333 	 100.000000
   59 	 -0.250000 	 98.329167 	 100.000000
   60 	 -1.000000 	 96.644444 	 100.000000
   61 	 100.000000 	 100.000000 	 100.000000
   62 	 -0.333333 	 96.656944 	 100.000000
   63 	 1.000000 	 98.350000 	 100.000000
   64 	 -1.000000 	 96.641667 	 100.000000
   65 	 100.000000 	 100.000000 	 100.000000
   66 	 0.250000 	 96.687500 	 100.000000
   67 	 -0.333333 	 98.327778 	 100.000000
   68 	 100.000000 	 100.000000 	 100.000000
   69 	 -0.250000 	 96.666667 	 100.000000
   70 	 100.000000 	 100.000000 	 100.000000
   71 	 -1.000000 	 98.316667 	 100.000000
   72 	 -1.000000 	 98.316667 	 100.000000
   73 	 -1.000000 	 96.645833 	 100.000000
   74 	 100.000000 	 100.000000 	 100.000000
   75 	 -0.333333 	 98.327778 	 100.000000
   76 	 -1.000000 	 98.316667 	 100.000000
   77 	 1.000000 	 98.350000 	 100.000000
   78 	 -0.500000 	 95.005556 	 100.000000
   79 	 100.000000 	 100.000000 	 100.000000
 