   0 	 -1.000000 	 8.390831 	 100.000000
    1 	 -1.000000 	 56.597222 	 100.000000
    2 	 -1.000000 	 60.008452 	 100.000000
    3 	 -1.000000 	 38.353611 	 100.000000
    4 	 -1.000000 	 73.308889 	 100.000000
    5 	 -1.000000 	 56.651389 	 100.000000
    6 	 -1.000000 	 63.333460 	 100.000000
    7 	 -1.000000 	 74.991667 	 100.000000
    8 	 -1.000000 	 64.939722 	 100.000000
    9 	 -1.000000 	 58.323889 	 100.000000
   10 	 -1.000000 	 53.361250 	 100.000000
   11 	 -1.000000 	 76.669444 	 100.000000
   12 	 -1.000000 	 71.672222 	 100.000000
   13 	 -1.000000 	 66.675833 	 100.000000
   14 	 -1.000000 	 65.027222 	 100.000000
   15 	 -1.000000 	 69.995278 	 100.000000
   16 	 -1.000000 	 64.994444 	 100.000000
   17 	 -1.000000 	 79.977778 	 100.000000
   18 	 -1.000000 	 75.016667 	 100.000000
   19 	 -1.000000 	 68.358333 	 100.000000
   20 	 -1.000000 	 59.992500 	 100.000000
   21 	 -1.000000 	 84.991667 	 100.000000
   22 	 -1.000000 	 83.341667 	 100.000000
   23 	 -1.000000 	 96.666667 	 100.000000
   24 	 -1.000000 	 83.320833 	 100.000000
   25 	 -0.500000 	 88.380556 	 100.000000
   26 	 -1.000000 	 91.666667 	 100.000000
   27 	 -1.000000 	 96.666667 	 100.000000
   28 	 -1.000000 	 91.650000 	 100.000000
   29 	 -1.000000 	 88.338889 	 100.000000
   30 	 -1.000000 	 96.666667 	 100.000000
   31 	 -1.000000 	 98.316667 	 100.000000
   32 	 -0.500000 	 86.684722 	 100.000000
   33 	 -1.000000 	 96.666667 	 100.000000
   34 	 -1.000000 	 94.981944 	 100.000000
   35 	 -1.000000 	 95.016667 	 100.000000
   36 	 100.000000 	 100.000000 	 100.000000
   37 	 0.250000 	 98.337500 	 100.000000
   38 	 -0.333333 	 96.669444 	 100.000000
   39 	 -0.250000 	 96.679167 	 100.000000
   40 	 100.000000 	 100.000000 	 100.000000
   41 	 1.000000 	 98.350000 	 100.000000
   42 	 0.250000 	 96.679167 	 100.000000
   43 	 100.000000 	 100.000000 	 100.000000
   44 	 -0.500000 	 96.666667 	 100.000000
   45 	 -1.000000 	 95.016667 	 100.000000
   46 	 -0.500000 	 96.675000 	 100.000000
   47 	 -0.500000 	 98.325000 	 100.000000
   48 	 100.000000 	 100.000000 	 100.000000
   49 	 100.000000 	 100.000000 	 100.000000
   50 	 100.000000 	 100.000000 	 100.000000
   51 	 -0.333333 	 94.993056 	 100.000000
   52 	 1.000000 	 98.350000 	 100.000000
   53 	 100.000000 	 100.000000 	 100.000000
   54 	 -1.000000 	 96.666667 	 100.000000
   55 	 100.000000 	 100.000000 	 100.000000
   56 	 0.250000 	 98.337500 	 100.000000
   57 	 -0.250000 	 96.679167 	 100.000000
   58 	 -0.500000 	 93.323611 	 100.000000
   59 	 0.500000 	 98.341667 	 100.000000
   60 	 -0.333333 	 98.327778 	 100.000000
   61 	 -0.250000 	 96.679167 	 100.000000
   62 	 -0.250000 	 98.329167 	 100.000000
   63 	 -1.000000 	 93.344444 	 100.000000
   64 	 0.500000 	 98.341667 	 100.000000
   65 	 -1.000000 	 98.316667 	 100.000000
   66 	 100.000000 	 100.000000 	 100.000000
   67 	 100.000000 	 100.000000 	 100.000000
   68 	 100.000000 	 100.000000 	 100.000000
   69 	 -1.000000 	 98.316667 	 100.000000
   70 	 -1.000000 	 96.654167 	 100.000000
   71 	 -0.500000 	 96.675000 	 100.000000
   72 	 100.000000 	 100.000000 	 100.000000
   73 	 100.000000 	 100.000000 	 100.000000
   74 	 1.000000 	 95.050000 	 100.000000
   75 	 100.000000 	 100.000000 	 100.000000
   76 	 1.000000 	 98.350000 	 100.000000
   77 	 0.250000 	 98.337500 	 100.000000
   78 	 -1.000000 	 96.658333 	 100.000000
   79 	 -0.333333 	 98.327778 	 100.000000
 