   0 	 -1.000000 	 8.430595 	 100.000000
    1 	 -1.000000 	 56.645139 	 100.000000
    2 	 -1.000000 	 53.318056 	 100.000000
    3 	 -1.000000 	 63.361667 	 100.000000
    4 	 -1.000000 	 64.967500 	 100.000000
    5 	 -1.000000 	 53.301389 	 100.000000
    6 	 -1.000000 	 46.637500 	 100.000000
    7 	 -1.000000 	 68.317500 	 100.000000
    8 	 -1.000000 	 63.325152 	 100.000000
    9 	 -1.000000 	 61.675000 	 100.000000
   10 	 -1.000000 	 64.987500 	 100.000000
   11 	 -1.000000 	 71.672222 	 100.000000
   12 	 -1.000000 	 76.633333 	 100.000000
   13 	 -0.500000 	 80.000000 	 100.000000
   14 	 -0.250000 	 90.000000 	 100.000000
   15 	 100.000000 	 100.000000 	 100.000000
   16 	 100.000000 	 100.000000 	 100.000000
   17 	 100.000000 	 100.000000 	 100.000000
   18 	 0.250000 	 98.337500 	 100.000000
   19 	 -0.333333 	 98.327778 	 100.000000
   20 	 -1.000000 	 96.666667 	 100.000000
   21 	 1.000000 	 96.700000 	 100.000000
   22 	 -0.250000 	 98.329167 	 100.000000
   23 	 -0.333333 	 96.669444 	 100.000000
   24 	 100.000000 	 100.000000 	 100.000000
   25 	 -1.000000 	 96.644444 	 100.000000
   26 	 -0.500000 	 98.325000 	 100.000000
   27 	 1.000000 	 98.350000 	 100.000000
   28 	 100.000000 	 100.000000 	 100.000000
   29 	 1.000000 	 98.350000 	 100.000000
   30 	 -0.333333 	 98.327778 	 100.000000
   31 	 100.000000 	 100.000000 	 100.000000
   32 	 0.500000 	 98.341667 	 100.000000
   33 	 0.333333 	 95.038889 	 100.000000
   34 	 1.000000 	 98.350000 	 100.000000
   35 	 -0.333333 	 98.327778 	 100.000000
   36 	 0.250000 	 96.687500 	 100.000000
   37 	 100.000000 	 100.000000 	 100.000000
   38 	 -0.333333 	 96.656944 	 100.000000
   39 	 -1.000000 	 98.316667 	 100.000000
   40 	 -1.000000 	 98.316667 	 100.000000
   41 	 100.000000 	 100.000000 	 100.000000
   42 	 -1.000000 	 96.641667 	 100.000000
   43 	 -1.000000 	 91.684722 	 100.000000
   44 	 -0.250000 	 98.329167 	 100.000000
   45 	 100.000000 	 100.000000 	 100.000000
   46 	 -0.333333 	 93.344444 	 100.000000
   47 	 100.000000 	 100.000000 	 100.000000
   48 	 1.000000 	 98.350000 	 100.000000
   49 	 100.000000 	 100.000000 	 100.000000
   50 	 -1.000000 	 93.337500 	 100.000000
   51 	 -1.000000 	 91.670833 	 100.000000
   52 	 0.250000 	 98.337500 	 100.000000
   53 	 -1.000000 	 93.333333 	 100.000000
   54 	 1.000000 	 98.350000 	 100.000000
   55 	 -1.000000 	 96.633333 	 100.000000
   56 	 0.250000 	 98.337500 	 100.000000
   57 	 1.000000 	 98.350000 	 100.000000
   58 	 -0.500000 	 98.325000 	 100.000000
   59 	 1.000000 	 98.350000 	 100.000000
   60 	 -0.250000 	 98.329167 	 100.000000
   61 	 -0.333333 	 98.327778 	 100.000000
   62 	 0.250000 	 93.368056 	 100.000000
   63 	 100.000000 	 100.000000 	 100.000000
   64 	 -1.000000 	 98.316667 	 100.000000
   65 	 -0.250000 	 93.343056 	 100.000000
   66 	 100.000000 	 100.000000 	 100.000000
   67 	 0.250000 	 95.029167 	 100.000000
   68 	 100.000000 	 100.000000 	 100.000000
   69 	 -0.333333 	 98.327778 	 100.000000
   70 	 100.000000 	 100.000000 	 100.000000
   71 	 -1.000000 	 96.633333 	 100.000000
   72 	 1.000000 	 96.700000 	 100.000000
   73 	 -0.333333 	 96.677778 	 100.000000
   74 	 0.500000 	 98.341667 	 100.000000
   75 	 -0.250000 	 95.029167 	 100.000000
   76 	 100.000000 	 100.000000 	 100.000000
   77 	 100.000000 	 100.000000 	 100.000000
   78 	 -0.250000 	 98.329167 	 100.000000
   79 	 -1.000000 	 95.016667 	 100.000000
 