   0 	 -1.000000 	 3.373915 	 100.000000
    1 	 -1.000000 	 51.700833 	 100.000000
    2 	 -1.000000 	 81.686111 	 100.000000
    3 	 -1.000000 	 76.643611 	 100.000000
    4 	 -0.333333 	 86.666667 	 100.000000
    5 	 -0.333333 	 89.998611 	 100.000000
    6 	 -0.250000 	 85.015556 	 100.000000
    7 	 -1.000000 	 91.650000 	 100.000000
    8 	 -1.000000 	 98.316667 	 100.000000
    9 	 -0.333333 	 95.015278 	 100.000000
   10 	 100.000000 	 100.000000 	 100.000000
   11 	 1.000000 	 98.350000 	 100.000000
   12 	 -0.250000 	 98.329167 	 100.000000
   13 	 100.000000 	 100.000000 	 100.000000
   14 	 1.000000 	 98.350000 	 100.000000
   15 	 -0.250000 	 96.666667 	 100.000000
   16 	 -0.200000 	 95.018889 	 100.000000
   17 	 -1.000000 	 98.316667 	 100.000000
   18 	 100.000000 	 100.000000 	 100.000000
   19 	 1.000000 	 98.350000 	 100.000000
   20 	 -0.333333 	 96.656944 	 100.000000
   21 	 100.000000 	 100.000000 	 100.000000
   22 	 0.333333 	 98.338889 	 100.000000
   23 	 1.000000 	 98.350000 	 100.000000
   24 	 100.000000 	 100.000000 	 100.000000
   25 	 -0.333333 	 94.994444 	 100.000000
   26 	 -0.250000 	 95.009167 	 100.000000
   27 	 100.000000 	 100.000000 	 100.000000
   28 	 -0.200000 	 96.667500 	 100.000000
   29 	 -0.500000 	 96.675000 	 100.000000
   30 	 -0.250000 	 96.668056 	 100.000000
   31 	 -0.250000 	 98.329167 	 100.000000
   32 	 1.000000 	 98.350000 	 100.000000
   33 	 -0.200000 	 98.330000 	 100.000000
   34 	 1.000000 	 96.700000 	 100.000000
   35 	 100.000000 	 100.000000 	 100.000000
   36 	 100.000000 	 100.000000 	 100.000000
   37 	 100.000000 	 100.000000 	 100.000000
   38 	 1.000000 	 98.350000 	 100.000000
   39 	 100.000000 	 100.000000 	 100.000000
   40 	 100.000000 	 100.000000 	 100.000000
   41 	 100.000000 	 100.000000 	 100.000000
   42 	 100.000000 	 100.000000 	 100.000000
   43 	 100.000000 	 100.000000 	 100.000000
   44 	 -0.250000 	 96.679167 	 100.000000
   45 	 -1.000000 	 94.972222 	 100.000000
   46 	 -0.333333 	 94.995833 	 100.000000
   47 	 -0.250000 	 98.329167 	 100.000000
   48 	 -1.000000 	 96.666667 	 100.000000
   49 	 100.000000 	 100.000000 	 100.000000
   50 	 100.000000 	 100.000000 	 100.000000
   51 	 0.250000 	 96.687500 	 100.000000
   52 	 1.000000 	 98.350000 	 100.000000
   53 	 100.000000 	 100.000000 	 100.000000
   54 	 -0.333333 	 98.327778 	 100.000000
   55 	 100.000000 	 100.000000 	 100.000000
   56 	 100.000000 	 100.000000 	 100.000000
   57 	 0.250000 	 98.337500 	 100.000000
   58 	 100.000000 	 100.000000 	 100.000000
   59 	 -0.250000 	 98.329167 	 100.000000
   60 	 0.250000 	 95.026389 	 100.000000
   61 	 -0.333333 	 98.327778 	 100.000000
   62 	 -0.250000 	 96.679167 	 100.000000
   63 	 100.000000 	 100.000000 	 100.000000
   64 	 -1.000000 	 96.654167 	 100.000000
   65 	 100.000000 	 100.000000 	 100.000000
   66 	 -0.250000 	 96.659167 	 100.000000
   67 	 100.000000 	 100.000000 	 100.000000
   68 	 -0.200000 	 96.680000 	 100.000000
   69 	 1.000000 	 98.350000 	 100.000000
   70 	 -0.500000 	 98.325000 	 100.000000
   71 	 0.333333 	 96.677778 	 100.000000
   72 	 1.000000 	 98.350000 	 100.000000
   73 	 1.000000 	 98.350000 	 100.000000
   74 	 100.000000 	 100.000000 	 100.000000
   75 	 100.000000 	 100.000000 	 100.000000
   76 	 1.000000 	 96.700000 	 100.000000
   77 	 0.250000 	 98.337500 	 100.000000
   78 	 1.000000 	 96.700000 	 100.000000
   79 	 -0.333333 	 98.327778 	 100.000000
 