   0 	 -1.000000 	 6.703035 	 100.000000
    1 	 -1.000000 	 43.341944 	 100.000000
    2 	 -1.000000 	 54.984167 	 100.000000
    3 	 -1.000000 	 69.977778 	 100.000000
    4 	 -1.000000 	 63.337269 	 100.000000
    5 	 -1.000000 	 58.350000 	 100.000000
    6 	 -1.000000 	 83.333333 	 100.000000
    7 	 -1.000000 	 75.005556 	 100.000000
    8 	 -1.000000 	 86.665278 	 100.000000
    9 	 -1.000000 	 78.338889 	 100.000000
   10 	 -0.333333 	 96.666667 	 100.000000
   11 	 0.250000 	 96.687500 	 100.000000
   12 	 -1.000000 	 83.319444 	 100.000000
   13 	 -1.000000 	 83.344444 	 100.000000
   14 	 -0.500000 	 94.991667 	 100.000000
   15 	 -0.333333 	 94.995833 	 100.000000
   16 	 -1.000000 	 93.333333 	 100.000000
   17 	 -1.000000 	 95.016667 	 100.000000
   18 	 -1.000000 	 93.344444 	 100.000000
   19 	 -1.000000 	 89.966667 	 100.000000
   20 	 -1.000000 	 96.666667 	 100.000000
   21 	 -1.000000 	 84.994444 	 100.000000
   22 	 -1.000000 	 91.662500 	 100.000000
   23 	 -1.000000 	 93.331944 	 100.000000
   24 	 -1.000000 	 93.333333 	 100.000000
   25 	 -1.000000 	 94.983333 	 100.000000
   26 	 -1.000000 	 96.666667 	 100.000000
   27 	 -1.000000 	 93.333333 	 100.000000
   28 	 -1.000000 	 96.666667 	 100.000000
   29 	 -1.000000 	 86.666667 	 100.000000
   30 	 100.000000 	 100.000000 	 100.000000
   31 	 -1.000000 	 91.683333 	 100.000000
   32 	 -1.000000 	 93.333333 	 100.000000
   33 	 -1.000000 	 88.318611 	 100.000000
   34 	 -1.000000 	 94.983333 	 100.000000
   35 	 -0.500000 	 96.675000 	 100.000000
   36 	 0.250000 	 96.687500 	 100.000000
   37 	 -0.250000 	 95.004167 	 100.000000
   38 	 -0.333333 	 94.994444 	 100.000000
   39 	 -1.000000 	 94.991667 	 100.000000
   40 	 -1.000000 	 86.666667 	 100.000000
   41 	 -1.000000 	 96.641667 	 100.000000
   42 	 -1.000000 	 96.658333 	 100.000000
   43 	 -1.000000 	 91.672222 	 100.000000
   44 	 -0.333333 	 94.995833 	 100.000000
   45 	 -1.000000 	 93.333333 	 100.000000
   46 	 -0.500000 	 96.662500 	 100.000000
   47 	 0.250000 	 98.337500 	 100.000000
   48 	 100.000000 	 100.000000 	 100.000000
   49 	 -1.000000 	 95.004167 	 100.000000
   50 	 1.000000 	 98.350000 	 100.000000
   51 	 -0.250000 	 96.679167 	 100.000000
   52 	 -0.500000 	 98.325000 	 100.000000
   53 	 1.000000 	 98.350000 	 100.000000
   54 	 100.000000 	 100.000000 	 100.000000
   55 	 -1.000000 	 96.658333 	 100.000000
   56 	 1.000000 	 98.350000 	 100.000000
   57 	 0.250000 	 98.337500 	 100.000000
   58 	 -0.500000 	 98.325000 	 100.000000
   59 	 100.000000 	 100.000000 	 100.000000
   60 	 -0.500000 	 96.675000 	 100.000000
   61 	 100.000000 	 100.000000 	 100.000000
   62 	 -0.333333 	 98.327778 	 100.000000
   63 	 0.250000 	 98.337500 	 100.000000
   64 	 1.000000 	 96.700000 	 100.000000
   65 	 1.000000 	 96.700000 	 100.000000
   66 	 -1.000000 	 98.316667 	 100.000000
   67 	 0.250000 	 96.687500 	 100.000000
   68 	 1.000000 	 98.350000 	 100.000000
   69 	 0.250000 	 98.337500 	 100.000000
   70 	 0.250000 	 95.037500 	 100.000000
   71 	 100.000000 	 100.000000 	 100.000000
   72 	 -1.000000 	 96.654167 	 100.000000
   73 	 0.500000 	 98.341667 	 100.000000
   74 	 -0.500000 	 98.325000 	 100.000000
   75 	 100.000000 	 100.000000 	 100.000000
   76 	 0.250000 	 96.676389 	 100.000000
   77 	 0.250000 	 98.337500 	 100.000000
   78 	 100.000000 	 100.000000 	 100.000000
   79 	 -0.500000 	 98.325000 	 100.000000
 