   0 	 -1.000000 	 1.688301 	 100.000000
    1 	 -0.500000 	 91.682500 	 100.000000
    2 	 0.250000 	 96.687500 	 100.000000
    3 	 1.000000 	 98.350000 	 100.000000
    4 	 -1.000000 	 98.316667 	 100.000000
    5 	 0.333333 	 98.338889 	 100.000000
    6 	 1.000000 	 98.350000 	 100.000000
    7 	 0.500000 	 98.341667 	 100.000000
    8 	 100.000000 	 100.000000 	 100.000000
    9 	 -1.000000 	 94.994444 	 100.000000
   10 	 100.000000 	 100.000000 	 100.000000
   11 	 -0.250000 	 98.329167 	 100.000000
   12 	 0.250000 	 98.337500 	 100.000000
   13 	 -1.000000 	 96.666667 	 100.000000
   14 	 1.000000 	 98.350000 	 100.000000
   15 	 100.000000 	 100.000000 	 100.000000
   16 	 -1.000000 	 98.316667 	 100.000000
   17 	 1.000000 	 98.350000 	 100.000000
   18 	 -0.333333 	 98.327778 	 100.000000
   19 	 -0.333333 	 93.358333 	 100.000000
   20 	 -1.000000 	 98.316667 	 100.000000
   21 	 1.000000 	 98.350000 	 100.000000
   22 	 -1.000000 	 95.004167 	 100.000000
   23 	 1.000000 	 96.700000 	 100.000000
   24 	 -0.500000 	 98.325000 	 100.000000
   25 	 -1.000000 	 98.316667 	 100.000000
   26 	 100.000000 	 100.000000 	 100.000000
   27 	 -0.500000 	 98.325000 	 100.000000
   28 	 -1.000000 	 96.655556 	 100.000000
   29 	 0.250000 	 95.037500 	 100.000000
   30 	 -1.000000 	 96.654167 	 100.000000
   31 	 -1.000000 	 94.975000 	 100.000000
   32 	 1.000000 	 96.700000 	 100.000000
   33 	 -0.250000 	 96.658333 	 100.000000
   34 	 -0.333333 	 96.656944 	 100.000000
   35 	 -0.500000 	 93.333333 	 100.000000
   36 	 100.000000 	 100.000000 	 100.000000
   37 	 -0.500000 	 96.663889 	 100.000000
   38 	 1.000000 	 98.350000 	 100.000000
   39 	 -0.500000 	 94.979167 	 100.000000
   40 	 1.000000 	 98.350000 	 100.000000
   41 	 1.000000 	 98.350000 	 100.000000
   42 	 0.333333 	 96.688889 	 100.000000
   43 	 0.250000 	 98.337500 	 100.000000
   44 	 0.250000 	 98.337500 	 100.000000
   45 	 -0.250000 	 93.362500 	 100.000000
   46 	 -1.000000 	 94.961111 	 100.000000
   47 	 100.000000 	 100.000000 	 100.000000
   48 	 100.000000 	 100.000000 	 100.000000
   49 	 0.250000 	 98.337500 	 100.000000
   50 	 -0.250000 	 96.670833 	 100.000000
   51 	 0.250000 	 96.687500 	 100.000000
   52 	 100.000000 	 100.000000 	 100.000000
   53 	 0.333333 	 98.338889 	 100.000000
   54 	 0.250000 	 98.337500 	 100.000000
   55 	 100.000000 	 100.000000 	 100.000000
   56 	 -0.500000 	 95.004167 	 100.000000
   57 	 1.000000 	 98.350000 	 100.000000
   58 	 0.250000 	 98.337500 	 100.000000
   59 	 100.000000 	 100.000000 	 100.000000
   60 	 1.000000 	 98.350000 	 100.000000
   61 	 100.000000 	 100.000000 	 100.000000
   62 	 -1.000000 	 96.645833 	 100.000000
   63 	 100.000000 	 100.000000 	 100.000000
   64 	 -1.000000 	 96.666667 	 100.000000
   65 	 -1.000000 	 98.316667 	 100.000000
   66 	 -1.000000 	 96.644444 	 100.000000
   67 	 1.000000 	 98.350000 	 100.000000
   68 	 -0.250000 	 98.329167 	 100.000000
   69 	 100.000000 	 100.000000 	 100.000000
   70 	 -0.333333 	 96.677778 	 100.000000
   71 	 0.500000 	 95.041667 	 100.000000
   72 	 -1.000000 	 93.308333 	 100.000000
   73 	 -0.250000 	 96.670833 	 100.000000
   74 	 1.000000 	 98.350000 	 100.000000
   75 	 0.500000 	 98.341667 	 100.000000
   76 	 100.000000 	 100.000000 	 100.000000
   77 	 0.250000 	 98.337500 	 100.000000
   78 	 -0.500000 	 98.325000 	 100.000000
   79 	 1.000000 	 96.700000 	 100.000000
 