   0 	 -1.000000 	 8.280917 	 100.000000
    1 	 -0.500000 	 61.691667 	 100.000000
    2 	 -1.000000 	 44.942778 	 100.000000
    3 	 -1.000000 	 53.348611 	 100.000000
    4 	 -1.000000 	 68.341667 	 100.000000
    5 	 -1.000000 	 56.693611 	 100.000000
    6 	 -1.000000 	 76.676389 	 100.000000
    7 	 -1.000000 	 66.669444 	 100.000000
    8 	 -1.000000 	 73.351389 	 100.000000
    9 	 -1.000000 	 76.651389 	 100.000000
   10 	 -1.000000 	 81.716667 	 100.000000
   11 	 -1.000000 	 75.014286 	 100.000000
   12 	 -1.000000 	 76.688889 	 100.000000
   13 	 -0.500000 	 93.366667 	 100.000000
   14 	 -1.000000 	 80.020833 	 100.000000
   15 	 -0.500000 	 93.344444 	 100.000000
   16 	 -1.000000 	 88.329167 	 100.000000
   17 	 -1.000000 	 85.050000 	 100.000000
   18 	 -1.000000 	 84.983333 	 100.000000
   19 	 -1.000000 	 90.000000 	 100.000000
   20 	 -0.500000 	 93.330556 	 100.000000
   21 	 -1.000000 	 88.355556 	 100.000000
   22 	 -0.500000 	 91.693056 	 100.000000
   23 	 -1.000000 	 83.354167 	 100.000000
   24 	 -0.500000 	 86.675000 	 100.000000
   25 	 -0.500000 	 96.666667 	 100.000000
   26 	 100.000000 	 100.000000 	 100.000000
   27 	 -1.000000 	 95.005556 	 100.000000
   28 	 -1.000000 	 93.286111 	 100.000000
   29 	 0.500000 	 98.341667 	 100.000000
   30 	 0.333333 	 98.338889 	 100.000000
   31 	 -1.000000 	 96.658333 	 100.000000
   32 	 1.000000 	 98.350000 	 100.000000
   33 	 -1.000000 	 96.641667 	 100.000000
   34 	 -1.000000 	 96.644444 	 100.000000
   35 	 0.500000 	 98.341667 	 100.000000
   36 	 -1.000000 	 98.316667 	 100.000000
   37 	 100.000000 	 100.000000 	 100.000000
   38 	 -1.000000 	 98.316667 	 100.000000
   39 	 -1.000000 	 98.316667 	 100.000000
   40 	 -1.000000 	 94.980556 	 100.000000
   41 	 100.000000 	 100.000000 	 100.000000
   42 	 -1.000000 	 96.633333 	 100.000000
   43 	 0.500000 	 98.341667 	 100.000000
   44 	 100.000000 	 100.000000 	 100.000000
   45 	 100.000000 	 100.000000 	 100.000000
   46 	 -0.333333 	 96.656944 	 100.000000
   47 	 100.000000 	 100.000000 	 100.000000
   48 	 100.000000 	 100.000000 	 100.000000
   49 	 100.000000 	 100.000000 	 100.000000
   50 	 -1.000000 	 96.633333 	 100.000000
   51 	 0.500000 	 98.341667 	 100.000000
   52 	 0.250000 	 98.337500 	 100.000000
   53 	 0.250000 	 98.337500 	 100.000000
   54 	 0.250000 	 98.337500 	 100.000000
   55 	 -0.500000 	 98.325000 	 100.000000
   56 	 0.500000 	 96.683333 	 100.000000
   57 	 100.000000 	 100.000000 	 100.000000
   58 	 -1.000000 	 96.666667 	 100.000000
   59 	 -0.250000 	 95.008333 	 100.000000
   60 	 0.250000 	 98.337500 	 100.000000
   61 	 -0.500000 	 98.325000 	 100.000000
   62 	 0.333333 	 96.688889 	 100.000000
   63 	 1.000000 	 98.350000 	 100.000000
   64 	 0.250000 	 96.679167 	 100.000000
   65 	 0.250000 	 98.337500 	 100.000000
   66 	 100.000000 	 100.000000 	 100.000000
   67 	 100.000000 	 100.000000 	 100.000000
   68 	 100.000000 	 100.000000 	 100.000000
   69 	 1.000000 	 98.350000 	 100.000000
   70 	 -1.000000 	 96.666667 	 100.000000
   71 	 -1.000000 	 93.355556 	 100.000000
   72 	 100.000000 	 100.000000 	 100.000000
   73 	 -0.333333 	 96.656944 	 100.000000
   74 	 -1.000000 	 98.316667 	 100.000000
   75 	 0.250000 	 98.337500 	 100.000000
   76 	 -0.500000 	 98.325000 	 100.000000
   77 	 -0.500000 	 96.675000 	 100.000000
   78 	 0.250000 	 96.687500 	 100.000000
   79 	 1.000000 	 98.350000 	 100.000000
 