   0 	 -1.000000 	 6.573297 	 100.000000
    1 	 -1.000000 	 58.351825 	 100.000000
    2 	 -1.000000 	 44.992500 	 100.000000
    3 	 -1.000000 	 58.312500 	 100.000000
    4 	 -1.000000 	 48.344603 	 100.000000
    5 	 -1.000000 	 73.354167 	 100.000000
    6 	 -1.000000 	 70.009722 	 100.000000
    7 	 -1.000000 	 78.341667 	 100.000000
    8 	 -1.000000 	 88.316667 	 100.000000
    9 	 -0.250000 	 93.333333 	 100.000000
   10 	 -0.333333 	 98.327778 	 100.000000
   11 	 100.000000 	 100.000000 	 100.000000
   12 	 0.333333 	 98.338889 	 100.000000
   13 	 100.000000 	 100.000000 	 100.000000
   14 	 100.000000 	 100.000000 	 100.000000
   15 	 0.500000 	 98.341667 	 100.000000
   16 	 0.333333 	 98.338889 	 100.000000
   17 	 -0.250000 	 98.329167 	 100.000000
   18 	 -0.250000 	 98.329167 	 100.000000
   19 	 0.333333 	 95.019444 	 100.000000
   20 	 -0.500000 	 93.338889 	 100.000000
   21 	 -0.500000 	 96.654167 	 100.000000
   22 	 -0.250000 	 96.679167 	 100.000000
   23 	 -0.250000 	 96.679167 	 100.000000
   24 	 100.000000 	 100.000000 	 100.000000
   25 	 -1.000000 	 96.655556 	 100.000000
   26 	 100.000000 	 100.000000 	 100.000000
   27 	 -1.000000 	 98.316667 	 100.000000
   28 	 100.000000 	 100.000000 	 100.000000
   29 	 -1.000000 	 96.666667 	 100.000000
   30 	 -0.250000 	 96.679167 	 100.000000
   31 	 1.000000 	 98.350000 	 100.000000
   32 	 -0.500000 	 96.666667 	 100.000000
   33 	 0.250000 	 98.337500 	 100.000000
   34 	 100.000000 	 100.000000 	 100.000000
   35 	 0.500000 	 98.341667 	 100.000000
   36 	 -0.250000 	 96.679167 	 100.000000
   37 	 -0.250000 	 95.006944 	 100.000000
   38 	 -0.500000 	 98.325000 	 100.000000
   39 	 -1.000000 	 94.980556 	 100.000000
   40 	 100.000000 	 100.000000 	 100.000000
   41 	 -1.000000 	 96.658333 	 100.000000
   42 	 -0.333333 	 96.677778 	 100.000000
   43 	 0.250000 	 98.337500 	 100.000000
   44 	 -0.500000 	 96.654167 	 100.000000
   45 	 100.000000 	 100.000000 	 100.000000
   46 	 100.000000 	 100.000000 	 100.000000
   47 	 0.250000 	 96.675000 	 100.000000
   48 	 -1.000000 	 98.316667 	 100.000000
   49 	 0.250000 	 96.687500 	 100.000000
   50 	 -0.250000 	 95.008333 	 100.000000
   51 	 -0.500000 	 98.325000 	 100.000000
   52 	 -0.250000 	 98.329167 	 100.000000
   53 	 -0.250000 	 98.329167 	 100.000000
   54 	 1.000000 	 98.350000 	 100.000000
   55 	 -0.250000 	 96.668056 	 100.000000
   56 	 -1.000000 	 98.316667 	 100.000000
   57 	 100.000000 	 100.000000 	 100.000000
   58 	 1.000000 	 98.350000 	 100.000000
   59 	 -0.250000 	 95.029167 	 100.000000
   60 	 -0.250000 	 98.329167 	 100.000000
   61 	 100.000000 	 100.000000 	 100.000000
   62 	 1.000000 	 98.350000 	 100.000000
   63 	 -0.250000 	 95.018056 	 100.000000
   64 	 -0.250000 	 95.018056 	 100.000000
   65 	 -1.000000 	 95.005556 	 100.000000
   66 	 1.000000 	 98.350000 	 100.000000
   67 	 -1.000000 	 94.995833 	 100.000000
   68 	 0.333333 	 96.680556 	 100.000000
   69 	 -0.250000 	 98.329167 	 100.000000
   70 	 100.000000 	 100.000000 	 100.000000
   71 	 100.000000 	 100.000000 	 100.000000
   72 	 0.250000 	 98.337500 	 100.000000
   73 	 0.333333 	 98.338889 	 100.000000
   74 	 100.000000 	 100.000000 	 100.000000
   75 	 -0.250000 	 95.029167 	 100.000000
   76 	 100.000000 	 100.000000 	 100.000000
   77 	 100.000000 	 100.000000 	 100.000000
   78 	 -1.000000 	 96.641667 	 100.000000
   79 	 100.000000 	 100.000000 	 100.000000
 