   0 	 -1.000000 	 8.316700 	 100.000000
    1 	 -1.000000 	 53.336667 	 100.000000
    2 	 -1.000000 	 48.334722 	 100.000000
    3 	 -1.000000 	 58.296825 	 100.000000
    4 	 -1.000000 	 69.988657 	 100.000000
    5 	 -1.000000 	 53.321270 	 100.000000
    6 	 -1.000000 	 46.666270 	 100.000000
    7 	 -1.000000 	 56.669444 	 100.000000
    8 	 -1.000000 	 53.324444 	 100.000000
    9 	 -1.000000 	 59.967659 	 100.000000
   10 	 -1.000000 	 74.999769 	 100.000000
   11 	 -1.000000 	 68.312540 	 100.000000
   12 	 -1.000000 	 59.979722 	 100.000000
   13 	 -1.000000 	 59.990317 	 100.000000
   14 	 -1.000000 	 65.000000 	 100.000000
   15 	 -0.500000 	 78.337500 	 100.000000
   16 	 -0.500000 	 78.346991 	 100.000000
   17 	 -0.500000 	 85.016270 	 100.000000
   18 	 -0.500000 	 83.332778 	 100.000000
   19 	 -1.000000 	 71.650000 	 100.000000
   20 	 -1.000000 	 91.650000 	 100.000000
   21 	 -0.500000 	 81.689120 	 100.000000
   22 	 -0.500000 	 70.000000 	 100.000000
   23 	 -0.500000 	 81.674603 	 100.000000
   24 	 -0.500000 	 83.333333 	 100.000000
   25 	 -0.500000 	 90.000000 	 100.000000
   26 	 -1.000000 	 81.661111 	 100.000000
   27 	 -0.500000 	 83.341667 	 100.000000
   28 	 -0.500000 	 80.020833 	 100.000000
   29 	 -0.500000 	 88.325000 	 100.000000
   30 	 -0.500000 	 88.341667 	 100.000000
   31 	 -1.000000 	 79.979167 	 100.000000
   32 	 -0.500000 	 80.009722 	 100.000000
   33 	 -0.500000 	 83.333333 	 100.000000
   34 	 -0.500000 	 96.666667 	 100.000000
   35 	 -0.500000 	 86.666667 	 100.000000
   36 	 -0.500000 	 86.666667 	 100.000000
   37 	 -0.500000 	 86.666667 	 100.000000
   38 	 -0.500000 	 94.991667 	 100.000000
   39 	 -1.000000 	 84.983333 	 100.000000
   40 	 -0.500000 	 69.979167 	 100.000000
   41 	 -0.500000 	 80.000000 	 100.000000
   42 	 -1.000000 	 81.650000 	 100.000000
   43 	 -0.500000 	 88.350000 	 100.000000
   44 	 -0.500000 	 86.666667 	 100.000000
   45 	 -1.000000 	 83.337500 	 100.000000
   46 	 -0.500000 	 93.333333 	 100.000000
   47 	 -0.500000 	 84.991667 	 100.000000
   48 	 -1.000000 	 91.650000 	 100.000000
   49 	 -0.500000 	 93.345833 	 100.000000
   50 	 -0.500000 	 93.333333 	 100.000000
   51 	 -0.500000 	 93.336111 	 100.000000
   52 	 -0.500000 	 96.666667 	 100.000000
   53 	 -1.000000 	 88.295833 	 100.000000
   54 	 -0.500000 	 93.345833 	 100.000000
   55 	 -0.500000 	 93.333333 	 100.000000
   56 	 -0.500000 	 95.016667 	 100.000000
   57 	 0.500000 	 96.691667 	 100.000000
   58 	 -1.000000 	 91.650000 	 100.000000
   59 	 -1.000000 	 91.662500 	 100.000000
   60 	 -0.500000 	 93.329167 	 100.000000
   61 	 -1.000000 	 95.008333 	 100.000000
   62 	 -1.000000 	 98.316667 	 100.000000
   63 	 100.000000 	 100.000000 	 100.000000
   64 	 1.000000 	 98.350000 	 100.000000
   65 	 0.250000 	 96.676389 	 100.000000
   66 	 1.000000 	 98.350000 	 100.000000
   67 	 -0.500000 	 98.325000 	 100.000000
   68 	 -1.000000 	 98.316667 	 100.000000
   69 	 -0.250000 	 98.329167 	 100.000000
   70 	 -1.000000 	 98.316667 	 100.000000
   71 	 100.000000 	 100.000000 	 100.000000
   72 	 -1.000000 	 96.654167 	 100.000000
   73 	 -0.250000 	 98.329167 	 100.000000
   74 	 100.000000 	 100.000000 	 100.000000
   75 	 0.250000 	 96.687500 	 100.000000
   76 	 -0.500000 	 93.354167 	 100.000000
   77 	 -1.000000 	 96.654167 	 100.000000
   78 	 100.000000 	 100.000000 	 100.000000
   79 	 -0.500000 	 95.025000 	 100.000000
 