   0 	 -0.500000 	 10.028226 	 100.000000
    1 	 -1.000000 	 46.649134 	 100.000000
    2 	 -1.000000 	 73.325000 	 100.000000
    3 	 -1.000000 	 61.652778 	 100.000000
    4 	 -1.000000 	 48.317917 	 100.000000
    5 	 -1.000000 	 63.320119 	 100.000000
    6 	 -1.000000 	 53.332500 	 100.000000
    7 	 -1.000000 	 58.319841 	 100.000000
    8 	 -1.000000 	 63.340278 	 100.000000
    9 	 -1.000000 	 59.967222 	 100.000000
   10 	 -1.000000 	 58.341667 	 100.000000
   11 	 -1.000000 	 61.679167 	 100.000000
   12 	 -1.000000 	 86.686111 	 100.000000
   13 	 -1.000000 	 86.692222 	 100.000000
   14 	 -1.000000 	 76.656944 	 100.000000
   15 	 100.000000 	 100.000000 	 100.000000
   16 	 -1.000000 	 94.975833 	 100.000000
   17 	 -0.500000 	 93.331944 	 100.000000
   18 	 100.000000 	 100.000000 	 100.000000
   19 	 0.250000 	 96.687500 	 100.000000
   20 	 1.000000 	 98.350000 	 100.000000
   21 	 -0.250000 	 98.329167 	 100.000000
   22 	 -0.333333 	 96.677778 	 100.000000
   23 	 -1.000000 	 96.666667 	 100.000000
   24 	 100.000000 	 100.000000 	 100.000000
   25 	 -1.000000 	 98.316667 	 100.000000
   26 	 -0.250000 	 96.670833 	 100.000000
   27 	 -0.200000 	 98.330000 	 100.000000
   28 	 -0.500000 	 98.325000 	 100.000000
   29 	 -0.333333 	 98.327778 	 100.000000
   30 	 100.000000 	 100.000000 	 100.000000
   31 	 -1.000000 	 96.644444 	 100.000000
   32 	 100.000000 	 100.000000 	 100.000000
   33 	 -1.000000 	 94.991667 	 100.000000
   34 	 -1.000000 	 98.316667 	 100.000000
   35 	 100.000000 	 100.000000 	 100.000000
   36 	 0.250000 	 98.337500 	 100.000000
   37 	 100.000000 	 100.000000 	 100.000000
   38 	 -1.000000 	 96.641667 	 100.000000
   39 	 -0.500000 	 96.675000 	 100.000000
   40 	 -0.333333 	 96.677778 	 100.000000
   41 	 -0.500000 	 98.325000 	 100.000000
   42 	 100.000000 	 100.000000 	 100.000000
   43 	 100.000000 	 100.000000 	 100.000000
   44 	 -1.000000 	 96.666667 	 100.000000
   45 	 100.000000 	 100.000000 	 100.000000
   46 	 -0.500000 	 98.325000 	 100.000000
   47 	 100.000000 	 100.000000 	 100.000000
   48 	 -1.000000 	 98.316667 	 100.000000
   49 	 100.000000 	 100.000000 	 100.000000
   50 	 -0.250000 	 93.358333 	 100.000000
   51 	 100.000000 	 100.000000 	 100.000000
   52 	 100.000000 	 100.000000 	 100.000000
   53 	 100.000000 	 100.000000 	 100.000000
   54 	 -0.333333 	 98.327778 	 100.000000
   55 	 -1.000000 	 94.995833 	 100.000000
   56 	 100.000000 	 100.000000 	 100.000000
   57 	 -0.250000 	 98.329167 	 100.000000
   58 	 -0.333333 	 95.007778 	 100.000000
   59 	 -0.333333 	 95.011111 	 100.000000
   60 	 -0.333333 	 96.665278 	 100.000000
   61 	 100.000000 	 100.000000 	 100.000000
   62 	 -0.500000 	 98.325000 	 100.000000
   63 	 -1.000000 	 98.316667 	 100.000000
   64 	 -0.500000 	 98.325000 	 100.000000
   65 	 -1.000000 	 98.316667 	 100.000000
   66 	 -1.000000 	 98.316667 	 100.000000
   67 	 100.000000 	 100.000000 	 100.000000
   68 	 -1.000000 	 96.666667 	 100.000000
   69 	 100.000000 	 100.000000 	 100.000000
   70 	 -1.000000 	 98.316667 	 100.000000
   71 	 100.000000 	 100.000000 	 100.000000
   72 	 -0.250000 	 98.329167 	 100.000000
   73 	 100.000000 	 100.000000 	 100.000000
   74 	 0.250000 	 96.687500 	 100.000000
   75 	 100.000000 	 100.000000 	 100.000000
   76 	 100.000000 	 100.000000 	 100.000000
   77 	 -0.250000 	 96.679167 	 100.000000
   78 	 -0.333333 	 96.657778 	 100.000000
   79 	 100.000000 	 100.000000 	 100.000000
 