   0 	 -1.000000 	 11.571826 	 100.000000
    1 	 -1.000000 	 51.671230 	 100.000000
    2 	 -1.000000 	 56.650602 	 100.000000
    3 	 -1.000000 	 68.324702 	 100.000000
    4 	 -1.000000 	 56.675000 	 100.000000
    5 	 -1.000000 	 70.034167 	 100.000000
    6 	 -1.000000 	 60.004722 	 100.000000
    7 	 -1.000000 	 54.977222 	 100.000000
    8 	 -1.000000 	 69.988889 	 100.000000
    9 	 -1.000000 	 61.620675 	 100.000000
   10 	 -1.000000 	 65.005952 	 100.000000
   11 	 -1.000000 	 63.333889 	 100.000000
   12 	 -1.000000 	 68.263333 	 100.000000
   13 	 -1.000000 	 76.662500 	 100.000000
   14 	 -1.000000 	 70.011111 	 100.000000
   15 	 -1.000000 	 83.350000 	 100.000000
   16 	 -1.000000 	 84.972222 	 100.000000
   17 	 -1.000000 	 81.675000 	 100.000000
   18 	 -1.000000 	 80.000000 	 100.000000
   19 	 -1.000000 	 88.316667 	 100.000000
   20 	 -1.000000 	 71.662500 	 100.000000
   21 	 -1.000000 	 74.983333 	 100.000000
   22 	 -1.000000 	 78.348611 	 100.000000
   23 	 -0.250000 	 96.658333 	 100.000000
   24 	 -1.000000 	 83.356944 	 100.000000
   25 	 -0.250000 	 98.329167 	 100.000000
   26 	 100.000000 	 100.000000 	 100.000000
   27 	 -0.250000 	 95.008333 	 100.000000
   28 	 -1.000000 	 91.683333 	 100.000000
   29 	 100.000000 	 100.000000 	 100.000000
   30 	 -1.000000 	 88.329167 	 100.000000
   31 	 -0.250000 	 96.666667 	 100.000000
   32 	 -1.000000 	 94.991667 	 100.000000
   33 	 -1.000000 	 93.308333 	 100.000000
   34 	 -1.000000 	 93.320833 	 100.000000
   35 	 -0.250000 	 98.329167 	 100.000000
   36 	 -0.333333 	 93.358333 	 100.000000
   37 	 100.000000 	 100.000000 	 100.000000
   38 	 -1.000000 	 86.668056 	 100.000000
   39 	 -1.000000 	 90.000000 	 100.000000
   40 	 -1.000000 	 91.662500 	 100.000000
   41 	 -1.000000 	 94.995833 	 100.000000
   42 	 -1.000000 	 93.325000 	 100.000000
   43 	 -1.000000 	 94.984722 	 100.000000
   44 	 -1.000000 	 94.991667 	 100.000000
   45 	 -1.000000 	 86.700000 	 100.000000
   46 	 -1.000000 	 90.000000 	 100.000000
   47 	 -1.000000 	 86.641667 	 100.000000
   48 	 100.000000 	 100.000000 	 100.000000
   49 	 -1.000000 	 98.316667 	 100.000000
   50 	 100.000000 	 100.000000 	 100.000000
   51 	 -1.000000 	 93.320833 	 100.000000
   52 	 1.000000 	 96.700000 	 100.000000
   53 	 -1.000000 	 93.337500 	 100.000000
   54 	 -1.000000 	 94.996667 	 100.000000
   55 	 -0.250000 	 95.020833 	 100.000000
   56 	 0.250000 	 95.020833 	 100.000000
   57 	 1.000000 	 98.350000 	 100.000000
   58 	 -0.200000 	 96.671667 	 100.000000
   59 	 0.333333 	 98.338889 	 100.000000
   60 	 -0.250000 	 96.679167 	 100.000000
   61 	 -1.000000 	 96.666667 	 100.000000
   62 	 100.000000 	 100.000000 	 100.000000
   63 	 100.000000 	 100.000000 	 100.000000
   64 	 100.000000 	 100.000000 	 100.000000
   65 	 100.000000 	 100.000000 	 100.000000
   66 	 1.000000 	 98.350000 	 100.000000
   67 	 -0.500000 	 96.666667 	 100.000000
   68 	 -0.250000 	 98.329167 	 100.000000
   69 	 100.000000 	 100.000000 	 100.000000
   70 	 100.000000 	 100.000000 	 100.000000
   71 	 -0.200000 	 98.330000 	 100.000000
   72 	 100.000000 	 100.000000 	 100.000000
   73 	 -1.000000 	 96.655556 	 100.000000
   74 	 100.000000 	 100.000000 	 100.000000
   75 	 1.000000 	 98.350000 	 100.000000
   76 	 -0.500000 	 96.655000 	 100.000000
   77 	 100.000000 	 100.000000 	 100.000000
   78 	 100.000000 	 100.000000 	 100.000000
   79 	 100.000000 	 100.000000 	 100.000000
 