   0 	 0.002301 	 0.004561 	 0.008556
    1 	 0.002721 	 0.004724 	 0.008389
    2 	 0.002746 	 0.005382 	 0.013323
    3 	 0.003083 	 0.005626 	 0.010635
    4 	 0.002891 	 0.006117 	 0.011488
    5 	 0.003121 	 0.006514 	 0.012933
    6 	 0.003084 	 0.006600 	 0.011590
    7 	 0.003193 	 0.006887 	 0.014787
    8 	 0.002956 	 0.007279 	 0.014733
    9 	 0.002555 	 0.007500 	 0.014966
   10 	 0.003640 	 0.008035 	 0.013619
   11 	 0.003839 	 0.008726 	 0.016332
   12 	 0.004096 	 0.009959 	 0.019185
   13 	 0.004099 	 0.010362 	 0.022073
   14 	 0.005024 	 0.010720 	 0.021480
   15 	 0.004139 	 0.010810 	 0.022441
   16 	 0.004609 	 0.011343 	 0.028144
   17 	 0.005935 	 0.013320 	 0.028540
   18 	 0.006147 	 0.013052 	 0.029041
   19 	 0.005480 	 0.014531 	 0.034934
   20 	 0.006395 	 0.014317 	 0.030773
   21 	 0.005558 	 0.013710 	 0.032754
   22 	 0.005108 	 0.014093 	 0.032710
   23 	 0.004888 	 0.016450 	 0.064046
   24 	 0.007923 	 0.016353 	 0.033788
   25 	 0.007219 	 0.015743 	 0.034008
   26 	 0.006984 	 0.016353 	 0.033529
   27 	 0.005799 	 0.015003 	 0.026676
   28 	 0.006363 	 0.016226 	 0.030937
   29 	 0.006126 	 0.016339 	 0.035152
   30 	 0.004770 	 0.016054 	 0.035699
   31 	 0.006117 	 0.015762 	 0.033737
   32 	 0.006017 	 0.016688 	 0.038929
   33 	 0.006477 	 0.016194 	 0.038894
   34 	 0.006884 	 0.015171 	 0.040466
   35 	 0.005794 	 0.016055 	 0.046206
   36 	 0.008582 	 0.017271 	 0.047824
   37 	 0.007644 	 0.018570 	 0.056729
   38 	 0.008848 	 0.020666 	 0.054463
   39 	 0.005973 	 0.021523 	 0.051482
   40 	 0.005428 	 0.023093 	 0.051312
   41 	 0.005607 	 0.024265 	 0.052540
   42 	 0.005272 	 0.027062 	 0.062238
   43 	 0.009428 	 0.026752 	 0.056949
   44 	 0.009514 	 0.029104 	 0.172819
   45 	 0.010436 	 0.035095 	 0.171825
   46 	 0.008335 	 0.041806 	 0.159950
   47 	 0.008554 	 0.044907 	 0.167228
   48 	 0.008894 	 0.046452 	 0.183982
   49 	 0.011105 	 0.048898 	 0.113742
   50 	 0.010052 	 0.051262 	 0.129047
   51 	 0.008412 	 0.048705 	 0.179459
   52 	 0.008814 	 0.049119 	 0.149939
   53 	 0.007774 	 0.050002 	 0.169306
   54 	 0.013889 	 0.059499 	 0.193793
   55 	 0.010044 	 0.064779 	 0.187407
   56 	 0.008867 	 0.061083 	 0.179237
   57 	 0.012419 	 0.063602 	 0.171816
   58 	 0.011494 	 0.066746 	 0.206382
   59 	 0.011808 	 0.082293 	 0.217976
   60 	 0.015998 	 0.092236 	 0.228357
   61 	 0.014901 	 0.082516 	 0.242434
   62 	 0.012299 	 0.093285 	 0.240307
   63 	 0.012661 	 0.085826 	 0.216623
   64 	 0.014142 	 0.074555 	 0.185134
   65 	 0.013713 	 0.072719 	 0.200530
   66 	 0.010629 	 0.068906 	 0.196275
   67 	 0.012896 	 0.080753 	 0.217656
   68 	 0.016490 	 0.096739 	 0.252297
   69 	 0.014227 	 0.087429 	 0.245564
   70 	 0.010647 	 0.097342 	 0.316789
   71 	 0.010378 	 0.106771 	 0.319488
   72 	 0.008073 	 0.119933 	 0.313881
   73 	 0.007303 	 0.123525 	 0.413669
   74 	 0.008865 	 0.114312 	 0.375820
   75 	 0.011445 	 0.126487 	 0.457663
   76 	 0.010271 	 0.141985 	 0.380293
   77 	 0.013739 	 0.149167 	 0.376137
   78 	 0.014639 	 0.153743 	 0.542814
   79 	 0.024743 	 0.174614 	 0.429414
 