   0 	 0.002766 	 0.004653 	 0.008938
    1 	 0.002547 	 0.005394 	 0.010382
    2 	 0.002856 	 0.005859 	 0.010490
    3 	 0.003627 	 0.006479 	 0.015217
    4 	 0.003866 	 0.007204 	 0.015643
    5 	 0.003771 	 0.007415 	 0.017571
    6 	 0.004000 	 0.008000 	 0.019925
    7 	 0.003962 	 0.008630 	 0.017961
    8 	 0.004190 	 0.008986 	 0.017622
    9 	 0.004696 	 0.009462 	 0.017498
   10 	 0.004668 	 0.010830 	 0.022399
   11 	 0.004933 	 0.012198 	 0.025994
   12 	 0.005801 	 0.012281 	 0.028898
   13 	 0.004946 	 0.013658 	 0.027231
   14 	 0.005419 	 0.014021 	 0.033842
   15 	 0.005525 	 0.015489 	 0.035719
   16 	 0.007389 	 0.017497 	 0.036233
   17 	 0.004783 	 0.018445 	 0.056088
   18 	 0.006858 	 0.018606 	 0.048932
   19 	 0.007752 	 0.021444 	 0.062774
   20 	 0.007294 	 0.022107 	 0.042000
   21 	 0.006927 	 0.022514 	 0.041493
   22 	 0.009447 	 0.025716 	 0.044699
   23 	 0.007916 	 0.024292 	 0.050253
   24 	 0.009332 	 0.025458 	 0.061310
   25 	 0.009645 	 0.027178 	 0.079561
   26 	 0.006598 	 0.025854 	 0.065035
   27 	 0.010102 	 0.026751 	 0.067063
   28 	 0.010123 	 0.028470 	 0.068680
   29 	 0.007721 	 0.029543 	 0.069425
   30 	 0.007963 	 0.034511 	 0.144373
   31 	 0.008717 	 0.041586 	 0.078037
   32 	 0.008372 	 0.045120 	 0.098145
   33 	 0.008159 	 0.040757 	 0.103530
   34 	 0.007543 	 0.042524 	 0.091612
   35 	 0.010694 	 0.040208 	 0.086250
   36 	 0.007890 	 0.042591 	 0.140407
   37 	 0.006640 	 0.046121 	 0.161307
   38 	 0.011640 	 0.057627 	 0.151924
   39 	 0.011198 	 0.060620 	 0.202095
   40 	 0.010753 	 0.060408 	 0.185912
   41 	 0.010261 	 0.064554 	 0.188798
   42 	 0.011171 	 0.078984 	 0.221672
   43 	 0.007818 	 0.070214 	 0.173975
   44 	 0.012938 	 0.071951 	 0.205889
   45 	 0.010435 	 0.067098 	 0.195442
   46 	 0.010638 	 0.071465 	 0.197554
   47 	 0.012875 	 0.081798 	 0.198650
   48 	 0.012987 	 0.077557 	 0.210432
   49 	 0.014110 	 0.092410 	 0.192905
   50 	 0.014704 	 0.092439 	 0.224034
   51 	 0.013845 	 0.086631 	 0.227395
   52 	 0.013252 	 0.099340 	 0.208765
   53 	 0.015178 	 0.094334 	 0.237946
   54 	 0.015506 	 0.097342 	 0.203726
   55 	 0.009788 	 0.093260 	 0.245900
   56 	 0.011566 	 0.092126 	 0.256015
   57 	 0.011063 	 0.096795 	 0.227053
   58 	 0.010391 	 0.101116 	 0.315027
   59 	 0.012103 	 0.096185 	 0.332923
   60 	 0.011141 	 0.102899 	 0.271737
   61 	 0.016514 	 0.133816 	 0.347264
   62 	 0.014467 	 0.124155 	 0.313983
   63 	 0.014500 	 0.116180 	 0.310031
   64 	 0.012347 	 0.113997 	 0.338982
   65 	 0.013851 	 0.123754 	 0.448676
   66 	 0.009794 	 0.114384 	 0.430417
   67 	 0.014740 	 0.106251 	 0.275335
   68 	 0.009979 	 0.116206 	 0.653931
   69 	 0.009388 	 0.100348 	 0.562312
   70 	 0.009883 	 0.110343 	 0.489224
   71 	 0.006642 	 0.122384 	 0.394024
   72 	 0.008895 	 0.139573 	 0.439216
   73 	 0.012253 	 0.141088 	 0.453875
   74 	 0.014151 	 0.151987 	 0.564402
   75 	 0.012889 	 0.159605 	 0.537443
   76 	 0.009011 	 0.177290 	 0.662641
   77 	 0.013107 	 0.170077 	 0.532365
   78 	 0.010081 	 0.198399 	 0.597405
   79 	 0.014994 	 0.213627 	 0.542513
 