   0 	 0.002473 	 0.004482 	 0.010561
    1 	 0.002281 	 0.004805 	 0.012575
    2 	 0.002784 	 0.005443 	 0.012523
    3 	 0.003082 	 0.006481 	 0.017916
    4 	 0.003447 	 0.007013 	 0.014712
    5 	 0.003476 	 0.007235 	 0.014662
    6 	 0.003513 	 0.008613 	 0.016534
    7 	 0.003310 	 0.009158 	 0.015993
    8 	 0.003888 	 0.009112 	 0.017877
    9 	 0.004695 	 0.009965 	 0.018985
   10 	 0.004848 	 0.010285 	 0.017875
   11 	 0.005127 	 0.010842 	 0.022260
   12 	 0.003790 	 0.010142 	 0.016957
   13 	 0.004717 	 0.010487 	 0.018823
   14 	 0.004642 	 0.009858 	 0.015568
   15 	 0.005815 	 0.009714 	 0.017342
   16 	 0.004003 	 0.009827 	 0.035848
   17 	 0.004003 	 0.011160 	 0.035844
   18 	 0.004886 	 0.012352 	 0.033646
   19 	 0.004867 	 0.012818 	 0.026977
   20 	 0.005279 	 0.012364 	 0.030290
   21 	 0.005176 	 0.012621 	 0.027398
   22 	 0.006297 	 0.013418 	 0.043342
   23 	 0.006170 	 0.014783 	 0.039398
   24 	 0.007236 	 0.016084 	 0.046336
   25 	 0.007938 	 0.017112 	 0.040558
   26 	 0.006717 	 0.017501 	 0.049950
   27 	 0.005947 	 0.019235 	 0.049138
   28 	 0.007341 	 0.021101 	 0.043316
   29 	 0.004482 	 0.020882 	 0.057322
   30 	 0.008464 	 0.024600 	 0.081227
   31 	 0.005946 	 0.028490 	 0.095458
   32 	 0.008091 	 0.028863 	 0.087437
   33 	 0.008660 	 0.030294 	 0.082159
   34 	 0.008720 	 0.030023 	 0.082490
   35 	 0.007609 	 0.033158 	 0.081198
   36 	 0.007238 	 0.031346 	 0.089273
   37 	 0.005552 	 0.032664 	 0.085224
   38 	 0.012305 	 0.038816 	 0.105294
   39 	 0.009128 	 0.037415 	 0.121703
   40 	 0.006736 	 0.040904 	 0.119301
   41 	 0.010375 	 0.041416 	 0.124822
   42 	 0.007761 	 0.046844 	 0.135670
   43 	 0.010251 	 0.051474 	 0.154417
   44 	 0.011230 	 0.050441 	 0.166945
   45 	 0.012377 	 0.053216 	 0.132620
   46 	 0.010943 	 0.048320 	 0.151473
   47 	 0.015389 	 0.049738 	 0.138012
   48 	 0.011988 	 0.048792 	 0.128967
   49 	 0.008256 	 0.049338 	 0.150590
   50 	 0.007339 	 0.050183 	 0.151241
   51 	 0.009623 	 0.057621 	 0.188323
   52 	 0.011719 	 0.058457 	 0.142268
   53 	 0.008326 	 0.056673 	 0.163470
   54 	 0.010008 	 0.061061 	 0.148875
   55 	 0.006539 	 0.065110 	 0.164061
   56 	 0.007304 	 0.063789 	 0.151017
   57 	 0.016646 	 0.070018 	 0.165868
   58 	 0.011039 	 0.068461 	 0.178559
   59 	 0.011154 	 0.075212 	 0.185816
   60 	 0.015583 	 0.072971 	 0.173250
   61 	 0.009737 	 0.074343 	 0.193082
   62 	 0.009186 	 0.079470 	 0.234782
   63 	 0.008189 	 0.071477 	 0.243066
   64 	 0.010313 	 0.087446 	 0.241714
   65 	 0.009255 	 0.089621 	 0.258818
   66 	 0.013648 	 0.095651 	 0.313116
   67 	 0.009084 	 0.103202 	 0.328703
   68 	 0.011765 	 0.114125 	 0.316814
   69 	 0.012134 	 0.124388 	 0.332581
   70 	 0.009595 	 0.114109 	 0.344601
   71 	 0.015139 	 0.122835 	 0.348030
   72 	 0.013346 	 0.104620 	 0.271265
   73 	 0.011898 	 0.087917 	 0.251066
   74 	 0.010799 	 0.112691 	 0.326372
   75 	 0.018523 	 0.106575 	 0.326268
   76 	 0.011619 	 0.104765 	 0.342288
   77 	 0.016033 	 0.120067 	 0.380542
   78 	 0.013168 	 0.141287 	 0.456638
   79 	 0.011565 	 0.116269 	 0.430275
 