   0 	 0.002610 	 0.004662 	 0.009835
    1 	 0.002174 	 0.004644 	 0.010044
    2 	 0.002781 	 0.005052 	 0.012533
    3 	 0.002804 	 0.004988 	 0.012871
    4 	 0.003000 	 0.004874 	 0.011240
    5 	 0.002927 	 0.005113 	 0.008926
    6 	 0.002898 	 0.005579 	 0.012652
    7 	 0.003400 	 0.006063 	 0.012594
    8 	 0.003838 	 0.006735 	 0.021144
    9 	 0.003326 	 0.007092 	 0.015269
   10 	 0.003893 	 0.007935 	 0.015036
   11 	 0.004704 	 0.008465 	 0.017111
   12 	 0.004653 	 0.009262 	 0.021593
   13 	 0.005333 	 0.009727 	 0.020022
   14 	 0.004739 	 0.011136 	 0.025091
   15 	 0.004697 	 0.011228 	 0.022986
   16 	 0.005385 	 0.011527 	 0.025134
   17 	 0.005730 	 0.012106 	 0.029603
   18 	 0.004984 	 0.012713 	 0.027875
   19 	 0.005540 	 0.012758 	 0.025198
   20 	 0.005450 	 0.014105 	 0.026243
   21 	 0.006157 	 0.014465 	 0.029899
   22 	 0.005808 	 0.015274 	 0.026116
   23 	 0.006103 	 0.015759 	 0.030516
   24 	 0.007135 	 0.016578 	 0.030812
   25 	 0.007617 	 0.017233 	 0.027462
   26 	 0.006959 	 0.016725 	 0.041370
   27 	 0.005346 	 0.018016 	 0.040210
   28 	 0.006108 	 0.019207 	 0.035982
   29 	 0.006500 	 0.019988 	 0.041267
   30 	 0.006889 	 0.020778 	 0.039257
   31 	 0.006934 	 0.018553 	 0.043501
   32 	 0.006962 	 0.018868 	 0.041162
   33 	 0.006338 	 0.022195 	 0.044129
   34 	 0.005522 	 0.023120 	 0.046598
   35 	 0.007466 	 0.021980 	 0.055875
   36 	 0.007778 	 0.022187 	 0.056343
   37 	 0.007049 	 0.022876 	 0.057242
   38 	 0.006279 	 0.022285 	 0.054607
   39 	 0.005589 	 0.024015 	 0.055001
   40 	 0.005515 	 0.023695 	 0.056120
   41 	 0.005267 	 0.025783 	 0.054042
   42 	 0.005830 	 0.027131 	 0.056763
   43 	 0.009476 	 0.027856 	 0.064031
   44 	 0.011517 	 0.030780 	 0.062306
   45 	 0.010888 	 0.029053 	 0.053676
   46 	 0.006721 	 0.030337 	 0.058000
   47 	 0.009731 	 0.028537 	 0.061503
   48 	 0.009133 	 0.030946 	 0.079648
   49 	 0.009618 	 0.028351 	 0.056387
   50 	 0.006989 	 0.029989 	 0.073850
   51 	 0.006445 	 0.031786 	 0.080864
   52 	 0.008935 	 0.031786 	 0.074884
   53 	 0.009317 	 0.034959 	 0.078955
   54 	 0.008533 	 0.033924 	 0.129644
   55 	 0.009828 	 0.037739 	 0.134847
   56 	 0.008611 	 0.039676 	 0.113513
   57 	 0.009973 	 0.047629 	 0.164697
   58 	 0.009322 	 0.049695 	 0.108263
   59 	 0.009085 	 0.051370 	 0.126603
   60 	 0.009430 	 0.054535 	 0.150873
   61 	 0.009846 	 0.055198 	 0.132152
   62 	 0.007257 	 0.063501 	 0.152294
   63 	 0.008789 	 0.065162 	 0.198806
   64 	 0.010191 	 0.079148 	 0.229285
   65 	 0.013003 	 0.077861 	 0.200610
   66 	 0.008737 	 0.081412 	 0.190775
   67 	 0.009734 	 0.075751 	 0.182768
   68 	 0.009027 	 0.086908 	 0.228626
   69 	 0.007418 	 0.090333 	 0.214472
   70 	 0.008473 	 0.097921 	 0.214711
   71 	 0.012773 	 0.078713 	 0.199787
   72 	 0.013041 	 0.098780 	 0.282068
   73 	 0.010903 	 0.087157 	 0.239733
   74 	 0.009176 	 0.079821 	 0.206545
   75 	 0.008726 	 0.084585 	 0.329238
   76 	 0.011861 	 0.075194 	 0.277128
   77 	 0.007896 	 0.075952 	 0.235208
   78 	 0.012836 	 0.091764 	 0.271271
   79 	 0.011782 	 0.097736 	 0.259814
 