   0 	 0.002657 	 0.004387 	 0.008259
    1 	 0.002935 	 0.004641 	 0.011807
    2 	 0.002956 	 0.005121 	 0.026514
    3 	 0.003293 	 0.006242 	 0.033026
    4 	 0.003469 	 0.007770 	 0.024097
    5 	 0.003400 	 0.008723 	 0.024585
    6 	 0.004028 	 0.009131 	 0.024110
    7 	 0.004196 	 0.009991 	 0.031537
    8 	 0.004883 	 0.011875 	 0.027115
    9 	 0.005258 	 0.013973 	 0.032265
   10 	 0.007085 	 0.015076 	 0.039021
   11 	 0.007015 	 0.013600 	 0.035428
   12 	 0.005209 	 0.015226 	 0.036644
   13 	 0.005399 	 0.017450 	 0.055892
   14 	 0.006400 	 0.020875 	 0.083624
   15 	 0.008025 	 0.025844 	 0.083415
   16 	 0.008038 	 0.028836 	 0.092621
   17 	 0.008117 	 0.030986 	 0.096662
   18 	 0.008054 	 0.034095 	 0.139331
   19 	 0.008251 	 0.036130 	 0.114341
   20 	 0.010213 	 0.038682 	 0.125165
   21 	 0.007495 	 0.043286 	 0.156055
   22 	 0.010761 	 0.054349 	 0.160500
   23 	 0.010626 	 0.048729 	 0.121605
   24 	 0.009597 	 0.050388 	 0.145318
   25 	 0.010668 	 0.054465 	 0.136135
   26 	 0.011196 	 0.047422 	 0.168859
   27 	 0.008393 	 0.047134 	 0.162537
   28 	 0.007282 	 0.053373 	 0.153625
   29 	 0.012466 	 0.069375 	 0.232160
   30 	 0.010470 	 0.072325 	 0.208956
   31 	 0.009032 	 0.075173 	 0.215754
   32 	 0.010388 	 0.080792 	 0.239384
   33 	 0.010554 	 0.088418 	 0.231700
   34 	 0.011547 	 0.089907 	 0.295163
   35 	 0.007639 	 0.103692 	 0.314385
   36 	 0.007188 	 0.100299 	 0.284130
   37 	 0.008238 	 0.111343 	 0.611276
   38 	 0.008197 	 0.125054 	 0.579585
   39 	 0.006635 	 0.116658 	 0.448028
   40 	 0.012154 	 0.140479 	 0.482634
   41 	 0.009461 	 0.123977 	 0.350931
   42 	 0.012820 	 0.141677 	 0.455729
   43 	 0.015175 	 0.164596 	 0.477129
   44 	 0.015768 	 0.198482 	 0.656825
   45 	 0.013296 	 0.201895 	 0.712704
   46 	 0.012021 	 0.188123 	 0.607589
   47 	 0.013242 	 0.144175 	 0.570285
   48 	 0.018264 	 0.154043 	 0.496940
   49 	 0.011633 	 0.166407 	 0.583355
   50 	 0.013852 	 0.159068 	 0.555219
   51 	 0.011593 	 0.128622 	 0.521455
   52 	 0.012298 	 0.147052 	 0.458046
   53 	 0.012663 	 0.167566 	 0.594139
   54 	 0.010092 	 0.159136 	 0.457250
   55 	 0.011918 	 0.151530 	 0.395752
   56 	 0.011213 	 0.144972 	 0.504250
   57 	 0.012385 	 0.143746 	 0.453492
   58 	 0.011842 	 0.173610 	 0.552004
   59 	 0.015911 	 0.180109 	 0.698787
   60 	 0.015782 	 0.184479 	 0.603071
   61 	 0.018199 	 0.191247 	 0.670314
   62 	 0.009764 	 0.195962 	 0.605991
   63 	 0.012022 	 0.186145 	 0.651944
   64 	 0.010709 	 0.216775 	 0.801075
   65 	 0.010748 	 0.185814 	 0.686326
   66 	 0.018328 	 0.196177 	 0.566026
   67 	 0.009543 	 0.190878 	 0.725032
   68 	 0.009130 	 0.211487 	 0.634325
   69 	 0.014311 	 0.234389 	 0.763635
   70 	 0.012090 	 0.216456 	 0.725023
   71 	 0.010396 	 0.174699 	 0.577034
   72 	 0.014259 	 0.163570 	 0.709485
   73 	 0.008223 	 0.181668 	 0.499923
   74 	 0.010579 	 0.188125 	 0.639247
   75 	 0.015639 	 0.213053 	 0.702727
   76 	 0.014307 	 0.199654 	 0.645912
   77 	 0.015795 	 0.188499 	 0.633196
   78 	 0.014872 	 0.228990 	 0.578106
   79 	 0.015139 	 0.240409 	 0.709351
 