   0 	 0.002217 	 0.004529 	 0.008387
    1 	 0.002796 	 0.004751 	 0.009661
    2 	 0.002878 	 0.004856 	 0.009085
    3 	 0.002826 	 0.005656 	 0.018070
    4 	 0.003098 	 0.006054 	 0.011636
    5 	 0.003744 	 0.006459 	 0.013758
    6 	 0.003449 	 0.006447 	 0.014282
    7 	 0.003256 	 0.007221 	 0.019722
    8 	 0.003938 	 0.007849 	 0.014418
    9 	 0.003722 	 0.008849 	 0.024402
   10 	 0.004909 	 0.009903 	 0.021454
   11 	 0.004705 	 0.010029 	 0.027543
   12 	 0.003551 	 0.010781 	 0.032655
   13 	 0.003815 	 0.011547 	 0.029705
   14 	 0.003762 	 0.014351 	 0.035213
   15 	 0.007018 	 0.015079 	 0.037012
   16 	 0.006106 	 0.015894 	 0.036341
   17 	 0.005998 	 0.016200 	 0.040840
   18 	 0.007219 	 0.017793 	 0.045596
   19 	 0.006577 	 0.019320 	 0.051774
   20 	 0.006932 	 0.020954 	 0.057723
   21 	 0.009912 	 0.024224 	 0.053898
   22 	 0.009518 	 0.026218 	 0.061484
   23 	 0.006847 	 0.026768 	 0.059100
   24 	 0.006708 	 0.028693 	 0.057043
   25 	 0.006151 	 0.033629 	 0.069819
   26 	 0.009134 	 0.035738 	 0.076483
   27 	 0.011998 	 0.033631 	 0.087880
   28 	 0.008576 	 0.033174 	 0.083112
   29 	 0.009361 	 0.036668 	 0.074545
   30 	 0.007046 	 0.039286 	 0.086306
   31 	 0.013087 	 0.042402 	 0.093894
   32 	 0.016046 	 0.038525 	 0.085578
   33 	 0.007429 	 0.037127 	 0.085625
   34 	 0.011673 	 0.035196 	 0.083065
   35 	 0.008904 	 0.035053 	 0.080503
   36 	 0.008305 	 0.032368 	 0.119812
   37 	 0.009188 	 0.033479 	 0.072238
   38 	 0.010045 	 0.034854 	 0.108739
   39 	 0.007939 	 0.036938 	 0.130871
   40 	 0.008139 	 0.042493 	 0.147963
   41 	 0.006301 	 0.046152 	 0.204968
   42 	 0.010882 	 0.054903 	 0.187187
   43 	 0.012042 	 0.066909 	 0.201518
   44 	 0.012673 	 0.066278 	 0.182862
   45 	 0.010892 	 0.063588 	 0.200537
   46 	 0.008891 	 0.071580 	 0.177296
   47 	 0.008252 	 0.082938 	 0.307093
   48 	 0.011383 	 0.077389 	 0.184713
   49 	 0.012557 	 0.067759 	 0.179713
   50 	 0.013051 	 0.071669 	 0.192695
   51 	 0.010855 	 0.062995 	 0.167814
   52 	 0.015068 	 0.067354 	 0.164926
   53 	 0.015871 	 0.060476 	 0.157062
   54 	 0.011664 	 0.064234 	 0.137070
   55 	 0.011734 	 0.069669 	 0.170264
   56 	 0.012929 	 0.068959 	 0.173299
   57 	 0.015393 	 0.082019 	 0.220165
   58 	 0.013393 	 0.080003 	 0.222991
   59 	 0.012667 	 0.078027 	 0.216277
   60 	 0.012047 	 0.083827 	 0.246106
   61 	 0.012273 	 0.102234 	 0.295805
   62 	 0.009471 	 0.090463 	 0.247146
   63 	 0.009368 	 0.105565 	 0.305973
   64 	 0.013917 	 0.108101 	 0.347272
   65 	 0.014267 	 0.124520 	 0.313262
   66 	 0.010287 	 0.129226 	 0.423907
   67 	 0.016485 	 0.123184 	 0.443988
   68 	 0.014221 	 0.136330 	 0.579758
   69 	 0.010403 	 0.116434 	 0.592651
   70 	 0.010496 	 0.116688 	 0.464382
   71 	 0.013924 	 0.135369 	 0.599260
   72 	 0.011667 	 0.156607 	 0.567442
   73 	 0.006846 	 0.192919 	 0.569928
   74 	 0.012532 	 0.188128 	 0.609177
   75 	 0.009640 	 0.202505 	 0.625601
   76 	 0.012453 	 0.164675 	 0.552098
   77 	 0.011654 	 0.179141 	 0.607824
   78 	 0.011644 	 0.153329 	 0.732648
   79 	 0.014601 	 0.179992 	 0.511962
 