   0 	 0.002520 	 0.004552 	 0.011217
    1 	 0.002383 	 0.005109 	 0.012058
    2 	 0.002730 	 0.005332 	 0.013140
    3 	 0.002957 	 0.006501 	 0.015475
    4 	 0.003071 	 0.007506 	 0.017143
    5 	 0.004036 	 0.008134 	 0.020945
    6 	 0.003977 	 0.009267 	 0.017971
    7 	 0.005031 	 0.010861 	 0.019992
    8 	 0.005852 	 0.011267 	 0.019076
    9 	 0.006663 	 0.011486 	 0.019293
   10 	 0.005950 	 0.010902 	 0.022362
   11 	 0.006807 	 0.012083 	 0.036853
   12 	 0.006200 	 0.012437 	 0.030576
   13 	 0.005204 	 0.013785 	 0.035054
   14 	 0.004309 	 0.013696 	 0.040375
   15 	 0.006999 	 0.014902 	 0.037700
   16 	 0.004303 	 0.016525 	 0.038810
   17 	 0.007238 	 0.018854 	 0.051871
   18 	 0.006911 	 0.020719 	 0.050448
   19 	 0.004796 	 0.021753 	 0.052958
   20 	 0.007622 	 0.024258 	 0.052443
   21 	 0.006909 	 0.024751 	 0.058488
   22 	 0.009456 	 0.024717 	 0.055759
   23 	 0.008692 	 0.028434 	 0.070411
   24 	 0.009122 	 0.032169 	 0.067742
   25 	 0.007175 	 0.032074 	 0.085060
   26 	 0.011494 	 0.034175 	 0.082023
   27 	 0.008753 	 0.031687 	 0.068853
   28 	 0.009367 	 0.032560 	 0.093305
   29 	 0.008416 	 0.036556 	 0.128253
   30 	 0.008588 	 0.038913 	 0.100418
   31 	 0.008010 	 0.034474 	 0.071012
   32 	 0.008456 	 0.033577 	 0.114281
   33 	 0.008872 	 0.034826 	 0.119334
   34 	 0.009678 	 0.035809 	 0.113158
   35 	 0.008087 	 0.038024 	 0.124675
   36 	 0.007665 	 0.045018 	 0.152344
   37 	 0.008959 	 0.046302 	 0.157639
   38 	 0.009002 	 0.058165 	 0.154209
   39 	 0.011341 	 0.063403 	 0.149637
   40 	 0.009878 	 0.062666 	 0.148188
   41 	 0.010231 	 0.073089 	 0.193206
   42 	 0.012215 	 0.067353 	 0.186301
   43 	 0.008257 	 0.069503 	 0.208626
   44 	 0.014491 	 0.076336 	 0.225540
   45 	 0.011331 	 0.070742 	 0.217609
   46 	 0.010624 	 0.080999 	 0.243595
   47 	 0.011133 	 0.073327 	 0.216290
   48 	 0.009097 	 0.066007 	 0.210276
   49 	 0.012562 	 0.069802 	 0.161283
   50 	 0.009314 	 0.070897 	 0.196023
   51 	 0.014207 	 0.078311 	 0.250450
   52 	 0.010397 	 0.080820 	 0.232604
   53 	 0.013335 	 0.088172 	 0.263786
   54 	 0.016763 	 0.086009 	 0.236274
   55 	 0.014273 	 0.082434 	 0.257600
   56 	 0.009284 	 0.071492 	 0.234437
   57 	 0.013386 	 0.062772 	 0.202643
   58 	 0.011119 	 0.076177 	 0.294188
   59 	 0.010951 	 0.080255 	 0.235722
   60 	 0.011015 	 0.093091 	 0.307283
   61 	 0.015823 	 0.092975 	 0.331929
   62 	 0.013589 	 0.117570 	 0.271586
   63 	 0.012636 	 0.123097 	 0.304377
   64 	 0.016911 	 0.123168 	 0.296771
   65 	 0.009944 	 0.112350 	 0.233676
   66 	 0.011344 	 0.110194 	 0.252045
   67 	 0.009509 	 0.126086 	 0.309916
   68 	 0.012531 	 0.131111 	 0.297935
   69 	 0.014299 	 0.128883 	 0.362092
   70 	 0.012374 	 0.126622 	 0.405920
   71 	 0.008859 	 0.101951 	 0.267104
   72 	 0.010218 	 0.100786 	 0.350768
   73 	 0.011443 	 0.101354 	 0.429344
   74 	 0.009260 	 0.118083 	 0.514337
   75 	 0.008282 	 0.152617 	 0.499581
   76 	 0.020203 	 0.129869 	 0.444147
   77 	 0.009537 	 0.133495 	 0.650073
   78 	 0.014156 	 0.148466 	 0.528779
   79 	 0.011491 	 0.169074 	 0.554257
 