   0 	 0.002781 	 0.004548 	 0.010304
    1 	 0.002971 	 0.004978 	 0.013859
    2 	 0.003124 	 0.005776 	 0.014608
    3 	 0.003079 	 0.006979 	 0.016864
    4 	 0.002964 	 0.007853 	 0.017177
    5 	 0.003391 	 0.007915 	 0.014643
    6 	 0.003630 	 0.007838 	 0.016994
    7 	 0.003649 	 0.008834 	 0.018951
    8 	 0.003656 	 0.008681 	 0.018295
    9 	 0.004007 	 0.009121 	 0.020495
   10 	 0.004444 	 0.010165 	 0.016920
   11 	 0.005202 	 0.010636 	 0.018633
   12 	 0.004628 	 0.010428 	 0.028069
   13 	 0.004898 	 0.010965 	 0.028016
   14 	 0.004524 	 0.010810 	 0.019724
   15 	 0.004600 	 0.011781 	 0.022212
   16 	 0.004622 	 0.012531 	 0.029205
   17 	 0.006443 	 0.013484 	 0.024869
   18 	 0.004750 	 0.013829 	 0.024505
   19 	 0.004929 	 0.014172 	 0.029860
   20 	 0.004987 	 0.014279 	 0.034324
   21 	 0.005457 	 0.014655 	 0.027604
   22 	 0.006103 	 0.014477 	 0.041410
   23 	 0.005631 	 0.015102 	 0.044737
   24 	 0.006851 	 0.017295 	 0.042734
   25 	 0.007759 	 0.019255 	 0.050404
   26 	 0.006523 	 0.019499 	 0.044080
   27 	 0.006701 	 0.018604 	 0.040427
   28 	 0.008025 	 0.018329 	 0.041232
   29 	 0.006472 	 0.018869 	 0.038263
   30 	 0.007184 	 0.020216 	 0.042745
   31 	 0.006560 	 0.020397 	 0.043040
   32 	 0.007032 	 0.019310 	 0.046425
   33 	 0.006942 	 0.023258 	 0.051501
   34 	 0.007905 	 0.024467 	 0.053768
   35 	 0.010886 	 0.027315 	 0.057513
   36 	 0.009718 	 0.026498 	 0.054241
   37 	 0.005632 	 0.023755 	 0.051385
   38 	 0.008900 	 0.024801 	 0.053651
   39 	 0.008616 	 0.025953 	 0.057797
   40 	 0.008404 	 0.023662 	 0.057379
   41 	 0.008438 	 0.027718 	 0.069914
   42 	 0.007383 	 0.027409 	 0.064666
   43 	 0.010971 	 0.029449 	 0.051638
   44 	 0.008053 	 0.029129 	 0.054335
   45 	 0.008307 	 0.028272 	 0.052260
   46 	 0.008403 	 0.029176 	 0.060609
   47 	 0.008007 	 0.028323 	 0.058222
   48 	 0.005031 	 0.026617 	 0.055209
   49 	 0.009615 	 0.028684 	 0.059674
   50 	 0.008003 	 0.032840 	 0.065566
   51 	 0.008723 	 0.033565 	 0.067474
   52 	 0.007156 	 0.032733 	 0.079634
   53 	 0.010971 	 0.037621 	 0.082170
   54 	 0.008458 	 0.037966 	 0.083184
   55 	 0.009869 	 0.037886 	 0.085170
   56 	 0.007953 	 0.043824 	 0.089490
   57 	 0.009266 	 0.042631 	 0.103321
   58 	 0.008339 	 0.041934 	 0.098115
   59 	 0.008818 	 0.043952 	 0.096437
   60 	 0.008455 	 0.044092 	 0.100254
   61 	 0.009570 	 0.047192 	 0.105307
   62 	 0.007431 	 0.045250 	 0.107399
   63 	 0.006766 	 0.039146 	 0.091618
   64 	 0.008369 	 0.042306 	 0.115275
   65 	 0.010806 	 0.045252 	 0.116169
   66 	 0.010075 	 0.047486 	 0.105447
   67 	 0.015636 	 0.054133 	 0.128035
   68 	 0.015884 	 0.048377 	 0.140869
   69 	 0.011792 	 0.043836 	 0.144368
   70 	 0.010650 	 0.044508 	 0.156929
   71 	 0.010167 	 0.047229 	 0.171961
   72 	 0.009153 	 0.049345 	 0.128597
   73 	 0.005907 	 0.056350 	 0.168400
   74 	 0.009391 	 0.059345 	 0.174273
   75 	 0.009311 	 0.069758 	 0.183722
   76 	 0.014967 	 0.073356 	 0.168489
   77 	 0.010274 	 0.064763 	 0.175441
   78 	 0.010642 	 0.078766 	 0.214652
   79 	 0.010938 	 0.080266 	 0.203880
 