   0 	 0.002254 	 0.004907 	 0.012611
    1 	 0.002474 	 0.005345 	 0.011522
    2 	 0.003084 	 0.005872 	 0.016248
    3 	 0.003481 	 0.006855 	 0.016268
    4 	 0.002987 	 0.007041 	 0.014941
    5 	 0.003509 	 0.008005 	 0.016558
    6 	 0.004552 	 0.008260 	 0.015600
    7 	 0.004764 	 0.009095 	 0.017305
    8 	 0.005034 	 0.010081 	 0.021867
    9 	 0.005347 	 0.010780 	 0.022478
   10 	 0.005435 	 0.010838 	 0.026471
   11 	 0.005829 	 0.011819 	 0.037414
   12 	 0.005830 	 0.013169 	 0.047123
   13 	 0.005890 	 0.015217 	 0.031325
   14 	 0.005637 	 0.016948 	 0.049711
   15 	 0.007627 	 0.017489 	 0.040226
   16 	 0.004376 	 0.018982 	 0.047035
   17 	 0.008868 	 0.019106 	 0.049556
   18 	 0.008238 	 0.021684 	 0.058697
   19 	 0.007158 	 0.023043 	 0.063355
   20 	 0.007976 	 0.029535 	 0.080056
   21 	 0.006617 	 0.033469 	 0.105342
   22 	 0.007894 	 0.033894 	 0.094780
   23 	 0.011970 	 0.036511 	 0.088750
   24 	 0.011741 	 0.037747 	 0.082985
   25 	 0.011453 	 0.040293 	 0.122736
   26 	 0.010576 	 0.039664 	 0.112723
   27 	 0.010525 	 0.042981 	 0.167257
   28 	 0.006991 	 0.049496 	 0.122713
   29 	 0.013240 	 0.060868 	 0.139685
   30 	 0.014841 	 0.056607 	 0.137635
   31 	 0.010988 	 0.058256 	 0.160935
   32 	 0.011096 	 0.058310 	 0.150797
   33 	 0.013129 	 0.062526 	 0.144084
   34 	 0.010025 	 0.070955 	 0.154813
   35 	 0.010555 	 0.065754 	 0.147409
   36 	 0.011565 	 0.061301 	 0.146426
   37 	 0.010604 	 0.068336 	 0.173590
   38 	 0.010837 	 0.072665 	 0.213014
   39 	 0.011762 	 0.077613 	 0.223557
   40 	 0.010638 	 0.089799 	 0.208168
   41 	 0.015603 	 0.090076 	 0.266961
   42 	 0.009789 	 0.093460 	 0.277179
   43 	 0.006133 	 0.086126 	 0.253656
   44 	 0.011361 	 0.092771 	 0.222018
   45 	 0.012052 	 0.085297 	 0.304155
   46 	 0.009850 	 0.095457 	 0.255294
   47 	 0.011770 	 0.110622 	 0.346967
   48 	 0.013947 	 0.113966 	 0.356196
   49 	 0.011499 	 0.125430 	 0.299756
   50 	 0.011061 	 0.121943 	 0.379725
   51 	 0.010133 	 0.096489 	 0.360532
   52 	 0.011886 	 0.101987 	 0.330549
   53 	 0.013262 	 0.112277 	 0.369438
   54 	 0.016688 	 0.140790 	 0.373572
   55 	 0.012782 	 0.130105 	 0.318180
   56 	 0.011632 	 0.154125 	 0.386516
   57 	 0.012187 	 0.143029 	 0.374480
   58 	 0.012796 	 0.147772 	 0.324919
   59 	 0.008286 	 0.131617 	 0.439595
   60 	 0.008275 	 0.144767 	 0.438179
   61 	 0.007430 	 0.206506 	 0.539307
   62 	 0.015129 	 0.172380 	 0.378823
   63 	 0.016195 	 0.166405 	 0.530840
   64 	 0.009554 	 0.158041 	 0.465231
   65 	 0.007564 	 0.194844 	 0.530057
   66 	 0.011533 	 0.178837 	 0.523733
   67 	 0.009809 	 0.205846 	 0.610397
   68 	 0.013946 	 0.195834 	 0.771363
   69 	 0.007607 	 0.249085 	 0.716210
   70 	 0.014282 	 0.273939 	 0.770031
   71 	 0.007652 	 0.317844 	 0.915804
   72 	 0.010749 	 0.291871 	 0.777808
   73 	 0.015049 	 0.272339 	 0.857348
   74 	 0.014696 	 0.274577 	 0.807510
   75 	 0.017993 	 0.307842 	 0.793107
   76 	 0.014559 	 0.294533 	 0.792367
   77 	 0.010227 	 0.274027 	 0.676023
   78 	 0.012083 	 0.220774 	 1.064719
   79 	 0.010627 	 0.256258 	 1.209160
 