   0 	 0.002281 	 0.004730 	 0.016736
    1 	 0.002819 	 0.004928 	 0.011285
    2 	 0.002964 	 0.005490 	 0.011759
    3 	 0.003019 	 0.005315 	 0.014887
    4 	 0.002919 	 0.005814 	 0.017615
    5 	 0.002786 	 0.006487 	 0.017363
    6 	 0.004115 	 0.007650 	 0.020556
    7 	 0.004044 	 0.008979 	 0.025542
    8 	 0.004106 	 0.010572 	 0.025534
    9 	 0.005093 	 0.011916 	 0.029775
   10 	 0.004734 	 0.013256 	 0.032577
   11 	 0.006315 	 0.014254 	 0.034940
   12 	 0.007445 	 0.016560 	 0.034027
   13 	 0.008679 	 0.017518 	 0.041773
   14 	 0.005990 	 0.019087 	 0.040702
   15 	 0.005758 	 0.019633 	 0.041742
   16 	 0.006889 	 0.020659 	 0.044848
   17 	 0.005699 	 0.020083 	 0.044389
   18 	 0.005114 	 0.020944 	 0.053127
   19 	 0.008207 	 0.019621 	 0.034488
   20 	 0.007504 	 0.018896 	 0.046143
   21 	 0.008895 	 0.021078 	 0.045111
   22 	 0.006875 	 0.024236 	 0.048570
   23 	 0.010337 	 0.023633 	 0.055387
   24 	 0.007581 	 0.025171 	 0.077827
   25 	 0.007347 	 0.025518 	 0.074190
   26 	 0.006382 	 0.026648 	 0.080300
   27 	 0.008176 	 0.027403 	 0.076606
   28 	 0.009825 	 0.029626 	 0.111594
   29 	 0.010282 	 0.031401 	 0.098088
   30 	 0.009717 	 0.038553 	 0.111554
   31 	 0.011229 	 0.054468 	 0.155871
   32 	 0.009253 	 0.062434 	 0.142666
   33 	 0.012988 	 0.058517 	 0.166053
   34 	 0.009823 	 0.058912 	 0.183872
   35 	 0.009898 	 0.056697 	 0.166728
   36 	 0.017015 	 0.059403 	 0.164690
   37 	 0.007680 	 0.063282 	 0.229583
   38 	 0.007675 	 0.061787 	 0.223615
   39 	 0.009533 	 0.060693 	 0.161761
   40 	 0.012719 	 0.067756 	 0.169433
   41 	 0.015042 	 0.066434 	 0.175637
   42 	 0.012826 	 0.073067 	 0.249733
   43 	 0.010200 	 0.068298 	 0.168424
   44 	 0.011964 	 0.068333 	 0.158976
   45 	 0.010286 	 0.075023 	 0.196957
   46 	 0.011279 	 0.069173 	 0.186749
   47 	 0.011559 	 0.075850 	 0.186514
   48 	 0.014236 	 0.101843 	 0.189677
   49 	 0.010772 	 0.086700 	 0.186775
   50 	 0.008529 	 0.092206 	 0.200336
   51 	 0.009303 	 0.097137 	 0.220583
   52 	 0.014523 	 0.099345 	 0.229765
   53 	 0.014334 	 0.083107 	 0.230636
   54 	 0.008819 	 0.094394 	 0.222717
   55 	 0.023410 	 0.114672 	 0.286070
   56 	 0.009022 	 0.084927 	 0.212867
   57 	 0.008686 	 0.094138 	 0.244581
   58 	 0.008727 	 0.101160 	 0.321500
   59 	 0.008955 	 0.098413 	 0.237609
   60 	 0.008557 	 0.105617 	 0.250563
   61 	 0.014714 	 0.104434 	 0.290704
   62 	 0.025235 	 0.124087 	 0.338511
   63 	 0.013348 	 0.106979 	 0.305274
   64 	 0.011061 	 0.120555 	 0.395680
   65 	 0.010255 	 0.107552 	 0.294312
   66 	 0.012048 	 0.119482 	 0.422754
   67 	 0.006682 	 0.133282 	 0.332307
   68 	 0.010958 	 0.133935 	 0.347292
   69 	 0.017603 	 0.145322 	 0.495948
   70 	 0.010848 	 0.140236 	 0.396117
   71 	 0.011506 	 0.144450 	 0.452352
   72 	 0.014697 	 0.154843 	 0.513083
   73 	 0.017350 	 0.165779 	 0.487359
   74 	 0.008331 	 0.162192 	 0.387931
   75 	 0.010078 	 0.162586 	 0.385022
   76 	 0.010206 	 0.123319 	 0.416715
   77 	 0.012169 	 0.141485 	 0.508727
   78 	 0.020090 	 0.153639 	 0.417454
   79 	 0.012897 	 0.144689 	 0.452439
 