   0 	 0.002590 	 0.004681 	 0.012891
    1 	 0.002814 	 0.005027 	 0.010870
    2 	 0.002773 	 0.005655 	 0.012196
    3 	 0.003297 	 0.006709 	 0.014684
    4 	 0.003885 	 0.007398 	 0.016339
    5 	 0.003561 	 0.008665 	 0.020680
    6 	 0.003622 	 0.009572 	 0.030637
    7 	 0.004748 	 0.010968 	 0.024941
    8 	 0.004656 	 0.011498 	 0.030325
    9 	 0.004542 	 0.012167 	 0.029376
   10 	 0.004498 	 0.013144 	 0.033857
   11 	 0.004769 	 0.013993 	 0.033937
   12 	 0.006519 	 0.015358 	 0.035279
   13 	 0.004645 	 0.016781 	 0.033867
   14 	 0.007973 	 0.018160 	 0.035817
   15 	 0.005538 	 0.018280 	 0.034936
   16 	 0.006479 	 0.020042 	 0.064993
   17 	 0.007158 	 0.022414 	 0.069935
   18 	 0.005444 	 0.025376 	 0.078628
   19 	 0.006103 	 0.027320 	 0.061529
   20 	 0.005299 	 0.029164 	 0.117345
   21 	 0.007168 	 0.032048 	 0.114380
   22 	 0.007567 	 0.033959 	 0.091588
   23 	 0.005573 	 0.034260 	 0.126824
   24 	 0.007749 	 0.037322 	 0.100900
   25 	 0.009441 	 0.036279 	 0.085064
   26 	 0.010164 	 0.038013 	 0.129908
   27 	 0.009639 	 0.038933 	 0.131943
   28 	 0.010253 	 0.044363 	 0.112218
   29 	 0.009532 	 0.045542 	 0.102583
   30 	 0.009499 	 0.050221 	 0.109506
   31 	 0.019362 	 0.050766 	 0.150784
   32 	 0.007290 	 0.049825 	 0.146796
   33 	 0.008656 	 0.054749 	 0.149487
   34 	 0.010053 	 0.050108 	 0.185815
   35 	 0.007541 	 0.055294 	 0.243189
   36 	 0.007328 	 0.051417 	 0.215847
   37 	 0.008967 	 0.047340 	 0.111206
   38 	 0.009223 	 0.054118 	 0.126423
   39 	 0.008058 	 0.057841 	 0.268275
   40 	 0.011457 	 0.051838 	 0.113426
   41 	 0.011848 	 0.052905 	 0.122874
   42 	 0.008974 	 0.049816 	 0.169563
   43 	 0.010966 	 0.056949 	 0.130960
   44 	 0.007458 	 0.056531 	 0.167374
   45 	 0.012947 	 0.055995 	 0.153376
   46 	 0.010829 	 0.064708 	 0.162523
   47 	 0.012793 	 0.066477 	 0.172913
   48 	 0.009160 	 0.064771 	 0.182903
   49 	 0.007399 	 0.071093 	 0.178085
   50 	 0.010441 	 0.070460 	 0.221482
   51 	 0.009347 	 0.074317 	 0.272731
   52 	 0.013597 	 0.078996 	 0.328467
   53 	 0.010041 	 0.095093 	 0.382526
   54 	 0.008289 	 0.089120 	 0.225323
   55 	 0.007350 	 0.089924 	 0.240600
   56 	 0.009847 	 0.083782 	 0.225169
   57 	 0.014039 	 0.082348 	 0.211631
   58 	 0.011421 	 0.082842 	 0.200251
   59 	 0.011632 	 0.088881 	 0.219317
   60 	 0.011558 	 0.087501 	 0.198576
   61 	 0.011328 	 0.105200 	 0.220013
   62 	 0.009972 	 0.115513 	 0.274430
   63 	 0.009648 	 0.106519 	 0.236519
   64 	 0.012427 	 0.100471 	 0.276921
   65 	 0.010047 	 0.097991 	 0.281471
   66 	 0.012751 	 0.098032 	 0.310649
   67 	 0.008370 	 0.104237 	 0.481394
   68 	 0.006158 	 0.115142 	 0.439382
   69 	 0.012727 	 0.138135 	 0.377949
   70 	 0.010335 	 0.142298 	 0.400074
   71 	 0.011481 	 0.130575 	 0.410958
   72 	 0.011713 	 0.129135 	 0.320900
   73 	 0.011899 	 0.133303 	 0.341282
   74 	 0.012899 	 0.129264 	 0.329374
   75 	 0.016112 	 0.143688 	 0.350469
   76 	 0.012041 	 0.131449 	 0.347838
   77 	 0.013363 	 0.137696 	 0.358094
   78 	 0.009448 	 0.131243 	 0.367640
   79 	 0.013017 	 0.124576 	 0.368054
 