   0 	 0.002438 	 0.004453 	 0.009687
    1 	 0.002561 	 0.004977 	 0.011725
    2 	 0.002384 	 0.005587 	 0.013011
    3 	 0.002521 	 0.005994 	 0.012838
    4 	 0.002639 	 0.006887 	 0.012257
    5 	 0.003434 	 0.007282 	 0.012972
    6 	 0.002954 	 0.007800 	 0.014688
    7 	 0.003258 	 0.007350 	 0.013248
    8 	 0.003967 	 0.007813 	 0.013194
    9 	 0.004685 	 0.008761 	 0.017594
   10 	 0.004883 	 0.009644 	 0.019261
   11 	 0.004616 	 0.010463 	 0.030567
   12 	 0.005060 	 0.010889 	 0.020898
   13 	 0.005054 	 0.011569 	 0.023196
   14 	 0.005069 	 0.013403 	 0.023426
   15 	 0.005452 	 0.012974 	 0.022178
   16 	 0.006264 	 0.013592 	 0.029315
   17 	 0.007338 	 0.014230 	 0.034209
   18 	 0.006808 	 0.014399 	 0.030630
   19 	 0.004913 	 0.014976 	 0.028688
   20 	 0.005243 	 0.016124 	 0.045891
   21 	 0.004986 	 0.016015 	 0.047214
   22 	 0.005502 	 0.017947 	 0.045478
   23 	 0.006889 	 0.020234 	 0.048204
   24 	 0.007412 	 0.020232 	 0.057939
   25 	 0.008318 	 0.023861 	 0.080342
   26 	 0.009155 	 0.025243 	 0.073424
   27 	 0.008028 	 0.026516 	 0.078302
   28 	 0.007380 	 0.027513 	 0.079789
   29 	 0.008151 	 0.029238 	 0.087313
   30 	 0.007887 	 0.036827 	 0.099040
   31 	 0.009973 	 0.040934 	 0.088767
   32 	 0.010685 	 0.042840 	 0.090405
   33 	 0.007529 	 0.044587 	 0.086113
   34 	 0.012818 	 0.041793 	 0.104009
   35 	 0.013387 	 0.044453 	 0.081995
   36 	 0.012141 	 0.043823 	 0.099588
   37 	 0.012150 	 0.046026 	 0.095663
   38 	 0.012664 	 0.046178 	 0.100956
   39 	 0.010706 	 0.047676 	 0.117612
   40 	 0.010437 	 0.046101 	 0.104215
   41 	 0.006116 	 0.044792 	 0.102754
   42 	 0.007920 	 0.042891 	 0.096939
   43 	 0.007547 	 0.041594 	 0.110180
   44 	 0.006949 	 0.042217 	 0.118300
   45 	 0.010286 	 0.051644 	 0.123208
   46 	 0.009082 	 0.053535 	 0.149544
   47 	 0.009222 	 0.061662 	 0.163387
   48 	 0.010095 	 0.064396 	 0.160267
   49 	 0.009819 	 0.063446 	 0.159645
   50 	 0.008261 	 0.070700 	 0.170359
   51 	 0.010860 	 0.069131 	 0.158682
   52 	 0.014020 	 0.067787 	 0.150164
   53 	 0.017974 	 0.067465 	 0.142411
   54 	 0.010449 	 0.060511 	 0.123814
   55 	 0.013740 	 0.065216 	 0.176760
   56 	 0.009600 	 0.068507 	 0.240779
   57 	 0.007217 	 0.081265 	 0.300787
   58 	 0.010695 	 0.083356 	 0.241460
   59 	 0.007207 	 0.090391 	 0.243965
   60 	 0.008678 	 0.101937 	 0.257093
   61 	 0.014158 	 0.104108 	 0.265927
   62 	 0.011042 	 0.107879 	 0.267958
   63 	 0.008092 	 0.128282 	 0.313005
   64 	 0.008970 	 0.140075 	 0.407311
   65 	 0.008706 	 0.140637 	 0.433816
   66 	 0.011897 	 0.146330 	 0.416301
   67 	 0.012214 	 0.125847 	 0.380166
   68 	 0.012048 	 0.119893 	 0.488745
   69 	 0.009348 	 0.116680 	 0.486073
   70 	 0.008105 	 0.110324 	 0.374112
   71 	 0.011706 	 0.128018 	 0.431697
   72 	 0.011047 	 0.148765 	 0.493141
   73 	 0.011256 	 0.157170 	 0.489323
   74 	 0.010508 	 0.166327 	 0.491910
   75 	 0.012446 	 0.162595 	 0.421055
   76 	 0.013094 	 0.182726 	 0.484576
   77 	 0.009042 	 0.177578 	 0.484497
   78 	 0.018572 	 0.206355 	 0.550449
   79 	 0.012435 	 0.179896 	 0.510711
 