   0 	 0.002502 	 0.004862 	 0.013752
    1 	 0.002829 	 0.005843 	 0.018429
    2 	 0.002860 	 0.007955 	 0.028720
    3 	 0.003431 	 0.010414 	 0.032478
    4 	 0.004254 	 0.012785 	 0.032898
    5 	 0.004845 	 0.016288 	 0.034033
    6 	 0.004487 	 0.017159 	 0.033911
    7 	 0.004493 	 0.016267 	 0.038072
    8 	 0.004416 	 0.016469 	 0.044390
    9 	 0.004394 	 0.018718 	 0.045611
   10 	 0.006637 	 0.019325 	 0.049047
   11 	 0.004876 	 0.021040 	 0.057398
   12 	 0.007351 	 0.023479 	 0.067604
   13 	 0.006191 	 0.025129 	 0.092391
   14 	 0.006462 	 0.027395 	 0.117062
   15 	 0.009063 	 0.031605 	 0.074764
   16 	 0.009141 	 0.037137 	 0.107161
   17 	 0.010352 	 0.042970 	 0.116675
   18 	 0.010702 	 0.046937 	 0.121834
   19 	 0.009604 	 0.054020 	 0.154378
   20 	 0.009899 	 0.054054 	 0.111062
   21 	 0.012475 	 0.049211 	 0.111958
   22 	 0.010367 	 0.048069 	 0.123220
   23 	 0.009385 	 0.039318 	 0.092601
   24 	 0.009149 	 0.039371 	 0.147999
   25 	 0.009761 	 0.047807 	 0.113393
   26 	 0.009429 	 0.047340 	 0.123599
   27 	 0.013968 	 0.050735 	 0.142318
   28 	 0.008159 	 0.048383 	 0.130964
   29 	 0.009595 	 0.056243 	 0.152483
   30 	 0.009161 	 0.054570 	 0.120022
   31 	 0.012475 	 0.050587 	 0.131171
   32 	 0.008691 	 0.053586 	 0.151646
   33 	 0.010611 	 0.064939 	 0.202401
   34 	 0.008890 	 0.075707 	 0.203230
   35 	 0.010418 	 0.070969 	 0.174806
   36 	 0.011873 	 0.058012 	 0.162611
   37 	 0.011076 	 0.063755 	 0.166019
   38 	 0.013543 	 0.064154 	 0.147721
   39 	 0.011272 	 0.068179 	 0.195810
   40 	 0.010469 	 0.069680 	 0.181811
   41 	 0.008897 	 0.073739 	 0.193533
   42 	 0.008362 	 0.077871 	 0.223975
   43 	 0.009962 	 0.083787 	 0.206520
   44 	 0.012947 	 0.074970 	 0.194333
   45 	 0.009873 	 0.078752 	 0.208350
   46 	 0.012005 	 0.085288 	 0.219799
   47 	 0.013675 	 0.099551 	 0.243093
   48 	 0.009983 	 0.090707 	 0.240048
   49 	 0.009134 	 0.097511 	 0.264545
   50 	 0.011170 	 0.101165 	 0.289165
   51 	 0.011030 	 0.114225 	 0.301451
   52 	 0.010901 	 0.111240 	 0.280320
   53 	 0.008658 	 0.111350 	 0.363252
   54 	 0.012451 	 0.094055 	 0.357936
   55 	 0.009709 	 0.089342 	 0.284696
   56 	 0.014506 	 0.102635 	 0.350661
   57 	 0.011869 	 0.095598 	 0.347144
   58 	 0.011850 	 0.108622 	 0.355206
   59 	 0.010995 	 0.110941 	 0.341461
   60 	 0.017504 	 0.103287 	 0.241449
   61 	 0.015450 	 0.095931 	 0.262683
   62 	 0.012057 	 0.089526 	 0.344681
   63 	 0.009215 	 0.096938 	 0.282459
   64 	 0.012813 	 0.100421 	 0.319725
   65 	 0.011866 	 0.110003 	 0.234264
   66 	 0.013129 	 0.116204 	 0.374686
   67 	 0.009950 	 0.133292 	 0.379003
   68 	 0.012848 	 0.116630 	 0.359739
   69 	 0.011305 	 0.127072 	 0.347645
   70 	 0.008296 	 0.131222 	 0.393769
   71 	 0.017309 	 0.123770 	 0.322645
   72 	 0.012128 	 0.113596 	 0.315126
   73 	 0.012246 	 0.115465 	 0.456165
   74 	 0.010251 	 0.143931 	 0.433454
   75 	 0.013584 	 0.146562 	 0.452209
   76 	 0.013675 	 0.154506 	 0.430732
   77 	 0.012012 	 0.146320 	 0.586648
   78 	 0.021558 	 0.176293 	 0.804361
   79 	 0.013867 	 0.162625 	 0.656877
 