   0 	 0.002468 	 0.004852 	 0.024097
    1 	 0.002694 	 0.005843 	 0.030096
    2 	 0.002768 	 0.008306 	 0.035221
    3 	 0.003244 	 0.009746 	 0.030620
    4 	 0.003706 	 0.013367 	 0.037878
    5 	 0.004718 	 0.016101 	 0.038297
    6 	 0.007193 	 0.018029 	 0.038077
    7 	 0.007276 	 0.018985 	 0.048128
    8 	 0.007103 	 0.019896 	 0.046147
    9 	 0.006942 	 0.021553 	 0.059718
   10 	 0.006518 	 0.021425 	 0.048702
   11 	 0.009568 	 0.026341 	 0.070243
   12 	 0.006765 	 0.024967 	 0.070237
   13 	 0.008773 	 0.024915 	 0.121494
   14 	 0.008519 	 0.031099 	 0.113455
   15 	 0.007433 	 0.031748 	 0.084018
   16 	 0.008766 	 0.034487 	 0.083227
   17 	 0.006971 	 0.038589 	 0.100291
   18 	 0.007704 	 0.040846 	 0.112207
   19 	 0.013002 	 0.046325 	 0.109052
   20 	 0.009188 	 0.044445 	 0.104618
   21 	 0.013754 	 0.045800 	 0.121880
   22 	 0.007897 	 0.051063 	 0.150255
   23 	 0.009715 	 0.050640 	 0.223882
   24 	 0.010470 	 0.051872 	 0.129840
   25 	 0.011758 	 0.056004 	 0.176968
   26 	 0.012151 	 0.062034 	 0.173210
   27 	 0.014823 	 0.064239 	 0.157621
   28 	 0.010632 	 0.059850 	 0.166587
   29 	 0.015345 	 0.065903 	 0.190885
   30 	 0.010472 	 0.068933 	 0.190095
   31 	 0.013708 	 0.081620 	 0.220319
   32 	 0.014485 	 0.079980 	 0.183920
   33 	 0.015415 	 0.081430 	 0.195842
   34 	 0.010677 	 0.093151 	 0.254121
   35 	 0.010776 	 0.097481 	 0.243554
   36 	 0.014566 	 0.093167 	 0.207718
   37 	 0.011054 	 0.092373 	 0.190913
   38 	 0.011743 	 0.089862 	 0.215211
   39 	 0.014182 	 0.085918 	 0.210284
   40 	 0.017420 	 0.086184 	 0.214559
   41 	 0.012415 	 0.089170 	 0.228628
   42 	 0.012891 	 0.099340 	 0.237070
   43 	 0.018072 	 0.103453 	 0.263790
   44 	 0.010163 	 0.099029 	 0.250926
   45 	 0.008732 	 0.092010 	 0.252791
   46 	 0.023299 	 0.105496 	 0.278633
   47 	 0.016165 	 0.095541 	 0.280000
   48 	 0.019274 	 0.118613 	 0.302662
   49 	 0.016472 	 0.109054 	 0.268437
   50 	 0.012972 	 0.117385 	 0.276614
   51 	 0.009817 	 0.110121 	 0.389322
   52 	 0.015138 	 0.118482 	 0.301703
   53 	 0.016797 	 0.109801 	 0.276329
   54 	 0.008329 	 0.114709 	 0.282529
   55 	 0.012657 	 0.112017 	 0.268611
   56 	 0.012732 	 0.098395 	 0.302413
   57 	 0.011262 	 0.126012 	 0.322047
   58 	 0.011307 	 0.132325 	 0.359001
   59 	 0.007605 	 0.126568 	 0.420824
   60 	 0.010577 	 0.132166 	 0.349013
   61 	 0.018205 	 0.137081 	 0.388318
   62 	 0.011290 	 0.131163 	 0.432356
   63 	 0.010755 	 0.159902 	 0.452849
   64 	 0.010057 	 0.152272 	 0.527706
   65 	 0.013053 	 0.121894 	 0.461877
   66 	 0.009484 	 0.166360 	 0.445693
   67 	 0.008763 	 0.167987 	 0.407571
   68 	 0.012794 	 0.132795 	 0.418111
   69 	 0.012998 	 0.147230 	 0.516088
   70 	 0.019046 	 0.120547 	 0.352058
   71 	 0.012531 	 0.135102 	 0.407715
   72 	 0.017213 	 0.109667 	 0.499480
   73 	 0.009744 	 0.112779 	 0.497774
   74 	 0.007796 	 0.124656 	 0.493705
   75 	 0.014009 	 0.142189 	 0.426523
   76 	 0.017016 	 0.165271 	 0.680899
   77 	 0.011569 	 0.173561 	 0.739246
   78 	 0.018523 	 0.161661 	 0.746229
   79 	 0.016349 	 0.205516 	 0.577954
 