   0 	 0.002635 	 0.004307 	 0.009094
    1 	 0.002537 	 0.004472 	 0.008026
    2 	 0.002765 	 0.004694 	 0.007567
    3 	 0.002866 	 0.005193 	 0.011663
    4 	 0.002784 	 0.006335 	 0.011768
    5 	 0.002759 	 0.006976 	 0.013215
    6 	 0.003781 	 0.007586 	 0.014138
    7 	 0.003461 	 0.007770 	 0.016193
    8 	 0.004469 	 0.008641 	 0.017357
    9 	 0.005368 	 0.009692 	 0.018198
   10 	 0.005237 	 0.010507 	 0.027898
   11 	 0.004745 	 0.011186 	 0.024274
   12 	 0.004129 	 0.011257 	 0.022017
   13 	 0.005417 	 0.011284 	 0.023580
   14 	 0.004474 	 0.011196 	 0.029186
   15 	 0.005751 	 0.011560 	 0.024309
   16 	 0.004683 	 0.011826 	 0.024598
   17 	 0.005194 	 0.012407 	 0.024924
   18 	 0.004567 	 0.012676 	 0.032681
   19 	 0.004357 	 0.013851 	 0.035495
   20 	 0.005763 	 0.013924 	 0.032482
   21 	 0.006839 	 0.014156 	 0.030488
   22 	 0.006149 	 0.013808 	 0.026427
   23 	 0.005984 	 0.015015 	 0.037237
   24 	 0.006152 	 0.017072 	 0.041571
   25 	 0.005160 	 0.016842 	 0.035277
   26 	 0.005068 	 0.018205 	 0.049250
   27 	 0.007458 	 0.019299 	 0.048447
   28 	 0.006779 	 0.018959 	 0.051962
   29 	 0.006649 	 0.020839 	 0.060185
   30 	 0.008635 	 0.025505 	 0.106984
   31 	 0.006665 	 0.030010 	 0.100608
   32 	 0.006545 	 0.035312 	 0.097636
   33 	 0.005787 	 0.040107 	 0.095305
   34 	 0.008055 	 0.047960 	 0.099538
   35 	 0.012198 	 0.050136 	 0.114549
   36 	 0.010542 	 0.047757 	 0.122072
   37 	 0.008965 	 0.045691 	 0.164620
   38 	 0.010466 	 0.049222 	 0.154274
   39 	 0.012945 	 0.051751 	 0.139250
   40 	 0.010994 	 0.057459 	 0.173275
   41 	 0.012023 	 0.053927 	 0.172678
   42 	 0.010627 	 0.060242 	 0.242104
   43 	 0.006656 	 0.067653 	 0.174197
   44 	 0.005354 	 0.055460 	 0.165416
   45 	 0.005235 	 0.057806 	 0.144144
   46 	 0.009548 	 0.055117 	 0.130889
   47 	 0.014123 	 0.061466 	 0.133422
   48 	 0.007310 	 0.062877 	 0.135659
   49 	 0.005519 	 0.059601 	 0.288574
   50 	 0.013297 	 0.076851 	 0.311935
   51 	 0.007483 	 0.115721 	 0.335039
   52 	 0.009448 	 0.155619 	 0.404122
   53 	 0.015862 	 0.141659 	 0.384985
   54 	 0.012218 	 0.131093 	 0.384940
   55 	 0.008913 	 0.117810 	 0.460952
   56 	 0.008177 	 0.130076 	 0.448080
   57 	 0.009390 	 0.140278 	 0.507101
   58 	 0.014775 	 0.141389 	 0.417557
   59 	 0.010398 	 0.149248 	 0.469731
   60 	 0.008126 	 0.147754 	 0.518438
   61 	 0.009865 	 0.167585 	 0.644161
   62 	 0.012868 	 0.187668 	 0.668479
   63 	 0.012695 	 0.279089 	 0.761526
   64 	 0.012779 	 0.203126 	 0.557824
   65 	 0.016587 	 0.252789 	 0.687136
   66 	 0.010652 	 0.229005 	 0.803690
   67 	 0.011121 	 0.229920 	 0.636969
   68 	 0.014909 	 0.248409 	 0.773314
   69 	 0.006436 	 0.250261 	 0.934481
   70 	 0.009790 	 0.250730 	 1.029313
   71 	 0.008833 	 0.260243 	 0.916969
   72 	 0.011955 	 0.246546 	 0.749017
   73 	 0.012639 	 0.253361 	 0.755387
   74 	 0.012992 	 0.230816 	 0.684440
   75 	 0.018079 	 0.210663 	 0.588816
   76 	 0.012918 	 0.242863 	 0.702377
   77 	 0.011282 	 0.237240 	 0.698045
   78 	 0.012540 	 0.246544 	 0.884738
   79 	 0.008172 	 0.301041 	 1.108721
 