   0 	 0.002492 	 0.004810 	 0.012773
    1 	 0.002502 	 0.005253 	 0.014098
    2 	 0.002749 	 0.006516 	 0.018078
    3 	 0.003862 	 0.007609 	 0.018471
    4 	 0.003555 	 0.008526 	 0.018822
    5 	 0.003703 	 0.009303 	 0.024658
    6 	 0.004281 	 0.010091 	 0.026717
    7 	 0.004777 	 0.010842 	 0.024923
    8 	 0.005004 	 0.010559 	 0.018146
    9 	 0.004742 	 0.010111 	 0.021390
   10 	 0.004795 	 0.012200 	 0.028407
   11 	 0.004482 	 0.013567 	 0.034335
   12 	 0.006628 	 0.014296 	 0.028655
   13 	 0.005079 	 0.015630 	 0.058530
   14 	 0.005755 	 0.018035 	 0.058992
   15 	 0.005514 	 0.018944 	 0.066029
   16 	 0.006130 	 0.020192 	 0.067550
   17 	 0.006172 	 0.023028 	 0.070569
   18 	 0.006330 	 0.026125 	 0.070850
   19 	 0.006723 	 0.031206 	 0.074930
   20 	 0.010782 	 0.037298 	 0.073473
   21 	 0.007900 	 0.039731 	 0.105377
   22 	 0.011661 	 0.041959 	 0.104175
   23 	 0.009401 	 0.038047 	 0.091834
   24 	 0.007901 	 0.043436 	 0.105414
   25 	 0.009834 	 0.046929 	 0.103350
   26 	 0.008906 	 0.044261 	 0.115755
   27 	 0.008912 	 0.052447 	 0.113505
   28 	 0.008734 	 0.051731 	 0.122430
   29 	 0.011276 	 0.055225 	 0.107996
   30 	 0.011761 	 0.051966 	 0.113575
   31 	 0.007551 	 0.050068 	 0.117884
   32 	 0.009389 	 0.057150 	 0.148207
   33 	 0.011081 	 0.060401 	 0.141748
   34 	 0.009020 	 0.056646 	 0.131485
   35 	 0.007688 	 0.052568 	 0.137669
   36 	 0.009704 	 0.048351 	 0.142791
   37 	 0.011307 	 0.044829 	 0.119213
   38 	 0.012612 	 0.057814 	 0.156932
   39 	 0.009128 	 0.064206 	 0.180396
   40 	 0.011895 	 0.071386 	 0.177416
   41 	 0.013093 	 0.072764 	 0.190112
   42 	 0.008983 	 0.066037 	 0.181161
   43 	 0.006773 	 0.066514 	 0.236181
   44 	 0.010271 	 0.062605 	 0.137972
   45 	 0.008048 	 0.061638 	 0.161478
   46 	 0.007669 	 0.064881 	 0.171116
   47 	 0.010267 	 0.072391 	 0.184286
   48 	 0.007633 	 0.066123 	 0.175586
   49 	 0.012604 	 0.081079 	 0.207946
   50 	 0.012203 	 0.083674 	 0.215274
   51 	 0.010558 	 0.086303 	 0.260759
   52 	 0.009095 	 0.117201 	 0.334879
   53 	 0.007957 	 0.104687 	 0.316249
   54 	 0.015960 	 0.131147 	 0.408538
   55 	 0.019022 	 0.153486 	 0.569818
   56 	 0.017025 	 0.151089 	 0.543621
   57 	 0.011960 	 0.143466 	 0.452319
   58 	 0.016006 	 0.138565 	 0.471059
   59 	 0.012993 	 0.145741 	 0.450785
   60 	 0.015677 	 0.141240 	 0.349124
   61 	 0.016635 	 0.149352 	 0.439316
   62 	 0.011595 	 0.176199 	 0.521363
   63 	 0.012109 	 0.226252 	 0.568176
   64 	 0.012205 	 0.219089 	 0.480491
   65 	 0.014916 	 0.225559 	 0.641483
   66 	 0.016418 	 0.199548 	 0.555656
   67 	 0.009094 	 0.166538 	 0.585633
   68 	 0.010208 	 0.250635 	 0.729782
   69 	 0.013832 	 0.250501 	 0.603115
   70 	 0.009868 	 0.262230 	 0.763101
   71 	 0.016362 	 0.252334 	 0.648221
   72 	 0.007844 	 0.231895 	 0.887864
   73 	 0.017063 	 0.207065 	 1.008362
   74 	 0.005844 	 0.275310 	 0.802658
   75 	 0.007623 	 0.267222 	 1.357603
   76 	 0.013006 	 0.265697 	 1.178269
   77 	 0.013748 	 0.309767 	 1.078827
   78 	 0.012598 	 0.272973 	 1.114701
   79 	 0.013786 	 0.365093 	 1.035854
 