   0 	 0.002344 	 0.004837 	 0.010151
    1 	 0.002492 	 0.005338 	 0.013166
    2 	 0.002496 	 0.006163 	 0.017455
    3 	 0.002498 	 0.006753 	 0.021264
    4 	 0.003769 	 0.008167 	 0.022361
    5 	 0.003897 	 0.010461 	 0.026411
    6 	 0.004247 	 0.010959 	 0.029398
    7 	 0.004072 	 0.011780 	 0.030355
    8 	 0.004992 	 0.012149 	 0.033468
    9 	 0.004549 	 0.013034 	 0.037183
   10 	 0.006060 	 0.013807 	 0.037230
   11 	 0.006594 	 0.014458 	 0.036559
   12 	 0.005611 	 0.015812 	 0.036942
   13 	 0.006755 	 0.017325 	 0.043614
   14 	 0.004557 	 0.017360 	 0.039617
   15 	 0.008774 	 0.017560 	 0.034610
   16 	 0.008779 	 0.018400 	 0.043106
   17 	 0.005631 	 0.016697 	 0.030063
   18 	 0.006936 	 0.019406 	 0.045781
   19 	 0.007290 	 0.020763 	 0.049458
   20 	 0.007484 	 0.021588 	 0.044516
   21 	 0.008526 	 0.023247 	 0.046310
   22 	 0.008155 	 0.022683 	 0.045450
   23 	 0.006423 	 0.023718 	 0.051071
   24 	 0.007739 	 0.025772 	 0.088433
   25 	 0.010165 	 0.028700 	 0.070353
   26 	 0.008935 	 0.029977 	 0.078875
   27 	 0.009244 	 0.031516 	 0.083050
   28 	 0.007594 	 0.035510 	 0.085288
   29 	 0.008213 	 0.039303 	 0.088358
   30 	 0.008510 	 0.042920 	 0.095093
   31 	 0.007505 	 0.045836 	 0.113462
   32 	 0.009007 	 0.049771 	 0.110821
   33 	 0.008813 	 0.049756 	 0.121707
   34 	 0.010235 	 0.048758 	 0.105806
   35 	 0.009200 	 0.048368 	 0.110928
   36 	 0.009611 	 0.049345 	 0.132770
   37 	 0.009494 	 0.048478 	 0.131900
   38 	 0.009618 	 0.051198 	 0.117420
   39 	 0.008982 	 0.054408 	 0.121302
   40 	 0.006814 	 0.065025 	 0.172882
   41 	 0.010042 	 0.061410 	 0.191827
   42 	 0.011723 	 0.063863 	 0.184126
   43 	 0.012962 	 0.067972 	 0.207281
   44 	 0.009211 	 0.072714 	 0.225028
   45 	 0.010864 	 0.070908 	 0.175732
   46 	 0.017452 	 0.076403 	 0.216919
   47 	 0.017438 	 0.075370 	 0.236153
   48 	 0.016020 	 0.080007 	 0.258278
   49 	 0.012990 	 0.074869 	 0.203850
   50 	 0.012171 	 0.084477 	 0.193892
   51 	 0.014066 	 0.087751 	 0.218609
   52 	 0.013868 	 0.091087 	 0.312775
   53 	 0.011069 	 0.077654 	 0.230801
   54 	 0.011870 	 0.076417 	 0.225373
   55 	 0.006322 	 0.087076 	 0.371430
   56 	 0.010641 	 0.099406 	 0.312999
   57 	 0.023489 	 0.102389 	 0.287349
   58 	 0.012731 	 0.108763 	 0.364710
   59 	 0.007566 	 0.097069 	 0.283029
   60 	 0.012993 	 0.099092 	 0.355675
   61 	 0.013575 	 0.115002 	 0.454725
   62 	 0.014427 	 0.154872 	 0.674804
   63 	 0.014716 	 0.182570 	 0.693875
   64 	 0.010749 	 0.153576 	 0.395620
   65 	 0.008599 	 0.179327 	 0.570775
   66 	 0.011857 	 0.192828 	 0.624278
   67 	 0.014462 	 0.187421 	 0.627207
   68 	 0.014336 	 0.251649 	 0.903860
   69 	 0.007696 	 0.225495 	 0.667563
   70 	 0.016124 	 0.225911 	 0.624421
   71 	 0.016944 	 0.233651 	 0.724253
   72 	 0.012758 	 0.316032 	 0.982266
   73 	 0.010680 	 0.242449 	 1.067815
   74 	 0.010701 	 0.283127 	 0.828174
   75 	 0.015801 	 0.279720 	 1.062601
   76 	 0.010265 	 0.281173 	 1.166767
   77 	 0.027498 	 0.347802 	 1.410326
   78 	 0.015307 	 0.390602 	 1.303472
   79 	 0.017335 	 0.309559 	 1.088841
 