   0 	 0.002458 	 0.004946 	 0.010471
    1 	 0.002197 	 0.005572 	 0.014129
    2 	 0.002768 	 0.006425 	 0.016159
    3 	 0.003233 	 0.007405 	 0.018212
    4 	 0.003531 	 0.008484 	 0.017154
    5 	 0.004311 	 0.008935 	 0.019108
    6 	 0.004223 	 0.009829 	 0.022267
    7 	 0.004094 	 0.010298 	 0.020876
    8 	 0.004364 	 0.011022 	 0.025667
    9 	 0.005112 	 0.011475 	 0.026505
   10 	 0.005225 	 0.011743 	 0.022604
   11 	 0.005329 	 0.011893 	 0.019840
   12 	 0.005921 	 0.012916 	 0.022800
   13 	 0.007259 	 0.013955 	 0.035364
   14 	 0.007268 	 0.013770 	 0.027379
   15 	 0.006885 	 0.013795 	 0.032885
   16 	 0.005390 	 0.013543 	 0.026759
   17 	 0.006316 	 0.014168 	 0.028790
   18 	 0.005881 	 0.014040 	 0.025751
   19 	 0.006338 	 0.014952 	 0.039097
   20 	 0.006967 	 0.017998 	 0.038917
   21 	 0.006667 	 0.020073 	 0.050097
   22 	 0.006648 	 0.017681 	 0.037532
   23 	 0.007166 	 0.019918 	 0.050533
   24 	 0.006488 	 0.021672 	 0.065679
   25 	 0.006161 	 0.024407 	 0.064245
   26 	 0.006694 	 0.029416 	 0.064706
   27 	 0.007119 	 0.028779 	 0.078008
   28 	 0.007256 	 0.028680 	 0.062420
   29 	 0.007263 	 0.025571 	 0.068611
   30 	 0.007921 	 0.030627 	 0.062779
   31 	 0.007357 	 0.029540 	 0.071144
   32 	 0.007075 	 0.031781 	 0.058917
   33 	 0.006021 	 0.032606 	 0.070370
   34 	 0.009211 	 0.028628 	 0.070241
   35 	 0.007661 	 0.028576 	 0.077025
   36 	 0.008370 	 0.027249 	 0.096157
   37 	 0.007510 	 0.030507 	 0.105170
   38 	 0.007155 	 0.029596 	 0.081265
   39 	 0.008039 	 0.033312 	 0.137111
   40 	 0.009166 	 0.034496 	 0.148906
   41 	 0.007612 	 0.035987 	 0.105612
   42 	 0.006520 	 0.036040 	 0.106029
   43 	 0.008397 	 0.037612 	 0.098250
   44 	 0.010083 	 0.041993 	 0.106031
   45 	 0.010008 	 0.044546 	 0.110255
   46 	 0.013946 	 0.049403 	 0.116585
   47 	 0.010223 	 0.050332 	 0.166421
   48 	 0.010547 	 0.050205 	 0.140382
   49 	 0.008959 	 0.056205 	 0.154843
   50 	 0.009175 	 0.052046 	 0.150089
   51 	 0.012862 	 0.068453 	 0.154967
   52 	 0.012259 	 0.059776 	 0.150704
   53 	 0.016380 	 0.057626 	 0.139440
   54 	 0.013561 	 0.057026 	 0.157315
   55 	 0.015204 	 0.063838 	 0.153734
   56 	 0.008994 	 0.063151 	 0.217668
   57 	 0.010121 	 0.068057 	 0.205466
   58 	 0.008491 	 0.082754 	 0.233452
   59 	 0.014680 	 0.088062 	 0.223711
   60 	 0.014309 	 0.097056 	 0.322218
   61 	 0.014465 	 0.087935 	 0.333668
   62 	 0.012421 	 0.081116 	 0.274807
   63 	 0.011408 	 0.080336 	 0.259298
   64 	 0.008844 	 0.079206 	 0.247036
   65 	 0.010983 	 0.079899 	 0.232515
   66 	 0.015819 	 0.079951 	 0.234764
   67 	 0.013894 	 0.091466 	 0.238167
   68 	 0.010598 	 0.086693 	 0.248445
   69 	 0.015232 	 0.103879 	 0.336305
   70 	 0.012901 	 0.111127 	 0.341910
   71 	 0.012184 	 0.138694 	 0.405050
   72 	 0.011868 	 0.142573 	 0.419077
   73 	 0.010697 	 0.150899 	 0.389970
   74 	 0.015258 	 0.143706 	 0.391337
   75 	 0.006814 	 0.135653 	 0.386046
   76 	 0.017186 	 0.151517 	 0.385395
   77 	 0.009147 	 0.171385 	 0.540056
   78 	 0.013118 	 0.155096 	 0.399419
   79 	 0.015537 	 0.129867 	 0.428493
 