   0 	 0.002124 	 0.004452 	 0.008091
    1 	 0.002206 	 0.004684 	 0.010342
    2 	 0.002673 	 0.005489 	 0.012645
    3 	 0.003008 	 0.006156 	 0.013125
    4 	 0.002998 	 0.007254 	 0.017367
    5 	 0.003398 	 0.008080 	 0.019159
    6 	 0.004160 	 0.009248 	 0.022044
    7 	 0.004676 	 0.010835 	 0.027268
    8 	 0.004925 	 0.011672 	 0.037018
    9 	 0.005053 	 0.012642 	 0.026589
   10 	 0.004668 	 0.013218 	 0.028133
   11 	 0.005670 	 0.013860 	 0.027953
   12 	 0.005150 	 0.014986 	 0.028257
   13 	 0.005170 	 0.015488 	 0.035043
   14 	 0.005371 	 0.015726 	 0.034601
   15 	 0.006302 	 0.018224 	 0.042910
   16 	 0.006009 	 0.019629 	 0.039681
   17 	 0.006563 	 0.021760 	 0.045841
   18 	 0.006246 	 0.022362 	 0.049557
   19 	 0.006974 	 0.023417 	 0.052845
   20 	 0.008510 	 0.024404 	 0.053032
   21 	 0.007109 	 0.022316 	 0.046729
   22 	 0.006854 	 0.023578 	 0.043954
   23 	 0.006819 	 0.021590 	 0.039076
   24 	 0.006574 	 0.021931 	 0.043000
   25 	 0.006581 	 0.021517 	 0.044899
   26 	 0.008543 	 0.022804 	 0.048662
   27 	 0.008752 	 0.022008 	 0.044446
   28 	 0.007240 	 0.021185 	 0.046543
   29 	 0.007666 	 0.025402 	 0.055409
   30 	 0.008113 	 0.027076 	 0.082412
   31 	 0.007782 	 0.029051 	 0.076840
   32 	 0.007997 	 0.032620 	 0.073131
   33 	 0.008853 	 0.036167 	 0.079438
   34 	 0.011230 	 0.038235 	 0.092535
   35 	 0.011138 	 0.043670 	 0.102966
   36 	 0.007868 	 0.042958 	 0.100991
   37 	 0.006569 	 0.038327 	 0.098936
   38 	 0.011347 	 0.039472 	 0.080648
   39 	 0.008357 	 0.032415 	 0.077847
   40 	 0.007710 	 0.031498 	 0.075828
   41 	 0.009210 	 0.031835 	 0.074692
   42 	 0.005757 	 0.030354 	 0.081814
   43 	 0.007159 	 0.032895 	 0.067499
   44 	 0.008381 	 0.035796 	 0.071462
   45 	 0.005568 	 0.036698 	 0.077722
   46 	 0.009648 	 0.037040 	 0.079879
   47 	 0.010235 	 0.037206 	 0.110861
   48 	 0.008086 	 0.040551 	 0.110654
   49 	 0.006903 	 0.037411 	 0.109318
   50 	 0.006760 	 0.041945 	 0.101619
   51 	 0.008002 	 0.038591 	 0.089230
   52 	 0.006140 	 0.041140 	 0.109524
   53 	 0.009683 	 0.049276 	 0.118400
   54 	 0.012746 	 0.055603 	 0.134227
   55 	 0.009653 	 0.055579 	 0.133094
   56 	 0.010972 	 0.058837 	 0.114951
   57 	 0.012914 	 0.058408 	 0.114534
   58 	 0.007743 	 0.057468 	 0.132554
   59 	 0.010671 	 0.059528 	 0.129104
   60 	 0.009905 	 0.055697 	 0.130064
   61 	 0.009887 	 0.059694 	 0.129878
   62 	 0.011541 	 0.063864 	 0.131307
   63 	 0.009014 	 0.060734 	 0.161921
   64 	 0.009595 	 0.066299 	 0.180896
   65 	 0.013278 	 0.074565 	 0.187996
   66 	 0.011788 	 0.065277 	 0.205428
   67 	 0.009461 	 0.069971 	 0.229870
   68 	 0.013945 	 0.066714 	 0.204299
   69 	 0.009215 	 0.066695 	 0.193870
   70 	 0.007167 	 0.088509 	 0.228193
   71 	 0.012892 	 0.085584 	 0.261535
   72 	 0.009954 	 0.088810 	 0.216359
   73 	 0.007908 	 0.087468 	 0.255292
   74 	 0.011088 	 0.089935 	 0.260453
   75 	 0.011840 	 0.093876 	 0.261434
   76 	 0.014477 	 0.103148 	 0.346732
   77 	 0.012791 	 0.091246 	 0.326395
   78 	 0.012336 	 0.106147 	 0.333794
   79 	 0.010696 	 0.119265 	 0.369605
 