   0 	 0.002336 	 0.004637 	 0.010223
    1 	 0.002475 	 0.004998 	 0.010113
    2 	 0.003106 	 0.005212 	 0.010047
    3 	 0.003072 	 0.005486 	 0.012050
    4 	 0.003444 	 0.006084 	 0.014326
    5 	 0.003112 	 0.007048 	 0.016557
    6 	 0.003795 	 0.007639 	 0.014102
    7 	 0.004434 	 0.007961 	 0.016782
    8 	 0.004295 	 0.008188 	 0.013833
    9 	 0.004643 	 0.009115 	 0.016133
   10 	 0.004789 	 0.009248 	 0.018600
   11 	 0.004870 	 0.009988 	 0.020557
   12 	 0.005134 	 0.011168 	 0.023696
   13 	 0.004532 	 0.011295 	 0.022837
   14 	 0.004508 	 0.012486 	 0.025152
   15 	 0.004723 	 0.013780 	 0.025403
   16 	 0.005761 	 0.014632 	 0.026213
   17 	 0.007251 	 0.016429 	 0.028621
   18 	 0.005483 	 0.016105 	 0.027274
   19 	 0.008224 	 0.016540 	 0.032969
   20 	 0.007482 	 0.015950 	 0.030583
   21 	 0.006504 	 0.016397 	 0.029893
   22 	 0.006912 	 0.018551 	 0.039232
   23 	 0.008347 	 0.017692 	 0.033406
   24 	 0.007454 	 0.018638 	 0.044752
   25 	 0.005807 	 0.018947 	 0.032326
   26 	 0.008002 	 0.019438 	 0.044802
   27 	 0.007042 	 0.019058 	 0.045524
   28 	 0.006877 	 0.020478 	 0.061592
   29 	 0.009441 	 0.022492 	 0.070085
   30 	 0.009188 	 0.026039 	 0.070539
   31 	 0.008064 	 0.027840 	 0.073756
   32 	 0.007647 	 0.029151 	 0.090406
   33 	 0.010140 	 0.034229 	 0.081784
   34 	 0.008365 	 0.035740 	 0.107555
   35 	 0.009872 	 0.040424 	 0.108497
   36 	 0.010533 	 0.041944 	 0.108187
   37 	 0.010134 	 0.041248 	 0.128194
   38 	 0.009504 	 0.042064 	 0.102034
   39 	 0.007302 	 0.047478 	 0.114488
   40 	 0.010256 	 0.047959 	 0.103588
   41 	 0.013175 	 0.045764 	 0.103791
   42 	 0.012069 	 0.046056 	 0.111361
   43 	 0.010273 	 0.047953 	 0.136758
   44 	 0.010243 	 0.054426 	 0.126272
   45 	 0.010199 	 0.063184 	 0.278019
   46 	 0.011736 	 0.067537 	 0.292717
   47 	 0.013779 	 0.097063 	 0.317486
   48 	 0.013945 	 0.124046 	 0.453655
   49 	 0.014778 	 0.094406 	 0.284018
   50 	 0.011026 	 0.102884 	 0.325702
   51 	 0.009170 	 0.122054 	 0.442165
   52 	 0.012162 	 0.145190 	 0.450624
   53 	 0.024927 	 0.173864 	 0.597282
   54 	 0.009761 	 0.174625 	 0.475905
   55 	 0.012018 	 0.195358 	 0.468409
   56 	 0.010824 	 0.213070 	 0.556618
   57 	 0.012993 	 0.180357 	 0.648182
   58 	 0.013262 	 0.161099 	 0.532574
   59 	 0.008915 	 0.169513 	 0.518964
   60 	 0.013612 	 0.162878 	 0.558234
   61 	 0.011599 	 0.140060 	 0.549831
   62 	 0.011753 	 0.209309 	 1.036978
   63 	 0.007872 	 0.230241 	 0.686978
   64 	 0.007589 	 0.251786 	 0.690945
   65 	 0.010080 	 0.263384 	 0.809998
   66 	 0.009961 	 0.249389 	 0.913483
   67 	 0.009268 	 0.220066 	 0.911898
   68 	 0.012083 	 0.250897 	 1.042753
   69 	 0.013538 	 0.278829 	 0.995769
   70 	 0.014580 	 0.326469 	 1.091007
   71 	 0.010946 	 0.262249 	 0.860055
   72 	 0.014460 	 0.261722 	 0.762974
   73 	 0.010126 	 0.256207 	 0.834093
   74 	 0.011419 	 0.249666 	 0.960515
   75 	 0.010431 	 0.268251 	 1.052615
   76 	 0.007506 	 0.275314 	 0.776574
   77 	 0.010030 	 0.247249 	 0.793255
   78 	 0.013949 	 0.296521 	 0.968333
   79 	 0.014284 	 0.273489 	 0.827948
 