   0 	 0.002515 	 0.004710 	 0.009104
    1 	 0.002706 	 0.005493 	 0.012462
    2 	 0.003078 	 0.006022 	 0.011836
    3 	 0.002778 	 0.006372 	 0.012947
    4 	 0.003341 	 0.006459 	 0.013901
    5 	 0.003579 	 0.007070 	 0.015001
    6 	 0.003626 	 0.007594 	 0.017874
    7 	 0.004025 	 0.008596 	 0.018109
    8 	 0.004525 	 0.009057 	 0.018004
    9 	 0.004450 	 0.009228 	 0.018261
   10 	 0.002904 	 0.009710 	 0.024595
   11 	 0.005230 	 0.010566 	 0.026058
   12 	 0.005124 	 0.010883 	 0.023471
   13 	 0.005120 	 0.011449 	 0.023649
   14 	 0.004622 	 0.011660 	 0.024318
   15 	 0.004699 	 0.012502 	 0.025007
   16 	 0.004988 	 0.012515 	 0.030869
   17 	 0.004659 	 0.012848 	 0.025030
   18 	 0.004787 	 0.013088 	 0.025063
   19 	 0.007108 	 0.014532 	 0.033199
   20 	 0.006274 	 0.016278 	 0.032946
   21 	 0.006877 	 0.015678 	 0.027510
   22 	 0.006237 	 0.015760 	 0.025268
   23 	 0.006253 	 0.015677 	 0.031472
   24 	 0.005563 	 0.015038 	 0.028057
   25 	 0.007059 	 0.014668 	 0.026088
   26 	 0.006908 	 0.015853 	 0.028226
   27 	 0.007414 	 0.016525 	 0.040474
   28 	 0.005818 	 0.016362 	 0.043171
   29 	 0.006349 	 0.016519 	 0.033598
   30 	 0.005864 	 0.016535 	 0.044069
   31 	 0.005631 	 0.018400 	 0.045515
   32 	 0.009376 	 0.020230 	 0.041951
   33 	 0.006922 	 0.019459 	 0.053780
   34 	 0.006802 	 0.018869 	 0.054158
   35 	 0.004721 	 0.019660 	 0.049044
   36 	 0.005067 	 0.021247 	 0.049205
   37 	 0.007055 	 0.022095 	 0.050761
   38 	 0.005793 	 0.025004 	 0.049341
   39 	 0.007099 	 0.023808 	 0.056107
   40 	 0.006612 	 0.024015 	 0.055860
   41 	 0.006618 	 0.023814 	 0.053806
   42 	 0.004909 	 0.024771 	 0.064273
   43 	 0.007491 	 0.024433 	 0.060547
   44 	 0.007812 	 0.025687 	 0.069452
   45 	 0.010140 	 0.027434 	 0.063794
   46 	 0.009935 	 0.029410 	 0.064526
   47 	 0.007894 	 0.031951 	 0.079699
   48 	 0.009971 	 0.039224 	 0.080827
   49 	 0.009990 	 0.035915 	 0.082663
   50 	 0.010253 	 0.037707 	 0.082244
   51 	 0.009241 	 0.035091 	 0.082754
   52 	 0.012177 	 0.035484 	 0.093981
   53 	 0.008118 	 0.033029 	 0.102452
   54 	 0.010940 	 0.039974 	 0.111172
   55 	 0.011413 	 0.048727 	 0.163464
   56 	 0.009303 	 0.048955 	 0.180235
   57 	 0.016987 	 0.059379 	 0.167463
   58 	 0.011038 	 0.061738 	 0.191990
   59 	 0.007236 	 0.060545 	 0.126805
   60 	 0.010333 	 0.063482 	 0.162749
   61 	 0.015733 	 0.077920 	 0.184571
   62 	 0.011368 	 0.090849 	 0.202501
   63 	 0.014022 	 0.100396 	 0.216039
   64 	 0.011754 	 0.083579 	 0.220308
   65 	 0.015530 	 0.103066 	 0.260799
   66 	 0.016273 	 0.103521 	 0.244051
   67 	 0.011666 	 0.110249 	 0.270545
   68 	 0.014742 	 0.109684 	 0.306888
   69 	 0.015079 	 0.107187 	 0.334480
   70 	 0.013326 	 0.116388 	 0.307299
   71 	 0.010291 	 0.127963 	 0.318912
   72 	 0.011471 	 0.112594 	 0.299150
   73 	 0.010319 	 0.128421 	 0.305311
   74 	 0.010173 	 0.146588 	 0.362546
   75 	 0.006797 	 0.136404 	 0.369993
   76 	 0.012390 	 0.151667 	 0.391300
   77 	 0.008607 	 0.141168 	 0.362226
   78 	 0.007941 	 0.131362 	 0.312359
   79 	 0.011863 	 0.142687 	 0.328138
 