   0 	 0.002374 	 0.004717 	 0.009989
    1 	 0.002592 	 0.004976 	 0.010861
    2 	 0.002465 	 0.005279 	 0.012146
    3 	 0.002709 	 0.005684 	 0.012505
    4 	 0.002441 	 0.005857 	 0.009952
    5 	 0.003100 	 0.006442 	 0.014061
    6 	 0.003648 	 0.007087 	 0.019187
    7 	 0.004007 	 0.007598 	 0.019500
    8 	 0.003696 	 0.008300 	 0.018695
    9 	 0.003880 	 0.008451 	 0.015193
   10 	 0.003892 	 0.009014 	 0.022036
   11 	 0.004595 	 0.010420 	 0.021035
   12 	 0.005180 	 0.010904 	 0.020716
   13 	 0.005833 	 0.012169 	 0.027699
   14 	 0.004926 	 0.013828 	 0.031604
   15 	 0.004977 	 0.014470 	 0.033111
   16 	 0.005515 	 0.015874 	 0.029880
   17 	 0.006947 	 0.015651 	 0.030041
   18 	 0.006852 	 0.016133 	 0.032279
   19 	 0.006036 	 0.016240 	 0.037000
   20 	 0.005680 	 0.015600 	 0.042296
   21 	 0.005221 	 0.016638 	 0.063645
   22 	 0.005772 	 0.018653 	 0.072754
   23 	 0.005571 	 0.019903 	 0.056555
   24 	 0.005729 	 0.020975 	 0.066130
   25 	 0.007810 	 0.022397 	 0.061814
   26 	 0.006262 	 0.027078 	 0.066477
   27 	 0.008168 	 0.027402 	 0.069021
   28 	 0.008534 	 0.029075 	 0.076435
   29 	 0.009691 	 0.028410 	 0.056964
   30 	 0.006749 	 0.028721 	 0.080219
   31 	 0.008449 	 0.035617 	 0.097945
   32 	 0.010486 	 0.039687 	 0.131157
   33 	 0.009627 	 0.042957 	 0.118261
   34 	 0.007889 	 0.044435 	 0.107597
   35 	 0.004770 	 0.044998 	 0.113553
   36 	 0.010215 	 0.047713 	 0.136672
   37 	 0.007942 	 0.046300 	 0.137254
   38 	 0.009065 	 0.048282 	 0.179116
   39 	 0.007662 	 0.046406 	 0.156396
   40 	 0.005597 	 0.054451 	 0.161447
   41 	 0.016380 	 0.062492 	 0.179127
   42 	 0.010919 	 0.062779 	 0.188027
   43 	 0.014715 	 0.067992 	 0.239359
   44 	 0.011236 	 0.078360 	 0.271093
   45 	 0.018031 	 0.089971 	 0.361119
   46 	 0.010862 	 0.084035 	 0.312289
   47 	 0.012804 	 0.102346 	 0.309784
   48 	 0.013911 	 0.117123 	 0.320278
   49 	 0.012820 	 0.097063 	 0.309840
   50 	 0.017112 	 0.102862 	 0.458225
   51 	 0.012730 	 0.121159 	 0.342560
   52 	 0.010917 	 0.133330 	 0.346576
   53 	 0.012964 	 0.139638 	 0.527719
   54 	 0.010152 	 0.126918 	 0.494194
   55 	 0.010629 	 0.162523 	 0.453626
   56 	 0.010054 	 0.181084 	 0.568357
   57 	 0.012961 	 0.180451 	 0.506124
   58 	 0.013346 	 0.150535 	 0.550809
   59 	 0.015281 	 0.163572 	 0.519067
   60 	 0.013909 	 0.184745 	 0.577991
   61 	 0.009243 	 0.173243 	 0.632207
   62 	 0.008407 	 0.200211 	 0.630453
   63 	 0.012749 	 0.178775 	 0.611976
   64 	 0.016634 	 0.175117 	 0.575952
   65 	 0.010302 	 0.225966 	 0.618320
   66 	 0.016006 	 0.196767 	 0.589455
   67 	 0.014422 	 0.182080 	 0.549398
   68 	 0.015648 	 0.179696 	 0.865470
   69 	 0.007828 	 0.203567 	 0.651014
   70 	 0.016223 	 0.243539 	 0.794074
   71 	 0.009846 	 0.236181 	 0.711710
   72 	 0.014098 	 0.228355 	 0.877809
   73 	 0.007326 	 0.253663 	 0.983506
   74 	 0.018082 	 0.269082 	 0.885148
   75 	 0.015455 	 0.242383 	 1.078904
   76 	 0.014608 	 0.291059 	 0.744826
   77 	 0.009481 	 0.261167 	 1.062778
   78 	 0.008213 	 0.260409 	 0.913133
   79 	 0.014579 	 0.293142 	 0.960649
 