   0 	 0.002526 	 0.004621 	 0.007392
    1 	 0.002963 	 0.005066 	 0.013158
    2 	 0.002681 	 0.005206 	 0.011149
    3 	 0.002685 	 0.005429 	 0.011106
    4 	 0.003263 	 0.005601 	 0.010547
    5 	 0.002854 	 0.006153 	 0.013770
    6 	 0.003009 	 0.006855 	 0.014236
    7 	 0.003359 	 0.007493 	 0.012293
    8 	 0.004338 	 0.008147 	 0.017258
    9 	 0.004406 	 0.008387 	 0.014040
   10 	 0.003960 	 0.008234 	 0.015920
   11 	 0.005109 	 0.009233 	 0.022382
   12 	 0.004854 	 0.009583 	 0.017230
   13 	 0.005578 	 0.010160 	 0.018988
   14 	 0.005026 	 0.010835 	 0.024444
   15 	 0.004811 	 0.010521 	 0.024863
   16 	 0.005819 	 0.011343 	 0.022788
   17 	 0.005123 	 0.011249 	 0.019057
   18 	 0.005208 	 0.011914 	 0.038283
   19 	 0.005377 	 0.012584 	 0.031263
   20 	 0.005851 	 0.013455 	 0.029879
   21 	 0.005825 	 0.013562 	 0.030797
   22 	 0.005280 	 0.014831 	 0.027287
   23 	 0.006740 	 0.013981 	 0.028119
   24 	 0.006574 	 0.014495 	 0.029310
   25 	 0.006552 	 0.015374 	 0.030298
   26 	 0.007293 	 0.015597 	 0.034097
   27 	 0.007279 	 0.018186 	 0.062907
   28 	 0.006433 	 0.018890 	 0.058338
   29 	 0.006780 	 0.020828 	 0.057782
   30 	 0.006516 	 0.024661 	 0.084575
   31 	 0.006547 	 0.028173 	 0.106463
   32 	 0.006874 	 0.031770 	 0.182441
   33 	 0.010331 	 0.041128 	 0.180636
   34 	 0.012550 	 0.048073 	 0.159000
   35 	 0.009758 	 0.058214 	 0.159812
   36 	 0.011861 	 0.072710 	 0.270777
   37 	 0.012537 	 0.078981 	 0.223044
   38 	 0.015336 	 0.074420 	 0.162713
   39 	 0.015607 	 0.083922 	 0.209424
   40 	 0.016291 	 0.090315 	 0.214790
   41 	 0.009783 	 0.071434 	 0.181150
   42 	 0.008859 	 0.075534 	 0.208496
   43 	 0.012983 	 0.083644 	 0.213166
   44 	 0.011599 	 0.083777 	 0.215791
   45 	 0.010850 	 0.079943 	 0.230919
   46 	 0.011430 	 0.077737 	 0.229179
   47 	 0.012448 	 0.082774 	 0.220509
   48 	 0.014021 	 0.095096 	 0.229322
   49 	 0.013920 	 0.086465 	 0.311829
   50 	 0.013498 	 0.078105 	 0.307670
   51 	 0.010424 	 0.077383 	 0.287221
   52 	 0.013678 	 0.083311 	 0.335031
   53 	 0.010003 	 0.088196 	 0.280856
   54 	 0.016390 	 0.099394 	 0.321836
   55 	 0.012174 	 0.097398 	 0.236234
   56 	 0.011519 	 0.090980 	 0.266382
   57 	 0.012895 	 0.104835 	 0.345560
   58 	 0.014185 	 0.100521 	 0.288092
   59 	 0.010729 	 0.114528 	 0.312894
   60 	 0.008252 	 0.119031 	 0.442414
   61 	 0.008817 	 0.117422 	 0.372530
   62 	 0.011884 	 0.132007 	 0.297706
   63 	 0.013481 	 0.144790 	 0.290378
   64 	 0.018290 	 0.147795 	 0.319209
   65 	 0.019273 	 0.127809 	 0.311111
   66 	 0.021484 	 0.146772 	 0.339413
   67 	 0.011672 	 0.124494 	 0.359557
   68 	 0.008194 	 0.128377 	 0.338123
   69 	 0.012803 	 0.106527 	 0.387926
   70 	 0.014295 	 0.122266 	 0.348174
   71 	 0.012197 	 0.119338 	 0.355923
   72 	 0.007687 	 0.128550 	 0.346927
   73 	 0.008379 	 0.122988 	 0.501467
   74 	 0.014311 	 0.136117 	 0.461418
   75 	 0.012377 	 0.136772 	 0.529980
   76 	 0.008814 	 0.177506 	 0.691018
   77 	 0.011100 	 0.160016 	 0.545838
   78 	 0.011858 	 0.120237 	 0.407381
   79 	 0.009002 	 0.141730 	 0.454023
 