   0 	 0.002503 	 0.004497 	 0.009095
    1 	 0.002566 	 0.004800 	 0.012663
    2 	 0.003004 	 0.005105 	 0.012726
    3 	 0.002933 	 0.005359 	 0.016717
    4 	 0.003056 	 0.006082 	 0.017504
    5 	 0.002960 	 0.007356 	 0.019756
    6 	 0.003351 	 0.009223 	 0.022437
    7 	 0.003966 	 0.010346 	 0.032521
    8 	 0.004579 	 0.011299 	 0.025380
    9 	 0.004989 	 0.012461 	 0.028305
   10 	 0.004822 	 0.012933 	 0.023362
   11 	 0.004416 	 0.013038 	 0.023384
   12 	 0.006799 	 0.012266 	 0.022390
   13 	 0.004527 	 0.011844 	 0.028172
   14 	 0.005976 	 0.012253 	 0.028908
   15 	 0.006151 	 0.014082 	 0.028726
   16 	 0.006900 	 0.015680 	 0.036711
   17 	 0.005805 	 0.017589 	 0.036439
   18 	 0.007097 	 0.017918 	 0.036754
   19 	 0.006973 	 0.019150 	 0.038654
   20 	 0.006008 	 0.020442 	 0.038898
   21 	 0.007899 	 0.020105 	 0.037362
   22 	 0.007638 	 0.021350 	 0.040145
   23 	 0.007180 	 0.022687 	 0.051722
   24 	 0.007662 	 0.024692 	 0.056680
   25 	 0.006881 	 0.026904 	 0.067244
   26 	 0.007636 	 0.026320 	 0.080031
   27 	 0.007626 	 0.028698 	 0.084537
   28 	 0.009910 	 0.031907 	 0.105070
   29 	 0.013007 	 0.036732 	 0.111423
   30 	 0.009309 	 0.037620 	 0.112933
   31 	 0.008937 	 0.036316 	 0.108930
   32 	 0.012077 	 0.045654 	 0.118085
   33 	 0.008802 	 0.044125 	 0.116168
   34 	 0.011288 	 0.042645 	 0.127933
   35 	 0.010345 	 0.048351 	 0.125305
   36 	 0.013461 	 0.048183 	 0.139535
   37 	 0.009352 	 0.049800 	 0.167207
   38 	 0.014785 	 0.060009 	 0.169749
   39 	 0.008485 	 0.062681 	 0.179858
   40 	 0.009569 	 0.067686 	 0.196579
   41 	 0.010741 	 0.076328 	 0.207356
   42 	 0.013537 	 0.070238 	 0.229527
   43 	 0.010761 	 0.068213 	 0.234597
   44 	 0.010257 	 0.094597 	 0.264783
   45 	 0.012108 	 0.095848 	 0.273198
   46 	 0.010579 	 0.090983 	 0.299476
   47 	 0.011288 	 0.108813 	 0.313345
   48 	 0.013945 	 0.103260 	 0.319707
   49 	 0.015074 	 0.109632 	 0.248673
   50 	 0.009497 	 0.120883 	 0.249640
   51 	 0.010624 	 0.129017 	 0.339865
   52 	 0.009560 	 0.118620 	 0.365155
   53 	 0.012009 	 0.111652 	 0.310811
   54 	 0.013854 	 0.123803 	 0.331137
   55 	 0.011183 	 0.125380 	 0.376499
   56 	 0.008761 	 0.124064 	 0.342829
   57 	 0.014800 	 0.126174 	 0.311837
   58 	 0.009667 	 0.131812 	 0.349776
   59 	 0.008926 	 0.139446 	 0.379827
   60 	 0.008741 	 0.145432 	 0.468596
   61 	 0.013785 	 0.157084 	 0.424929
   62 	 0.009849 	 0.129234 	 0.386824
   63 	 0.009452 	 0.161012 	 0.626219
   64 	 0.009539 	 0.173007 	 0.652806
   65 	 0.010419 	 0.164610 	 0.547252
   66 	 0.011382 	 0.179056 	 0.701491
   67 	 0.011318 	 0.186779 	 0.521563
   68 	 0.006768 	 0.150708 	 0.387538
   69 	 0.013875 	 0.162620 	 0.518931
   70 	 0.011040 	 0.188654 	 0.612438
   71 	 0.011389 	 0.154919 	 0.426329
   72 	 0.010715 	 0.172378 	 0.568076
   73 	 0.021190 	 0.200361 	 0.662294
   74 	 0.012937 	 0.200512 	 0.683160
   75 	 0.012797 	 0.210714 	 0.611877
   76 	 0.012212 	 0.178291 	 0.569332
   77 	 0.008866 	 0.159717 	 0.581030
   78 	 0.009596 	 0.171595 	 0.493777
   79 	 0.012396 	 0.132210 	 0.474633
 