   0 	 0.002363 	 0.004792 	 0.013334
    1 	 0.002780 	 0.005705 	 0.019359
    2 	 0.003056 	 0.007428 	 0.025333
    3 	 0.003173 	 0.009845 	 0.025577
    4 	 0.003590 	 0.011269 	 0.032565
    5 	 0.004182 	 0.012303 	 0.027582
    6 	 0.004019 	 0.013923 	 0.026601
    7 	 0.004757 	 0.015029 	 0.039167
    8 	 0.005164 	 0.015643 	 0.028855
    9 	 0.006143 	 0.016224 	 0.043745
   10 	 0.005486 	 0.017379 	 0.045736
   11 	 0.006540 	 0.019607 	 0.064285
   12 	 0.007030 	 0.023582 	 0.071787
   13 	 0.006259 	 0.024976 	 0.059704
   14 	 0.005900 	 0.027714 	 0.071956
   15 	 0.008373 	 0.025683 	 0.058407
   16 	 0.008189 	 0.029787 	 0.068329
   17 	 0.008218 	 0.035634 	 0.088907
   18 	 0.012505 	 0.037154 	 0.098622
   19 	 0.007551 	 0.035109 	 0.095153
   20 	 0.011565 	 0.039264 	 0.085956
   21 	 0.008965 	 0.041799 	 0.112417
   22 	 0.012094 	 0.048731 	 0.111002
   23 	 0.009639 	 0.049725 	 0.131997
   24 	 0.011142 	 0.051797 	 0.135654
   25 	 0.013810 	 0.056557 	 0.113210
   26 	 0.008861 	 0.057369 	 0.153486
   27 	 0.009672 	 0.057776 	 0.157870
   28 	 0.007852 	 0.063049 	 0.165571
   29 	 0.010022 	 0.067860 	 0.197769
   30 	 0.008512 	 0.072815 	 0.216245
   31 	 0.011583 	 0.085848 	 0.294473
   32 	 0.007511 	 0.075495 	 0.209938
   33 	 0.010633 	 0.060349 	 0.182945
   34 	 0.014263 	 0.073338 	 0.250991
   35 	 0.010559 	 0.084608 	 0.241461
   36 	 0.013051 	 0.091742 	 0.365374
   37 	 0.013399 	 0.108300 	 0.365176
   38 	 0.010717 	 0.117722 	 0.358181
   39 	 0.012812 	 0.113752 	 0.346609
   40 	 0.011490 	 0.112682 	 0.494143
   41 	 0.011846 	 0.127274 	 0.411956
   42 	 0.019551 	 0.143496 	 0.460694
   43 	 0.016183 	 0.156841 	 0.479945
   44 	 0.013820 	 0.148946 	 0.510974
   45 	 0.013059 	 0.158185 	 0.444863
   46 	 0.016099 	 0.144144 	 0.387341
   47 	 0.008924 	 0.143044 	 0.410575
   48 	 0.011629 	 0.156437 	 0.434849
   49 	 0.009730 	 0.157214 	 0.460280
   50 	 0.010632 	 0.176397 	 0.400189
   51 	 0.013177 	 0.175114 	 0.699529
   52 	 0.017628 	 0.177263 	 0.646067
   53 	 0.010815 	 0.189458 	 0.651688
   54 	 0.009700 	 0.186422 	 0.513594
   55 	 0.012582 	 0.189066 	 0.559569
   56 	 0.017115 	 0.244955 	 0.624860
   57 	 0.010197 	 0.248959 	 0.710361
   58 	 0.011265 	 0.215527 	 0.648098
   59 	 0.011672 	 0.264687 	 0.794388
   60 	 0.014897 	 0.271205 	 0.766165
   61 	 0.012048 	 0.208942 	 0.772755
   62 	 0.010647 	 0.273746 	 0.751237
   63 	 0.015804 	 0.187401 	 0.721570
   64 	 0.015167 	 0.210727 	 0.831828
   65 	 0.014129 	 0.234188 	 1.132912
   66 	 0.016591 	 0.346231 	 1.396290
   67 	 0.016312 	 0.301598 	 0.794349
   68 	 0.014783 	 0.303527 	 0.990879
   69 	 0.008288 	 0.352623 	 1.329234
   70 	 0.009683 	 0.254238 	 0.772642
   71 	 0.009811 	 0.320201 	 0.920439
   72 	 0.016097 	 0.286469 	 0.892777
   73 	 0.011947 	 0.308585 	 0.927074
   74 	 0.015651 	 0.311159 	 1.239896
   75 	 0.011104 	 0.331408 	 1.470070
   76 	 0.010882 	 0.391791 	 1.504537
   77 	 0.011468 	 0.389599 	 1.532333
   78 	 0.015140 	 0.405213 	 1.938332
   79 	 0.008991 	 0.398608 	 1.406186
 