   0 	 0.002356 	 0.004867 	 0.009681
    1 	 0.002680 	 0.005523 	 0.011892
    2 	 0.002535 	 0.006476 	 0.014812
    3 	 0.002886 	 0.006871 	 0.014261
    4 	 0.003217 	 0.007328 	 0.012765
    5 	 0.003368 	 0.007589 	 0.012905
    6 	 0.003900 	 0.007905 	 0.013921
    7 	 0.004329 	 0.008350 	 0.014403
    8 	 0.004320 	 0.008701 	 0.016557
    9 	 0.005294 	 0.009252 	 0.017700
   10 	 0.003593 	 0.009925 	 0.022616
   11 	 0.004051 	 0.009929 	 0.024847
   12 	 0.004884 	 0.011669 	 0.025597
   13 	 0.005556 	 0.011809 	 0.023005
   14 	 0.006782 	 0.013041 	 0.023938
   15 	 0.007001 	 0.013947 	 0.033153
   16 	 0.006362 	 0.014435 	 0.033328
   17 	 0.005775 	 0.013725 	 0.030217
   18 	 0.004808 	 0.014349 	 0.059053
   19 	 0.004782 	 0.016357 	 0.059164
   20 	 0.006385 	 0.018028 	 0.053000
   21 	 0.007054 	 0.019460 	 0.061372
   22 	 0.007291 	 0.020998 	 0.050997
   23 	 0.007548 	 0.023309 	 0.046743
   24 	 0.007230 	 0.023657 	 0.046620
   25 	 0.009181 	 0.024452 	 0.045730
   26 	 0.007368 	 0.024628 	 0.058873
   27 	 0.007441 	 0.022638 	 0.054767
   28 	 0.007787 	 0.026051 	 0.056532
   29 	 0.007038 	 0.029073 	 0.054051
   30 	 0.009083 	 0.026361 	 0.071176
   31 	 0.006958 	 0.026687 	 0.058176
   32 	 0.007353 	 0.030502 	 0.059434
   33 	 0.007434 	 0.030008 	 0.075070
   34 	 0.010652 	 0.030146 	 0.061217
   35 	 0.010245 	 0.031686 	 0.081636
   36 	 0.008829 	 0.031452 	 0.104867
   37 	 0.008484 	 0.030366 	 0.076651
   38 	 0.006703 	 0.032908 	 0.084796
   39 	 0.006619 	 0.032002 	 0.068649
   40 	 0.012487 	 0.035772 	 0.068849
   41 	 0.009776 	 0.035653 	 0.093970
   42 	 0.011191 	 0.037716 	 0.087303
   43 	 0.008548 	 0.045764 	 0.118217
   44 	 0.009485 	 0.046136 	 0.176019
   45 	 0.008362 	 0.042577 	 0.085663
   46 	 0.008415 	 0.039848 	 0.097597
   47 	 0.008288 	 0.047494 	 0.114789
   48 	 0.009689 	 0.048665 	 0.126342
   49 	 0.009690 	 0.055879 	 0.141925
   50 	 0.005330 	 0.055719 	 0.164037
   51 	 0.010944 	 0.057869 	 0.107531
   52 	 0.011791 	 0.061971 	 0.119652
   53 	 0.013137 	 0.060556 	 0.129389
   54 	 0.011982 	 0.059547 	 0.170586
   55 	 0.009245 	 0.055983 	 0.179594
   56 	 0.009907 	 0.068109 	 0.173186
   57 	 0.015377 	 0.073667 	 0.170797
   58 	 0.012855 	 0.068569 	 0.173939
   59 	 0.011876 	 0.066842 	 0.210006
   60 	 0.010041 	 0.072012 	 0.180751
   61 	 0.018307 	 0.076119 	 0.187875
   62 	 0.012068 	 0.074433 	 0.312638
   63 	 0.010026 	 0.076223 	 0.189544
   64 	 0.010152 	 0.075378 	 0.174321
   65 	 0.010628 	 0.077636 	 0.226963
   66 	 0.012022 	 0.082174 	 0.227171
   67 	 0.008714 	 0.077089 	 0.241454
   68 	 0.013007 	 0.088780 	 0.286713
   69 	 0.012965 	 0.094042 	 0.263875
   70 	 0.012775 	 0.103951 	 0.271753
   71 	 0.012740 	 0.092775 	 0.322484
   72 	 0.008428 	 0.086737 	 0.346948
   73 	 0.011195 	 0.103986 	 0.408259
   74 	 0.012119 	 0.118559 	 0.420521
   75 	 0.009817 	 0.111073 	 0.410905
   76 	 0.012946 	 0.127261 	 0.474093
   77 	 0.014622 	 0.105809 	 0.365172
   78 	 0.010142 	 0.110459 	 0.437170
   79 	 0.009034 	 0.126988 	 0.455699
 