   0 	 0.002406 	 0.004501 	 0.011721
    1 	 0.002884 	 0.004593 	 0.009419
    2 	 0.002567 	 0.005026 	 0.010725
    3 	 0.002528 	 0.005366 	 0.011341
    4 	 0.003194 	 0.005670 	 0.010423
    5 	 0.003970 	 0.006144 	 0.009869
    6 	 0.003249 	 0.006347 	 0.010454
    7 	 0.002736 	 0.006731 	 0.013622
    8 	 0.004017 	 0.007609 	 0.013873
    9 	 0.004412 	 0.007912 	 0.014838
   10 	 0.004025 	 0.007745 	 0.018647
   11 	 0.004438 	 0.008471 	 0.017828
   12 	 0.003872 	 0.009004 	 0.026540
   13 	 0.004635 	 0.009329 	 0.026613
   14 	 0.004727 	 0.009442 	 0.021744
   15 	 0.003584 	 0.010614 	 0.023671
   16 	 0.004572 	 0.011883 	 0.023707
   17 	 0.004569 	 0.012536 	 0.030930
   18 	 0.006474 	 0.013761 	 0.034088
   19 	 0.006277 	 0.014695 	 0.037425
   20 	 0.005272 	 0.015969 	 0.029448
   21 	 0.006649 	 0.016573 	 0.040207
   22 	 0.006171 	 0.018496 	 0.042497
   23 	 0.007148 	 0.019362 	 0.051457
   24 	 0.006003 	 0.017697 	 0.044537
   25 	 0.007774 	 0.020834 	 0.039481
   26 	 0.008184 	 0.024024 	 0.066780
   27 	 0.007312 	 0.024888 	 0.072364
   28 	 0.006680 	 0.023866 	 0.054832
   29 	 0.008054 	 0.024617 	 0.058611
   30 	 0.006577 	 0.021351 	 0.044032
   31 	 0.006133 	 0.022912 	 0.045683
   32 	 0.005971 	 0.024876 	 0.048759
   33 	 0.006047 	 0.026096 	 0.104935
   34 	 0.007614 	 0.027954 	 0.059514
   35 	 0.006346 	 0.028734 	 0.108815
   36 	 0.005616 	 0.033361 	 0.109674
   37 	 0.008688 	 0.033409 	 0.087724
   38 	 0.007233 	 0.033982 	 0.082071
   39 	 0.009508 	 0.038467 	 0.100590
   40 	 0.012090 	 0.038040 	 0.101489
   41 	 0.007477 	 0.040202 	 0.133642
   42 	 0.011646 	 0.047911 	 0.113626
   43 	 0.008648 	 0.042645 	 0.155136
   44 	 0.008864 	 0.037824 	 0.101877
   45 	 0.011400 	 0.043094 	 0.108952
   46 	 0.013856 	 0.045533 	 0.113608
   47 	 0.006772 	 0.045037 	 0.120374
   48 	 0.009406 	 0.051873 	 0.196914
   49 	 0.010084 	 0.056250 	 0.209461
   50 	 0.012541 	 0.068156 	 0.368809
   51 	 0.008959 	 0.073036 	 0.337385
   52 	 0.011961 	 0.093902 	 0.520252
   53 	 0.011777 	 0.094100 	 0.361598
   54 	 0.012863 	 0.131623 	 0.464005
   55 	 0.013479 	 0.139186 	 0.531640
   56 	 0.012039 	 0.128747 	 0.462407
   57 	 0.013426 	 0.180815 	 0.797843
   58 	 0.010961 	 0.195231 	 0.598628
   59 	 0.012863 	 0.194957 	 0.655006
   60 	 0.014479 	 0.215813 	 0.562289
   61 	 0.014807 	 0.213983 	 0.583521
   62 	 0.012129 	 0.202013 	 0.582881
   63 	 0.014453 	 0.183375 	 0.545953
   64 	 0.016819 	 0.211786 	 0.724915
   65 	 0.015577 	 0.214072 	 0.514117
   66 	 0.013146 	 0.259194 	 0.783637
   67 	 0.017699 	 0.272632 	 0.769973
   68 	 0.011222 	 0.277338 	 0.913404
   69 	 0.010791 	 0.282826 	 0.687156
   70 	 0.015375 	 0.293168 	 0.701260
   71 	 0.010111 	 0.302706 	 0.734132
   72 	 0.012686 	 0.270306 	 1.044782
   73 	 0.020189 	 0.307808 	 0.926119
   74 	 0.012802 	 0.359460 	 1.478959
   75 	 0.012947 	 0.363535 	 1.313320
   76 	 0.012211 	 0.409788 	 1.337291
   77 	 0.014708 	 0.538516 	 2.114678
   78 	 0.012069 	 0.519193 	 1.467484
   79 	 0.011808 	 0.342146 	 1.682537
 