   0 	 0.002325 	 0.005071 	 0.014862
    1 	 0.002501 	 0.005815 	 0.016399
    2 	 0.002759 	 0.006665 	 0.015289
    3 	 0.003617 	 0.007539 	 0.018722
    4 	 0.003751 	 0.007520 	 0.027560
    5 	 0.003771 	 0.007621 	 0.015123
    6 	 0.003727 	 0.008776 	 0.019493
    7 	 0.004668 	 0.011170 	 0.028075
    8 	 0.004908 	 0.011926 	 0.024805
    9 	 0.004933 	 0.012765 	 0.025549
   10 	 0.005985 	 0.014041 	 0.029827
   11 	 0.006904 	 0.015738 	 0.050747
   12 	 0.006378 	 0.017912 	 0.051502
   13 	 0.006663 	 0.018175 	 0.055609
   14 	 0.005649 	 0.018335 	 0.051166
   15 	 0.005951 	 0.020439 	 0.077653
   16 	 0.005394 	 0.021895 	 0.075940
   17 	 0.006597 	 0.022072 	 0.085359
   18 	 0.007933 	 0.023658 	 0.049667
   19 	 0.006118 	 0.024034 	 0.063140
   20 	 0.007009 	 0.027665 	 0.062636
   21 	 0.006962 	 0.027992 	 0.062908
   22 	 0.006336 	 0.026701 	 0.067477
   23 	 0.007738 	 0.027201 	 0.080695
   24 	 0.008150 	 0.031575 	 0.073905
   25 	 0.007623 	 0.034037 	 0.076572
   26 	 0.007080 	 0.036784 	 0.090776
   27 	 0.007136 	 0.040298 	 0.083705
   28 	 0.009277 	 0.038142 	 0.106757
   29 	 0.012780 	 0.036348 	 0.084220
   30 	 0.006977 	 0.036388 	 0.108117
   31 	 0.008820 	 0.037972 	 0.112299
   32 	 0.008299 	 0.040648 	 0.097928
   33 	 0.008726 	 0.036104 	 0.105050
   34 	 0.010676 	 0.040948 	 0.103584
   35 	 0.007520 	 0.043890 	 0.123801
   36 	 0.014694 	 0.048740 	 0.118702
   37 	 0.011230 	 0.049371 	 0.104857
   38 	 0.008374 	 0.055362 	 0.138364
   39 	 0.009062 	 0.046823 	 0.090368
   40 	 0.008778 	 0.042621 	 0.096859
   41 	 0.012006 	 0.050110 	 0.134021
   42 	 0.009596 	 0.050756 	 0.159619
   43 	 0.010118 	 0.060492 	 0.168003
   44 	 0.008260 	 0.058830 	 0.172056
   45 	 0.010597 	 0.057524 	 0.162741
   46 	 0.009902 	 0.060457 	 0.194727
   47 	 0.007973 	 0.074435 	 0.192973
   48 	 0.010811 	 0.081083 	 0.225992
   49 	 0.008151 	 0.084123 	 0.266478
   50 	 0.015912 	 0.071899 	 0.224294
   51 	 0.013533 	 0.064698 	 0.196935
   52 	 0.011441 	 0.077872 	 0.259303
   53 	 0.012212 	 0.082188 	 0.298411
   54 	 0.011373 	 0.089253 	 0.360686
   55 	 0.013138 	 0.079271 	 0.242392
   56 	 0.014443 	 0.085895 	 0.272496
   57 	 0.011725 	 0.088908 	 0.476362
   58 	 0.011054 	 0.124699 	 0.522703
   59 	 0.010385 	 0.146222 	 0.461814
   60 	 0.010272 	 0.148012 	 0.517235
   61 	 0.007739 	 0.133539 	 0.423437
   62 	 0.008803 	 0.180472 	 0.517245
   63 	 0.013838 	 0.157923 	 0.482458
   64 	 0.014079 	 0.198282 	 0.539342
   65 	 0.010680 	 0.189962 	 0.462345
   66 	 0.007418 	 0.185425 	 0.500367
   67 	 0.007675 	 0.195603 	 0.642558
   68 	 0.012196 	 0.169571 	 0.606450
   69 	 0.018274 	 0.222228 	 0.635685
   70 	 0.007454 	 0.192871 	 0.607220
   71 	 0.016591 	 0.221003 	 0.616215
   72 	 0.012242 	 0.209425 	 0.558552
   73 	 0.008903 	 0.231857 	 0.592977
   74 	 0.008775 	 0.268760 	 0.734209
   75 	 0.008986 	 0.219234 	 0.598513
   76 	 0.015948 	 0.225095 	 0.556056
   77 	 0.012373 	 0.237135 	 0.849040
   78 	 0.014859 	 0.221858 	 0.732320
   79 	 0.014721 	 0.196522 	 0.752244
 