   0 	 0.002525 	 0.004628 	 0.010547
    1 	 0.003366 	 0.005301 	 0.011290
    2 	 0.003103 	 0.006064 	 0.013437
    3 	 0.003065 	 0.006626 	 0.020048
    4 	 0.003572 	 0.006936 	 0.016364
    5 	 0.003896 	 0.007056 	 0.015807
    6 	 0.003885 	 0.007621 	 0.016266
    7 	 0.003209 	 0.007955 	 0.023796
    8 	 0.003433 	 0.008654 	 0.017049
    9 	 0.003660 	 0.010229 	 0.021421
   10 	 0.003770 	 0.011119 	 0.022019
   11 	 0.004387 	 0.010911 	 0.020157
   12 	 0.004945 	 0.011044 	 0.020150
   13 	 0.005920 	 0.011278 	 0.020167
   14 	 0.005523 	 0.011615 	 0.022219
   15 	 0.004778 	 0.012232 	 0.028938
   16 	 0.004120 	 0.013602 	 0.028229
   17 	 0.006089 	 0.014291 	 0.030531
   18 	 0.005278 	 0.015491 	 0.036477
   19 	 0.005282 	 0.015189 	 0.034120
   20 	 0.005738 	 0.015712 	 0.044868
   21 	 0.005269 	 0.017601 	 0.042308
   22 	 0.006262 	 0.020270 	 0.040636
   23 	 0.006232 	 0.021580 	 0.050860
   24 	 0.007668 	 0.024267 	 0.061963
   25 	 0.007333 	 0.025483 	 0.058828
   26 	 0.008165 	 0.025574 	 0.056488
   27 	 0.007837 	 0.028801 	 0.085466
   28 	 0.008211 	 0.028140 	 0.093437
   29 	 0.008686 	 0.030179 	 0.096927
   30 	 0.006863 	 0.031439 	 0.105348
   31 	 0.006324 	 0.034689 	 0.206944
   32 	 0.006727 	 0.041139 	 0.137869
   33 	 0.008301 	 0.045594 	 0.135969
   34 	 0.006772 	 0.043739 	 0.160094
   35 	 0.013465 	 0.039807 	 0.128165
   36 	 0.013320 	 0.044278 	 0.126659
   37 	 0.009433 	 0.047650 	 0.148636
   38 	 0.014605 	 0.055665 	 0.133822
   39 	 0.011077 	 0.054863 	 0.129549
   40 	 0.007908 	 0.054980 	 0.134659
   41 	 0.007897 	 0.053825 	 0.132116
   42 	 0.011843 	 0.057173 	 0.148115
   43 	 0.011619 	 0.063739 	 0.148388
   44 	 0.011423 	 0.065603 	 0.208637
   45 	 0.012195 	 0.065190 	 0.173282
   46 	 0.016251 	 0.071095 	 0.158486
   47 	 0.007509 	 0.070858 	 0.359286
   48 	 0.009254 	 0.071670 	 0.297458
   49 	 0.010012 	 0.094803 	 0.409189
   50 	 0.013838 	 0.104794 	 0.529663
   51 	 0.014551 	 0.103020 	 0.391713
   52 	 0.015501 	 0.124079 	 0.551411
   53 	 0.012064 	 0.148007 	 0.451345
   54 	 0.006992 	 0.160398 	 0.583906
   55 	 0.007776 	 0.170778 	 0.517300
   56 	 0.011964 	 0.168093 	 0.644377
   57 	 0.016055 	 0.180731 	 0.699623
   58 	 0.012738 	 0.154671 	 0.516825
   59 	 0.012871 	 0.207598 	 0.805741
   60 	 0.015723 	 0.247227 	 0.649128
   61 	 0.009918 	 0.230741 	 0.748906
   62 	 0.014438 	 0.210911 	 0.740910
   63 	 0.015478 	 0.264849 	 1.138977
   64 	 0.013028 	 0.247385 	 1.172335
   65 	 0.015474 	 0.268879 	 1.111451
   66 	 0.013122 	 0.230837 	 0.784816
   67 	 0.016258 	 0.209097 	 0.944105
   68 	 0.019660 	 0.237528 	 0.653858
   69 	 0.016215 	 0.199463 	 0.718151
   70 	 0.008005 	 0.243346 	 0.728323
   71 	 0.018128 	 0.275222 	 0.821543
   72 	 0.013307 	 0.245886 	 0.732205
   73 	 0.027714 	 0.284340 	 0.768805
   74 	 0.011493 	 0.227229 	 0.716338
   75 	 0.011934 	 0.269799 	 0.921614
   76 	 0.016002 	 0.249677 	 0.636174
   77 	 0.013826 	 0.304286 	 0.696817
   78 	 0.016914 	 0.256833 	 0.676157
   79 	 0.015339 	 0.255088 	 0.744403
 