   0 	 0.002558 	 0.004852 	 0.013305
    1 	 0.002753 	 0.005503 	 0.010447
    2 	 0.003275 	 0.006115 	 0.011146
    3 	 0.003908 	 0.006554 	 0.015575
    4 	 0.003854 	 0.006782 	 0.015598
    5 	 0.004206 	 0.007047 	 0.017472
    6 	 0.004012 	 0.007503 	 0.017384
    7 	 0.003869 	 0.007831 	 0.020504
    8 	 0.003624 	 0.008858 	 0.023500
    9 	 0.005193 	 0.010941 	 0.038161
   10 	 0.004001 	 0.011425 	 0.027884
   11 	 0.004336 	 0.013091 	 0.030070
   12 	 0.005191 	 0.015136 	 0.033058
   13 	 0.006095 	 0.015681 	 0.031875
   14 	 0.005504 	 0.014448 	 0.031511
   15 	 0.007595 	 0.015411 	 0.048565
   16 	 0.005878 	 0.018963 	 0.046421
   17 	 0.007832 	 0.021993 	 0.047081
   18 	 0.007650 	 0.020776 	 0.046304
   19 	 0.007206 	 0.022937 	 0.061359
   20 	 0.007362 	 0.024787 	 0.055611
   21 	 0.008252 	 0.027282 	 0.066584
   22 	 0.007867 	 0.027019 	 0.073242
   23 	 0.007189 	 0.030066 	 0.080922
   24 	 0.007668 	 0.033394 	 0.085161
   25 	 0.011907 	 0.040629 	 0.087715
   26 	 0.007810 	 0.038971 	 0.080740
   27 	 0.012180 	 0.037357 	 0.080381
   28 	 0.009299 	 0.038146 	 0.084418
   29 	 0.010248 	 0.033328 	 0.080916
   30 	 0.009075 	 0.034386 	 0.099259
   31 	 0.009041 	 0.041100 	 0.096097
   32 	 0.013843 	 0.045105 	 0.107236
   33 	 0.008967 	 0.044797 	 0.120295
   34 	 0.009057 	 0.044055 	 0.108274
   35 	 0.013963 	 0.049096 	 0.133698
   36 	 0.010949 	 0.049580 	 0.112789
   37 	 0.007707 	 0.047571 	 0.101328
   38 	 0.006941 	 0.045410 	 0.102314
   39 	 0.009553 	 0.039476 	 0.106972
   40 	 0.011049 	 0.039285 	 0.108259
   41 	 0.009421 	 0.043296 	 0.107421
   42 	 0.007605 	 0.046203 	 0.098052
   43 	 0.007126 	 0.044955 	 0.104307
   44 	 0.008264 	 0.045680 	 0.099038
   45 	 0.008497 	 0.043002 	 0.096820
   46 	 0.006647 	 0.042693 	 0.088375
   47 	 0.010196 	 0.044680 	 0.089658
   48 	 0.006543 	 0.042355 	 0.096764
   49 	 0.008560 	 0.042436 	 0.093121
   50 	 0.007984 	 0.043077 	 0.102360
   51 	 0.013874 	 0.042791 	 0.086950
   52 	 0.010567 	 0.038165 	 0.097514
   53 	 0.009146 	 0.042104 	 0.120225
   54 	 0.011323 	 0.039077 	 0.092110
   55 	 0.007472 	 0.043548 	 0.121940
   56 	 0.010783 	 0.038670 	 0.113151
   57 	 0.008988 	 0.039212 	 0.090240
   58 	 0.009415 	 0.044498 	 0.101775
   59 	 0.009223 	 0.043422 	 0.107964
   60 	 0.009818 	 0.049179 	 0.126012
   61 	 0.012773 	 0.054485 	 0.133427
   62 	 0.011257 	 0.051410 	 0.145483
   63 	 0.010886 	 0.056400 	 0.166819
   64 	 0.008484 	 0.049630 	 0.165025
   65 	 0.009390 	 0.051419 	 0.158699
   66 	 0.012893 	 0.058272 	 0.171272
   67 	 0.018362 	 0.069331 	 0.182261
   68 	 0.012053 	 0.074382 	 0.164422
   69 	 0.010767 	 0.076543 	 0.193504
   70 	 0.018406 	 0.079487 	 0.228823
   71 	 0.012406 	 0.072056 	 0.195628
   72 	 0.009621 	 0.080661 	 0.165208
   73 	 0.013145 	 0.070065 	 0.148990
   74 	 0.008376 	 0.064821 	 0.204936
   75 	 0.013812 	 0.061401 	 0.181323
   76 	 0.009819 	 0.060145 	 0.169033
   77 	 0.009677 	 0.066737 	 0.161709
   78 	 0.013116 	 0.077196 	 0.176449
   79 	 0.014653 	 0.073568 	 0.212972
 