   0 	 -1.000000 	 1.610105 	 100.000000
    1 	 -0.250000 	 98.329167 	 100.000000
    2 	 100.000000 	 100.000000 	 100.000000
    3 	 -1.000000 	 96.655556 	 100.000000
    4 	 -1.000000 	 93.288889 	 100.000000
    5 	 -0.250000 	 96.666667 	 100.000000
    6 	 1.000000 	 98.350000 	 100.000000
    7 	 -1.000000 	 93.301389 	 100.000000
    8 	 100.000000 	 100.000000 	 100.000000
    9 	 100.000000 	 100.000000 	 100.000000
   10 	 -1.000000 	 96.633333 	 100.000000
   11 	 -1.000000 	 96.655556 	 100.000000
   12 	 100.000000 	 100.000000 	 100.000000
   13 	 100.000000 	 100.000000 	 100.000000
   14 	 -1.000000 	 96.645833 	 100.000000
   15 	 0.250000 	 96.679167 	 100.000000
   16 	 -1.000000 	 91.672222 	 100.000000
   17 	 100.000000 	 100.000000 	 100.000000
   18 	 100.000000 	 100.000000 	 100.000000
   19 	 100.000000 	 100.000000 	 100.000000
   20 	 -1.000000 	 98.316667 	 100.000000
   21 	 0.500000 	 98.341667 	 100.000000
   22 	 -0.250000 	 98.329167 	 100.000000
   23 	 -1.000000 	 96.644444 	 100.000000
   24 	 -0.250000 	 98.329167 	 100.000000
   25 	 -0.250000 	 98.329167 	 100.000000
   26 	 100.000000 	 100.000000 	 100.000000
   27 	 -0.500000 	 98.325000 	 100.000000
   28 	 -1.000000 	 96.641667 	 100.000000
   29 	 100.000000 	 100.000000 	 100.000000
   30 	 100.000000 	 100.000000 	 100.000000
   31 	 -0.500000 	 98.325000 	 100.000000
   32 	 -0.500000 	 96.663889 	 100.000000
   33 	 100.000000 	 100.000000 	 100.000000
   34 	 -0.500000 	 98.325000 	 100.000000
   35 	 -1.000000 	 94.958333 	 100.000000
   36 	 100.000000 	 100.000000 	 100.000000
   37 	 -1.000000 	 98.316667 	 100.000000
   38 	 0.250000 	 96.679167 	 100.000000
   39 	 100.000000 	 100.000000 	 100.000000
   40 	 100.000000 	 100.000000 	 100.000000
   41 	 -1.000000 	 94.972222 	 100.000000
   42 	 100.000000 	 100.000000 	 100.000000
   43 	 100.000000 	 100.000000 	 100.000000
   44 	 -1.000000 	 96.633333 	 100.000000
   45 	 -0.333333 	 98.327778 	 100.000000
   46 	 -0.250000 	 98.329167 	 100.000000
   47 	 100.000000 	 100.000000 	 100.000000
   48 	 -0.333333 	 96.666667 	 100.000000
   49 	 -0.333333 	 96.665278 	 100.000000
   50 	 0.500000 	 98.341667 	 100.000000
   51 	 100.000000 	 100.000000 	 100.000000
   52 	 -1.000000 	 98.316667 	 100.000000
   53 	 -0.333333 	 96.665278 	 100.000000
   54 	 100.000000 	 100.000000 	 100.000000
   55 	 0.333333 	 98.338889 	 100.000000
   56 	 -1.000000 	 98.316667 	 100.000000
   57 	 -0.333333 	 96.656944 	 100.000000
   58 	 -1.000000 	 96.666667 	 100.000000
   59 	 0.500000 	 96.691667 	 100.000000
   60 	 0.333333 	 96.688889 	 100.000000
   61 	 -0.500000 	 98.325000 	 100.000000
   62 	 -0.250000 	 96.658333 	 100.000000
   63 	 0.500000 	 98.341667 	 100.000000
   64 	 -0.500000 	 96.654167 	 100.000000
   65 	 -0.500000 	 98.325000 	 100.000000
   66 	 0.333333 	 96.680556 	 100.000000
   67 	 100.000000 	 100.000000 	 100.000000
   68 	 100.000000 	 100.000000 	 100.000000
   69 	 -0.500000 	 98.325000 	 100.000000
   70 	 -0.500000 	 98.325000 	 100.000000
   71 	 -0.250000 	 98.329167 	 100.000000
   72 	 100.000000 	 100.000000 	 100.000000
   73 	 100.000000 	 100.000000 	 100.000000
   74 	 100.000000 	 100.000000 	 100.000000
   75 	 0.250000 	 98.337500 	 100.000000
   76 	 -1.000000 	 98.316667 	 100.000000
   77 	 0.250000 	 98.337500 	 100.000000
   78 	 1.000000 	 98.350000 	 100.000000
   79 	 -0.500000 	 96.654167 	 100.000000
 