   0 	 -1.000000 	 1.586971 	 100.000000
    1 	 100.000000 	 100.000000 	 100.000000
    2 	 -0.200000 	 98.330000 	 100.000000
    3 	 -0.200000 	 98.330000 	 100.000000
    4 	 -0.500000 	 98.325000 	 100.000000
    5 	 100.000000 	 100.000000 	 100.000000
    6 	 100.000000 	 100.000000 	 100.000000
    7 	 0.333333 	 98.338889 	 100.000000
    8 	 -0.200000 	 98.330000 	 100.000000
    9 	 -0.200000 	 98.330000 	 100.000000
   10 	 0.200000 	 98.336667 	 100.000000
   11 	 0.500000 	 98.341667 	 100.000000
   12 	 -0.250000 	 96.665833 	 100.000000
   13 	 1.000000 	 98.350000 	 100.000000
   14 	 -0.250000 	 96.668056 	 100.000000
   15 	 0.200000 	 98.336667 	 100.000000
   16 	 1.000000 	 98.350000 	 100.000000
   17 	 100.000000 	 100.000000 	 100.000000
   18 	 0.500000 	 98.341667 	 100.000000
   19 	 100.000000 	 100.000000 	 100.000000
   20 	 -0.200000 	 93.360000 	 100.000000
   21 	 100.000000 	 100.000000 	 100.000000
   22 	 100.000000 	 100.000000 	 100.000000
   23 	 100.000000 	 100.000000 	 100.000000
   24 	 100.000000 	 100.000000 	 100.000000
   25 	 100.000000 	 100.000000 	 100.000000
   26 	 100.000000 	 100.000000 	 100.000000
   27 	 100.000000 	 100.000000 	 100.000000
   28 	 -0.250000 	 96.658333 	 100.000000
   29 	 100.000000 	 100.000000 	 100.000000
   30 	 0.333333 	 96.680556 	 100.000000
   31 	 -0.250000 	 98.329167 	 100.000000
   32 	 -0.250000 	 93.330000 	 100.000000
   33 	 0.500000 	 98.341667 	 100.000000
   34 	 -1.000000 	 96.666667 	 100.000000
   35 	 -0.200000 	 98.330000 	 100.000000
   36 	 1.000000 	 98.350000 	 100.000000
   37 	 -0.333333 	 96.656944 	 100.000000
   38 	 -0.250000 	 98.329167 	 100.000000
   39 	 0.500000 	 96.683333 	 100.000000
   40 	 100.000000 	 100.000000 	 100.000000
   41 	 100.000000 	 100.000000 	 100.000000
   42 	 -0.200000 	 96.660000 	 100.000000
   43 	 -0.500000 	 98.325000 	 100.000000
   44 	 0.333333 	 96.688889 	 100.000000
   45 	 -0.250000 	 98.329167 	 100.000000
   46 	 100.000000 	 100.000000 	 100.000000
   47 	 -0.250000 	 98.329167 	 100.000000
   48 	 100.000000 	 100.000000 	 100.000000
   49 	 1.000000 	 98.350000 	 100.000000
   50 	 0.200000 	 96.686667 	 100.000000
   51 	 1.000000 	 98.350000 	 100.000000
   52 	 -0.333333 	 98.327778 	 100.000000
   53 	 0.500000 	 98.341667 	 100.000000
   54 	 -0.500000 	 98.325000 	 100.000000
   55 	 0.200000 	 93.370000 	 100.000000
   56 	 -0.500000 	 96.675000 	 100.000000
   57 	 -0.333333 	 96.656944 	 100.000000
   58 	 100.000000 	 100.000000 	 100.000000
   59 	 1.000000 	 98.350000 	 100.000000
   60 	 -0.333333 	 98.327778 	 100.000000
   61 	 -0.500000 	 96.666667 	 100.000000
   62 	 0.500000 	 98.341667 	 100.000000
   63 	 -0.250000 	 93.357500 	 100.000000
   64 	 1.000000 	 96.700000 	 100.000000
   65 	 1.000000 	 98.350000 	 100.000000
   66 	 -0.333333 	 96.677778 	 100.000000
   67 	 100.000000 	 100.000000 	 100.000000
   68 	 100.000000 	 100.000000 	 100.000000
   69 	 100.000000 	 100.000000 	 100.000000
   70 	 100.000000 	 100.000000 	 100.000000
   71 	 -0.500000 	 98.325000 	 100.000000
   72 	 1.000000 	 96.700000 	 100.000000
   73 	 1.000000 	 98.350000 	 100.000000
   74 	 100.000000 	 100.000000 	 100.000000
   75 	 0.333333 	 98.338889 	 100.000000
   76 	 100.000000 	 100.000000 	 100.000000
   77 	 0.500000 	 96.691667 	 100.000000
   78 	 100.000000 	 100.000000 	 100.000000
   79 	 100.000000 	 100.000000 	 100.000000
 