   0 	 -1.000000 	 6.649683 	 100.000000
    1 	 -1.000000 	 86.642500 	 100.000000
    2 	 -1.000000 	 88.316270 	 100.000000
    3 	 -0.250000 	 90.000000 	 100.000000
    4 	 -0.333333 	 85.040278 	 100.000000
    5 	 -0.333333 	 71.682381 	 100.000000
    6 	 -0.250000 	 91.662500 	 100.000000
    7 	 -0.333333 	 86.664444 	 100.000000
    8 	 -1.000000 	 88.282500 	 100.000000
    9 	 -1.000000 	 78.325000 	 100.000000
   10 	 -1.000000 	 90.000000 	 100.000000
   11 	 -0.500000 	 96.666667 	 100.000000
   12 	 -1.000000 	 89.998611 	 100.000000
   13 	 -1.000000 	 86.654167 	 100.000000
   14 	 -0.333333 	 90.000000 	 100.000000
   15 	 -1.000000 	 86.663889 	 100.000000
   16 	 -0.500000 	 90.011111 	 100.000000
   17 	 -1.000000 	 91.661111 	 100.000000
   18 	 -1.000000 	 90.004167 	 100.000000
   19 	 -1.000000 	 91.652778 	 100.000000
   20 	 -1.000000 	 85.004167 	 100.000000
   21 	 -0.111111 	 93.333333 	 100.000000
   22 	 -1.000000 	 81.675000 	 100.000000
   23 	 -0.250000 	 91.683333 	 100.000000
   24 	 -0.333333 	 91.661111 	 100.000000
   25 	 -0.333333 	 89.998611 	 100.000000
   26 	 -1.000000 	 91.672222 	 100.000000
   27 	 -0.200000 	 96.666667 	 100.000000
   28 	 -0.250000 	 95.004722 	 100.000000
   29 	 -1.000000 	 90.000000 	 100.000000
   30 	 -1.000000 	 94.983333 	 100.000000
   31 	 -1.000000 	 88.316667 	 100.000000
   32 	 -0.333333 	 88.338889 	 100.000000
   33 	 -0.333333 	 91.661111 	 100.000000
   34 	 -0.166667 	 95.016667 	 100.000000
   35 	 -0.200000 	 91.672222 	 100.000000
   36 	 -1.000000 	 89.991667 	 100.000000
   37 	 -1.000000 	 86.666667 	 100.000000
   38 	 -1.000000 	 93.333333 	 100.000000
   39 	 -1.000000 	 93.350000 	 100.000000
   40 	 -1.000000 	 80.037500 	 100.000000
   41 	 -0.250000 	 96.665833 	 100.000000
   42 	 -0.250000 	 96.679167 	 100.000000
   43 	 -0.333333 	 98.327778 	 100.000000
   44 	 -1.000000 	 88.350000 	 100.000000
   45 	 100.000000 	 100.000000 	 100.000000
   46 	 -0.200000 	 96.666667 	 100.000000
   47 	 -1.000000 	 98.316667 	 100.000000
   48 	 0.250000 	 96.687500 	 100.000000
   49 	 100.000000 	 100.000000 	 100.000000
   50 	 100.000000 	 100.000000 	 100.000000
   51 	 -1.000000 	 96.666667 	 100.000000
   52 	 100.000000 	 100.000000 	 100.000000
   53 	 0.333333 	 98.338889 	 100.000000
   54 	 -1.000000 	 96.633333 	 100.000000
   55 	 -1.000000 	 98.316667 	 100.000000
   56 	 100.000000 	 100.000000 	 100.000000
   57 	 0.333333 	 96.688889 	 100.000000
   58 	 100.000000 	 100.000000 	 100.000000
   59 	 -0.250000 	 95.020833 	 100.000000
   60 	 -0.250000 	 96.666667 	 100.000000
   61 	 0.333333 	 98.338889 	 100.000000
   62 	 -0.250000 	 96.679167 	 100.000000
   63 	 100.000000 	 100.000000 	 100.000000
   64 	 -1.000000 	 96.633333 	 100.000000
   65 	 100.000000 	 100.000000 	 100.000000
   66 	 100.000000 	 100.000000 	 100.000000
   67 	 1.000000 	 98.350000 	 100.000000
   68 	 100.000000 	 100.000000 	 100.000000
   69 	 -1.000000 	 96.655556 	 100.000000
   70 	 -1.000000 	 98.316667 	 100.000000
   71 	 0.333333 	 96.688889 	 100.000000
   72 	 100.000000 	 100.000000 	 100.000000
   73 	 -0.250000 	 98.329167 	 100.000000
   74 	 -1.000000 	 98.316667 	 100.000000
   75 	 -0.250000 	 98.329167 	 100.000000
   76 	 0.500000 	 98.341667 	 100.000000
   77 	 -0.333333 	 94.995833 	 100.000000
   78 	 -0.250000 	 98.329167 	 100.000000
   79 	 -0.250000 	 95.004167 	 100.000000
 