   0 	 -1.000000 	 10.035808 	 100.000000
    1 	 -1.000000 	 81.648611 	 100.000000
    2 	 -0.500000 	 85.016667 	 100.000000
    3 	 -1.000000 	 76.660714 	 100.000000
    4 	 -1.000000 	 85.008333 	 100.000000
    5 	 -1.000000 	 76.677778 	 100.000000
    6 	 -0.500000 	 89.995437 	 100.000000
    7 	 -0.166667 	 96.666667 	 100.000000
    8 	 -1.000000 	 86.663889 	 100.000000
    9 	 -0.500000 	 84.997222 	 100.000000
   10 	 -1.000000 	 90.006944 	 100.000000
   11 	 -1.000000 	 88.316667 	 100.000000
   12 	 -0.500000 	 91.670833 	 100.000000
   13 	 -0.166667 	 96.666270 	 100.000000
   14 	 -0.333333 	 90.003611 	 100.000000
   15 	 -0.500000 	 95.025000 	 100.000000
   16 	 -0.500000 	 83.351389 	 100.000000
   17 	 -0.500000 	 80.000556 	 100.000000
   18 	 -0.500000 	 91.658333 	 100.000000
   19 	 -0.500000 	 93.340833 	 100.000000
   20 	 -0.500000 	 88.326389 	 100.000000
   21 	 -1.000000 	 96.666667 	 100.000000
   22 	 -0.500000 	 91.668056 	 100.000000
   23 	 -1.000000 	 84.983862 	 100.000000
   24 	 -1.000000 	 89.972222 	 100.000000
   25 	 -1.000000 	 96.655556 	 100.000000
   26 	 -1.000000 	 93.325000 	 100.000000
   27 	 -1.000000 	 86.658333 	 100.000000
   28 	 -0.500000 	 96.666667 	 100.000000
   29 	 -0.250000 	 88.331250 	 100.000000
   30 	 -0.500000 	 91.702778 	 100.000000
   31 	 -1.000000 	 93.323611 	 100.000000
   32 	 -1.000000 	 93.333333 	 100.000000
   33 	 -1.000000 	 94.983333 	 100.000000
   34 	 -0.333333 	 93.323611 	 100.000000
   35 	 -1.000000 	 88.283333 	 100.000000
   36 	 -1.000000 	 91.650000 	 100.000000
   37 	 -1.000000 	 90.001481 	 100.000000
   38 	 -0.200000 	 96.666667 	 100.000000
   39 	 -0.250000 	 98.329167 	 100.000000
   40 	 -1.000000 	 86.675000 	 100.000000
   41 	 -1.000000 	 89.999603 	 100.000000
   42 	 -1.000000 	 86.668056 	 100.000000
   43 	 1.000000 	 98.350000 	 100.000000
   44 	 -1.000000 	 94.995833 	 100.000000
   45 	 -0.500000 	 96.675000 	 100.000000
   46 	 -1.000000 	 98.316667 	 100.000000
   47 	 -1.000000 	 96.658333 	 100.000000
   48 	 100.000000 	 100.000000 	 100.000000
   49 	 -0.500000 	 98.325000 	 100.000000
   50 	 -1.000000 	 91.650000 	 100.000000
   51 	 100.000000 	 100.000000 	 100.000000
   52 	 1.000000 	 98.350000 	 100.000000
   53 	 100.000000 	 100.000000 	 100.000000
   54 	 -1.000000 	 96.644444 	 100.000000
   55 	 0.333333 	 98.338889 	 100.000000
   56 	 -0.333333 	 96.677778 	 100.000000
   57 	 -0.333333 	 96.669444 	 100.000000
   58 	 -1.000000 	 98.316667 	 100.000000
   59 	 0.500000 	 95.041667 	 100.000000
   60 	 100.000000 	 100.000000 	 100.000000
   61 	 1.000000 	 98.350000 	 100.000000
   62 	 0.500000 	 98.341667 	 100.000000
   63 	 100.000000 	 100.000000 	 100.000000
   64 	 -1.000000 	 94.983333 	 100.000000
   65 	 -1.000000 	 98.316667 	 100.000000
   66 	 1.000000 	 98.350000 	 100.000000
   67 	 100.000000 	 100.000000 	 100.000000
   68 	 -0.500000 	 94.993056 	 100.000000
   69 	 -1.000000 	 98.316667 	 100.000000
   70 	 0.333333 	 98.338889 	 100.000000
   71 	 -0.333333 	 98.327778 	 100.000000
   72 	 -0.500000 	 96.662500 	 100.000000
   73 	 0.250000 	 96.687500 	 100.000000
   74 	 -0.500000 	 98.325000 	 100.000000
   75 	 -1.000000 	 93.275000 	 100.000000
   76 	 -1.000000 	 96.655556 	 100.000000
   77 	 -0.250000 	 96.666667 	 100.000000
   78 	 100.000000 	 100.000000 	 100.000000
   79 	 -1.000000 	 98.316667 	 100.000000
 