   0 	 -1.000000 	 6.744180 	 100.000000
    1 	 -0.500000 	 88.325000 	 100.000000
    2 	 -0.500000 	 93.329167 	 100.000000
    3 	 -1.000000 	 89.991667 	 100.000000
    4 	 -1.000000 	 88.326786 	 100.000000
    5 	 -1.000000 	 86.633333 	 100.000000
    6 	 -1.000000 	 93.322222 	 100.000000
    7 	 -0.250000 	 95.018056 	 100.000000
    8 	 -1.000000 	 83.324815 	 100.000000
    9 	 -1.000000 	 90.000000 	 100.000000
   10 	 -0.500000 	 83.338657 	 100.000000
   11 	 -0.500000 	 89.997222 	 100.000000
   12 	 -1.000000 	 94.986111 	 100.000000
   13 	 -1.000000 	 80.024167 	 100.000000
   14 	 -0.500000 	 80.029167 	 100.000000
   15 	 -1.000000 	 88.330556 	 100.000000
   16 	 -1.000000 	 81.644444 	 100.000000
   17 	 -1.000000 	 83.334722 	 100.000000
   18 	 -0.500000 	 83.331944 	 100.000000
   19 	 -1.000000 	 93.333333 	 100.000000
   20 	 -1.000000 	 88.319444 	 100.000000
   21 	 -1.000000 	 78.306944 	 100.000000
   22 	 -1.000000 	 88.325000 	 100.000000
   23 	 -1.000000 	 91.638889 	 100.000000
   24 	 -1.000000 	 83.338889 	 100.000000
   25 	 -1.000000 	 91.625000 	 100.000000
   26 	 -1.000000 	 84.995833 	 100.000000
   27 	 -1.000000 	 88.315278 	 100.000000
   28 	 -1.000000 	 94.991667 	 100.000000
   29 	 -1.000000 	 89.954167 	 100.000000
   30 	 -0.500000 	 93.330556 	 100.000000
   31 	 0.250000 	 98.337500 	 100.000000
   32 	 -1.000000 	 90.000000 	 100.000000
   33 	 -1.000000 	 88.329167 	 100.000000
   34 	 -1.000000 	 88.344444 	 100.000000
   35 	 -1.000000 	 91.647222 	 100.000000
   36 	 -1.000000 	 85.016667 	 100.000000
   37 	 -0.333333 	 95.004167 	 100.000000
   38 	 -1.000000 	 88.313889 	 100.000000
   39 	 -1.000000 	 98.316667 	 100.000000
   40 	 -1.000000 	 95.004167 	 100.000000
   41 	 -1.000000 	 98.316667 	 100.000000
   42 	 -1.000000 	 89.997222 	 100.000000
   43 	 -0.500000 	 93.355556 	 100.000000
   44 	 -0.500000 	 94.991667 	 100.000000
   45 	 -0.500000 	 91.662500 	 100.000000
   46 	 -1.000000 	 86.652778 	 100.000000
   47 	 -1.000000 	 91.662500 	 100.000000
   48 	 -1.000000 	 93.333333 	 100.000000
   49 	 -0.500000 	 86.679167 	 100.000000
   50 	 -1.000000 	 98.316667 	 100.000000
   51 	 -1.000000 	 96.666667 	 100.000000
   52 	 -1.000000 	 91.683333 	 100.000000
   53 	 0.333333 	 98.338889 	 100.000000
   54 	 -1.000000 	 94.983333 	 100.000000
   55 	 -1.000000 	 94.991667 	 100.000000
   56 	 -1.000000 	 94.975000 	 100.000000
   57 	 -0.250000 	 98.329167 	 100.000000
   58 	 -0.333333 	 95.002778 	 100.000000
   59 	 100.000000 	 100.000000 	 100.000000
   60 	 -1.000000 	 93.345833 	 100.000000
   61 	 100.000000 	 100.000000 	 100.000000
   62 	 100.000000 	 100.000000 	 100.000000
   63 	 -1.000000 	 98.316667 	 100.000000
   64 	 100.000000 	 100.000000 	 100.000000
   65 	 100.000000 	 100.000000 	 100.000000
   66 	 100.000000 	 100.000000 	 100.000000
   67 	 0.333333 	 98.338889 	 100.000000
   68 	 100.000000 	 100.000000 	 100.000000
   69 	 -0.500000 	 96.666667 	 100.000000
   70 	 0.250000 	 98.337500 	 100.000000
   71 	 0.250000 	 96.687500 	 100.000000
   72 	 -1.000000 	 98.316667 	 100.000000
   73 	 100.000000 	 100.000000 	 100.000000
   74 	 100.000000 	 100.000000 	 100.000000
   75 	 -1.000000 	 96.666667 	 100.000000
   76 	 -1.000000 	 98.316667 	 100.000000
   77 	 -0.500000 	 98.325000 	 100.000000
   78 	 0.250000 	 96.687500 	 100.000000
   79 	 0.250000 	 98.337500 	 100.000000
 