   0 	 -1.000000 	 10.125697 	 100.000000
    1 	 0.250000 	 95.037500 	 100.000000
    2 	 -1.000000 	 76.678175 	 100.000000
    3 	 -0.333333 	 90.000000 	 100.000000
    4 	 -1.000000 	 83.302778 	 100.000000
    5 	 -1.000000 	 88.352778 	 100.000000
    6 	 -1.000000 	 79.987500 	 100.000000
    7 	 0.500000 	 98.341667 	 100.000000
    8 	 -1.000000 	 81.687063 	 100.000000
    9 	 -1.000000 	 93.333333 	 100.000000
   10 	 -1.000000 	 83.312500 	 100.000000
   11 	 -0.500000 	 81.682897 	 100.000000
   12 	 -0.200000 	 85.006944 	 100.000000
   13 	 -1.000000 	 80.015278 	 100.000000
   14 	 -1.000000 	 93.333333 	 100.000000
   15 	 -0.500000 	 88.358565 	 100.000000
   16 	 1.000000 	 98.350000 	 100.000000
   17 	 -1.000000 	 93.336111 	 100.000000
   18 	 -1.000000 	 94.983333 	 100.000000
   19 	 100.000000 	 100.000000 	 100.000000
   20 	 -1.000000 	 94.983333 	 100.000000
   21 	 -0.500000 	 93.333889 	 100.000000
   22 	 -0.142857 	 96.666667 	 100.000000
   23 	 100.000000 	 100.000000 	 100.000000
   24 	 -0.250000 	 96.668056 	 100.000000
   25 	 100.000000 	 100.000000 	 100.000000
   26 	 100.000000 	 100.000000 	 100.000000
   27 	 100.000000 	 100.000000 	 100.000000
   28 	 100.000000 	 100.000000 	 100.000000
   29 	 100.000000 	 100.000000 	 100.000000
   30 	 100.000000 	 100.000000 	 100.000000
   31 	 1.000000 	 98.350000 	 100.000000
   32 	 -1.000000 	 94.991667 	 100.000000
   33 	 1.000000 	 96.700000 	 100.000000
   34 	 1.000000 	 98.350000 	 100.000000
   35 	 0.333333 	 96.688889 	 100.000000
   36 	 -0.250000 	 96.666667 	 100.000000
   37 	 100.000000 	 100.000000 	 100.000000
   38 	 -1.000000 	 98.316667 	 100.000000
   39 	 -1.000000 	 98.316667 	 100.000000
   40 	 -0.250000 	 96.668056 	 100.000000
   41 	 -1.000000 	 96.666667 	 100.000000
   42 	 100.000000 	 100.000000 	 100.000000
   43 	 100.000000 	 100.000000 	 100.000000
   44 	 -0.500000 	 95.002778 	 100.000000
   45 	 -0.333333 	 96.666667 	 100.000000
   46 	 -1.000000 	 96.655556 	 100.000000
   47 	 -0.250000 	 98.329167 	 100.000000
   48 	 100.000000 	 100.000000 	 100.000000
   49 	 0.250000 	 98.337500 	 100.000000
   50 	 -0.333333 	 93.344444 	 100.000000
   51 	 -1.000000 	 94.983333 	 100.000000
   52 	 1.000000 	 95.050000 	 100.000000
   53 	 -0.250000 	 96.679167 	 100.000000
   54 	 -1.000000 	 96.666667 	 100.000000
   55 	 0.333333 	 98.338889 	 100.000000
   56 	 -1.000000 	 96.666667 	 100.000000
   57 	 100.000000 	 100.000000 	 100.000000
   58 	 100.000000 	 100.000000 	 100.000000
   59 	 0.250000 	 98.337500 	 100.000000
   60 	 100.000000 	 100.000000 	 100.000000
   61 	 1.000000 	 98.350000 	 100.000000
   62 	 -0.333333 	 98.327778 	 100.000000
   63 	 0.250000 	 98.337500 	 100.000000
   64 	 1.000000 	 98.350000 	 100.000000
   65 	 0.250000 	 96.687500 	 100.000000
   66 	 0.250000 	 98.337500 	 100.000000
   67 	 100.000000 	 100.000000 	 100.000000
   68 	 -0.250000 	 96.679167 	 100.000000
   69 	 -1.000000 	 96.633333 	 100.000000
   70 	 1.000000 	 98.350000 	 100.000000
   71 	 100.000000 	 100.000000 	 100.000000
   72 	 -1.000000 	 94.994444 	 100.000000
   73 	 100.000000 	 100.000000 	 100.000000
   74 	 100.000000 	 100.000000 	 100.000000
   75 	 -0.250000 	 98.329167 	 100.000000
   76 	 -0.250000 	 96.668056 	 100.000000
   77 	 100.000000 	 100.000000 	 100.000000
   78 	 100.000000 	 100.000000 	 100.000000
   79 	 100.000000 	 100.000000 	 100.000000
 