   0 	 -1.000000 	 3.358846 	 100.000000
    1 	 0.500000 	 96.683333 	 100.000000
    2 	 -0.500000 	 89.999603 	 100.000000
    3 	 -0.200000 	 96.666667 	 100.000000
    4 	 -1.000000 	 96.633333 	 100.000000
    5 	 -0.500000 	 88.358333 	 100.000000
    6 	 -0.250000 	 96.668056 	 100.000000
    7 	 -0.333333 	 91.674444 	 100.000000
    8 	 -0.250000 	 91.662103 	 100.000000
    9 	 -0.500000 	 94.991667 	 100.000000
   10 	 -0.250000 	 94.997222 	 100.000000
   11 	 -1.000000 	 88.331944 	 100.000000
   12 	 -0.333333 	 93.335278 	 100.000000
   13 	 -0.333333 	 96.666667 	 100.000000
   14 	 -0.500000 	 93.333333 	 100.000000
   15 	 -1.000000 	 96.641667 	 100.000000
   16 	 100.000000 	 100.000000 	 100.000000
   17 	 -1.000000 	 95.000000 	 100.000000
   18 	 0.333333 	 98.338889 	 100.000000
   19 	 -0.250000 	 93.345833 	 100.000000
   20 	 -0.142857 	 95.004167 	 100.000000
   21 	 100.000000 	 100.000000 	 100.000000
   22 	 -0.250000 	 95.020833 	 100.000000
   23 	 -1.000000 	 94.972222 	 100.000000
   24 	 0.250000 	 98.337500 	 100.000000
   25 	 1.000000 	 98.350000 	 100.000000
   26 	 -0.500000 	 98.325000 	 100.000000
   27 	 -0.333333 	 96.666667 	 100.000000
   28 	 100.000000 	 100.000000 	 100.000000
   29 	 -1.000000 	 98.316667 	 100.000000
   30 	 100.000000 	 100.000000 	 100.000000
   31 	 0.250000 	 96.687500 	 100.000000
   32 	 -1.000000 	 96.644444 	 100.000000
   33 	 100.000000 	 100.000000 	 100.000000
   34 	 -0.250000 	 98.329167 	 100.000000
   35 	 100.000000 	 100.000000 	 100.000000
   36 	 0.250000 	 96.679167 	 100.000000
   37 	 100.000000 	 100.000000 	 100.000000
   38 	 100.000000 	 100.000000 	 100.000000
   39 	 -0.250000 	 96.665278 	 100.000000
   40 	 -1.000000 	 98.316667 	 100.000000
   41 	 100.000000 	 100.000000 	 100.000000
   42 	 0.500000 	 96.691667 	 100.000000
   43 	 -0.333333 	 95.006944 	 100.000000
   44 	 100.000000 	 100.000000 	 100.000000
   45 	 -0.250000 	 96.668056 	 100.000000
   46 	 0.250000 	 96.679167 	 100.000000
   47 	 -1.000000 	 95.004167 	 100.000000
   48 	 100.000000 	 100.000000 	 100.000000
   49 	 -1.000000 	 96.645833 	 100.000000
   50 	 -1.000000 	 96.633333 	 100.000000
   51 	 100.000000 	 100.000000 	 100.000000
   52 	 -1.000000 	 98.316667 	 100.000000
   53 	 -0.250000 	 98.329167 	 100.000000
   54 	 100.000000 	 100.000000 	 100.000000
   55 	 -0.333333 	 98.327778 	 100.000000
   56 	 -0.250000 	 98.329167 	 100.000000
   57 	 -0.200000 	 96.671667 	 100.000000
   58 	 0.500000 	 98.341667 	 100.000000
   59 	 -0.500000 	 98.325000 	 100.000000
   60 	 -1.000000 	 98.316667 	 100.000000
   61 	 -0.250000 	 96.670833 	 100.000000
   62 	 100.000000 	 100.000000 	 100.000000
   63 	 0.333333 	 98.338889 	 100.000000
   64 	 100.000000 	 100.000000 	 100.000000
   65 	 -1.000000 	 94.962500 	 100.000000
   66 	 1.000000 	 98.350000 	 100.000000
   67 	 -1.000000 	 96.658333 	 100.000000
   68 	 -0.250000 	 95.008333 	 100.000000
   69 	 -1.000000 	 91.650833 	 100.000000
   70 	 100.000000 	 100.000000 	 100.000000
   71 	 100.000000 	 100.000000 	 100.000000
   72 	 100.000000 	 100.000000 	 100.000000
   73 	 0.333333 	 98.338889 	 100.000000
   74 	 100.000000 	 100.000000 	 100.000000
   75 	 -1.000000 	 96.666667 	 100.000000
   76 	 -0.250000 	 98.329167 	 100.000000
   77 	 -0.250000 	 96.668056 	 100.000000
   78 	 100.000000 	 100.000000 	 100.000000
   79 	 -0.500000 	 96.663889 	 100.000000
 