   0 	 -1.000000 	 8.343720 	 100.000000
    1 	 -1.000000 	 83.345833 	 100.000000
    2 	 -0.500000 	 89.998611 	 100.000000
    3 	 -0.333333 	 88.341667 	 100.000000
    4 	 -0.333333 	 89.998611 	 100.000000
    5 	 100.000000 	 100.000000 	 100.000000
    6 	 -1.000000 	 86.641667 	 100.000000
    7 	 -0.500000 	 83.342222 	 100.000000
    8 	 -0.250000 	 91.682778 	 100.000000
    9 	 -1.000000 	 90.012500 	 100.000000
   10 	 -0.500000 	 90.013889 	 100.000000
   11 	 -0.500000 	 98.325000 	 100.000000
   12 	 -0.250000 	 93.334722 	 100.000000
   13 	 -0.500000 	 88.336111 	 100.000000
   14 	 100.000000 	 100.000000 	 100.000000
   15 	 -0.500000 	 93.333333 	 100.000000
   16 	 -0.500000 	 94.991667 	 100.000000
   17 	 -0.500000 	 95.002778 	 100.000000
   18 	 -0.166667 	 95.016667 	 100.000000
   19 	 -0.250000 	 96.668056 	 100.000000
   20 	 100.000000 	 100.000000 	 100.000000
   21 	 -0.500000 	 96.662500 	 100.000000
   22 	 -0.500000 	 91.681944 	 100.000000
   23 	 -1.000000 	 98.316667 	 100.000000
   24 	 -0.500000 	 98.325000 	 100.000000
   25 	 1.000000 	 98.350000 	 100.000000
   26 	 -0.250000 	 98.329167 	 100.000000
   27 	 -1.000000 	 98.316667 	 100.000000
   28 	 100.000000 	 100.000000 	 100.000000
   29 	 100.000000 	 100.000000 	 100.000000
   30 	 0.333333 	 98.338889 	 100.000000
   31 	 100.000000 	 100.000000 	 100.000000
   32 	 100.000000 	 100.000000 	 100.000000
   33 	 100.000000 	 100.000000 	 100.000000
   34 	 100.000000 	 100.000000 	 100.000000
   35 	 100.000000 	 100.000000 	 100.000000
   36 	 -0.500000 	 96.666667 	 100.000000
   37 	 0.333333 	 98.338889 	 100.000000
   38 	 0.500000 	 98.341667 	 100.000000
   39 	 -1.000000 	 94.991667 	 100.000000
   40 	 -0.500000 	 93.327778 	 100.000000
   41 	 100.000000 	 100.000000 	 100.000000
   42 	 100.000000 	 100.000000 	 100.000000
   43 	 100.000000 	 100.000000 	 100.000000
   44 	 100.000000 	 100.000000 	 100.000000
   45 	 100.000000 	 100.000000 	 100.000000
   46 	 -1.000000 	 96.641667 	 100.000000
   47 	 -0.250000 	 98.329167 	 100.000000
   48 	 -0.500000 	 96.675000 	 100.000000
   49 	 0.333333 	 98.338889 	 100.000000
   50 	 0.333333 	 98.338889 	 100.000000
   51 	 100.000000 	 100.000000 	 100.000000
   52 	 -1.000000 	 96.641667 	 100.000000
   53 	 -0.250000 	 96.666667 	 100.000000
   54 	 100.000000 	 100.000000 	 100.000000
   55 	 0.333333 	 98.338889 	 100.000000
   56 	 -1.000000 	 93.322222 	 100.000000
   57 	 -1.000000 	 98.316667 	 100.000000
   58 	 0.333333 	 96.680556 	 100.000000
   59 	 100.000000 	 100.000000 	 100.000000
   60 	 -0.500000 	 98.325000 	 100.000000
   61 	 100.000000 	 100.000000 	 100.000000
   62 	 -0.500000 	 96.663889 	 100.000000
   63 	 100.000000 	 100.000000 	 100.000000
   64 	 100.000000 	 100.000000 	 100.000000
   65 	 -1.000000 	 98.316667 	 100.000000
   66 	 100.000000 	 100.000000 	 100.000000
   67 	 100.000000 	 100.000000 	 100.000000
   68 	 -1.000000 	 94.994444 	 100.000000
   69 	 0.250000 	 98.337500 	 100.000000
   70 	 -1.000000 	 93.301389 	 100.000000
   71 	 -1.000000 	 96.666667 	 100.000000
   72 	 0.250000 	 98.337500 	 100.000000
   73 	 100.000000 	 100.000000 	 100.000000
   74 	 100.000000 	 100.000000 	 100.000000
   75 	 100.000000 	 100.000000 	 100.000000
   76 	 0.333333 	 98.338889 	 100.000000
   77 	 -0.250000 	 98.329167 	 100.000000
   78 	 0.333333 	 96.688889 	 100.000000
   79 	 0.333333 	 96.688889 	 100.000000
 