   0 	 -1.000000 	 9.963815 	 100.000000
    1 	 -1.000000 	 86.666667 	 100.000000
    2 	 -1.000000 	 86.647222 	 100.000000
    3 	 -1.000000 	 98.316667 	 100.000000
    4 	 -1.000000 	 71.667500 	 100.000000
    5 	 -1.000000 	 85.015278 	 100.000000
    6 	 -1.000000 	 76.667500 	 100.000000
    7 	 -1.000000 	 91.650000 	 100.000000
    8 	 -0.500000 	 76.677222 	 100.000000
    9 	 -1.000000 	 85.008333 	 100.000000
   10 	 -1.000000 	 83.319444 	 100.000000
   11 	 -1.000000 	 90.001389 	 100.000000
   12 	 -0.500000 	 93.331944 	 100.000000
   13 	 -1.000000 	 88.316667 	 100.000000
   14 	 -1.000000 	 83.333333 	 100.000000
   15 	 -1.000000 	 86.680556 	 100.000000
   16 	 -1.000000 	 83.329167 	 100.000000
   17 	 -1.000000 	 83.358333 	 100.000000
   18 	 -1.000000 	 83.359722 	 100.000000
   19 	 -1.000000 	 80.006667 	 100.000000
   20 	 -1.000000 	 83.333333 	 100.000000
   21 	 -0.500000 	 96.663889 	 100.000000
   22 	 -1.000000 	 89.991667 	 100.000000
   23 	 -0.500000 	 91.662500 	 100.000000
   24 	 -1.000000 	 90.000000 	 100.000000
   25 	 -0.250000 	 96.665833 	 100.000000
   26 	 -1.000000 	 83.341667 	 100.000000
   27 	 -1.000000 	 85.008333 	 100.000000
   28 	 -1.000000 	 90.000000 	 100.000000
   29 	 -1.000000 	 89.997222 	 100.000000
   30 	 -0.333333 	 91.704167 	 100.000000
   31 	 100.000000 	 100.000000 	 100.000000
   32 	 100.000000 	 100.000000 	 100.000000
   33 	 -1.000000 	 88.350000 	 100.000000
   34 	 -1.000000 	 95.004167 	 100.000000
   35 	 -1.000000 	 90.001111 	 100.000000
   36 	 -1.000000 	 91.643333 	 100.000000
   37 	 -1.000000 	 83.333333 	 100.000000
   38 	 -0.500000 	 83.331944 	 100.000000
   39 	 -0.200000 	 93.355556 	 100.000000
   40 	 -1.000000 	 85.000000 	 100.000000
   41 	 -0.500000 	 86.656944 	 100.000000
   42 	 0.500000 	 96.691667 	 100.000000
   43 	 -1.000000 	 95.016667 	 100.000000
   44 	 -1.000000 	 88.388333 	 100.000000
   45 	 -1.000000 	 89.983333 	 100.000000
   46 	 -1.000000 	 88.370833 	 100.000000
   47 	 -0.200000 	 86.693889 	 100.000000
   48 	 -0.500000 	 86.676389 	 100.000000
   49 	 -0.500000 	 93.354167 	 100.000000
   50 	 -0.250000 	 96.679167 	 100.000000
   51 	 -1.000000 	 93.358333 	 100.000000
   52 	 0.500000 	 96.683333 	 100.000000
   53 	 -0.333333 	 90.009722 	 100.000000
   54 	 -1.000000 	 94.983333 	 100.000000
   55 	 -0.500000 	 93.366667 	 100.000000
   56 	 1.000000 	 98.350000 	 100.000000
   57 	 1.000000 	 96.700000 	 100.000000
   58 	 -0.333333 	 96.666667 	 100.000000
   59 	 100.000000 	 100.000000 	 100.000000
   60 	 0.250000 	 98.337500 	 100.000000
   61 	 0.250000 	 98.337500 	 100.000000
   62 	 100.000000 	 100.000000 	 100.000000
   63 	 -1.000000 	 95.004167 	 100.000000
   64 	 100.000000 	 100.000000 	 100.000000
   65 	 -0.200000 	 98.330000 	 100.000000
   66 	 100.000000 	 100.000000 	 100.000000
   67 	 -0.200000 	 98.330000 	 100.000000
   68 	 100.000000 	 100.000000 	 100.000000
   69 	 -0.250000 	 95.008333 	 100.000000
   70 	 -0.250000 	 98.329167 	 100.000000
   71 	 -1.000000 	 96.658333 	 100.000000
   72 	 1.000000 	 96.700000 	 100.000000
   73 	 100.000000 	 100.000000 	 100.000000
   74 	 0.500000 	 98.341667 	 100.000000
   75 	 100.000000 	 100.000000 	 100.000000
   76 	 0.500000 	 98.341667 	 100.000000
   77 	 1.000000 	 98.350000 	 100.000000
   78 	 100.000000 	 100.000000 	 100.000000
   79 	 0.500000 	 98.341667 	 100.000000
 