   0 	 -1.000000 	 8.267137 	 100.000000
    1 	 -1.000000 	 90.020000 	 100.000000
    2 	 -1.000000 	 74.989722 	 100.000000
    3 	 -1.000000 	 83.309722 	 100.000000
    4 	 -1.000000 	 88.344444 	 100.000000
    5 	 -1.000000 	 86.655556 	 100.000000
    6 	 -1.000000 	 84.983333 	 100.000000
    7 	 -1.000000 	 88.319444 	 100.000000
    8 	 -1.000000 	 89.997222 	 100.000000
    9 	 -1.000000 	 88.312500 	 100.000000
   10 	 100.000000 	 100.000000 	 100.000000
   11 	 -1.000000 	 85.016667 	 100.000000
   12 	 -0.500000 	 94.994444 	 100.000000
   13 	 -1.000000 	 88.319974 	 100.000000
   14 	 -0.250000 	 94.996667 	 100.000000
   15 	 -0.500000 	 78.347619 	 100.000000
   16 	 -1.000000 	 94.983333 	 100.000000
   17 	 -0.500000 	 93.333333 	 100.000000
   18 	 -0.500000 	 90.008889 	 100.000000
   19 	 -1.000000 	 85.008730 	 100.000000
   20 	 -0.500000 	 76.680556 	 100.000000
   21 	 -1.000000 	 94.991667 	 100.000000
   22 	 -0.500000 	 91.644444 	 100.000000
   23 	 -0.500000 	 90.009722 	 100.000000
   24 	 -1.000000 	 79.975000 	 100.000000
   25 	 -1.000000 	 75.005833 	 100.000000
   26 	 -1.000000 	 86.675000 	 100.000000
   27 	 -1.000000 	 81.650000 	 100.000000
   28 	 -1.000000 	 84.995278 	 100.000000
   29 	 -0.250000 	 96.666667 	 100.000000
   30 	 -1.000000 	 86.662500 	 100.000000
   31 	 -1.000000 	 91.661111 	 100.000000
   32 	 -1.000000 	 88.350000 	 100.000000
   33 	 -0.333333 	 95.006944 	 100.000000
   34 	 -1.000000 	 88.325000 	 100.000000
   35 	 -1.000000 	 96.654167 	 100.000000
   36 	 -1.000000 	 91.651389 	 100.000000
   37 	 -1.000000 	 94.983333 	 100.000000
   38 	 -1.000000 	 94.983333 	 100.000000
   39 	 -0.250000 	 94.997222 	 100.000000
   40 	 -1.000000 	 93.333333 	 100.000000
   41 	 -1.000000 	 93.333333 	 100.000000
   42 	 -1.000000 	 91.648611 	 100.000000
   43 	 -1.000000 	 90.008333 	 100.000000
   44 	 -0.333333 	 96.657778 	 100.000000
   45 	 -0.500000 	 96.675000 	 100.000000
   46 	 -1.000000 	 93.333333 	 100.000000
   47 	 100.000000 	 100.000000 	 100.000000
   48 	 -1.000000 	 96.666667 	 100.000000
   49 	 -0.250000 	 93.358333 	 100.000000
   50 	 -1.000000 	 94.983333 	 100.000000
   51 	 -0.333333 	 91.661111 	 100.000000
   52 	 -0.250000 	 93.338333 	 100.000000
   53 	 0.250000 	 98.337500 	 100.000000
   54 	 -1.000000 	 93.341667 	 100.000000
   55 	 -1.000000 	 94.970833 	 100.000000
   56 	 100.000000 	 100.000000 	 100.000000
   57 	 0.500000 	 98.341667 	 100.000000
   58 	 -0.333333 	 96.666667 	 100.000000
   59 	 -1.000000 	 98.316667 	 100.000000
   60 	 -1.000000 	 94.983333 	 100.000000
   61 	 100.000000 	 100.000000 	 100.000000
   62 	 -0.250000 	 98.329167 	 100.000000
   63 	 -1.000000 	 98.316667 	 100.000000
   64 	 -0.250000 	 95.008333 	 100.000000
   65 	 -0.333333 	 96.677778 	 100.000000
   66 	 100.000000 	 100.000000 	 100.000000
   67 	 -1.000000 	 96.633333 	 100.000000
   68 	 -1.000000 	 98.316667 	 100.000000
   69 	 -1.000000 	 96.654167 	 100.000000
   70 	 -0.200000 	 96.667500 	 100.000000
   71 	 -0.250000 	 96.666667 	 100.000000
   72 	 100.000000 	 100.000000 	 100.000000
   73 	 -0.500000 	 96.654167 	 100.000000
   74 	 -0.200000 	 98.330000 	 100.000000
   75 	 -1.000000 	 96.646667 	 100.000000
   76 	 -1.000000 	 94.963333 	 100.000000
   77 	 100.000000 	 100.000000 	 100.000000
   78 	 -1.000000 	 96.666667 	 100.000000
   79 	 100.000000 	 100.000000 	 100.000000
 