   0 	 -1.000000 	 11.633050 	 100.000000
    1 	 -0.500000 	 85.015437 	 100.000000
    2 	 -1.000000 	 93.345833 	 100.000000
    3 	 -1.000000 	 90.000000 	 100.000000
    4 	 -0.500000 	 83.338194 	 100.000000
    5 	 -0.500000 	 83.337500 	 100.000000
    6 	 -0.500000 	 89.997222 	 100.000000
    7 	 -0.500000 	 93.341667 	 100.000000
    8 	 -1.000000 	 85.018056 	 100.000000
    9 	 -0.333333 	 96.665278 	 100.000000
   10 	 -0.333333 	 91.661111 	 100.000000
   11 	 -1.000000 	 88.316964 	 100.000000
   12 	 -0.500000 	 93.341667 	 100.000000
   13 	 -0.500000 	 94.981944 	 100.000000
   14 	 -0.250000 	 98.329167 	 100.000000
   15 	 100.000000 	 100.000000 	 100.000000
   16 	 100.000000 	 100.000000 	 100.000000
   17 	 100.000000 	 100.000000 	 100.000000
   18 	 0.250000 	 95.025000 	 100.000000
   19 	 1.000000 	 98.350000 	 100.000000
   20 	 -0.125000 	 96.681250 	 100.000000
   21 	 -1.000000 	 98.316667 	 100.000000
   22 	 -0.250000 	 96.666667 	 100.000000
   23 	 100.000000 	 100.000000 	 100.000000
   24 	 100.000000 	 100.000000 	 100.000000
   25 	 100.000000 	 100.000000 	 100.000000
   26 	 1.000000 	 96.700000 	 100.000000
   27 	 100.000000 	 100.000000 	 100.000000
   28 	 100.000000 	 100.000000 	 100.000000
   29 	 -0.333333 	 98.327778 	 100.000000
   30 	 1.000000 	 98.350000 	 100.000000
   31 	 1.000000 	 98.350000 	 100.000000
   32 	 100.000000 	 100.000000 	 100.000000
   33 	 100.000000 	 100.000000 	 100.000000
   34 	 1.000000 	 96.700000 	 100.000000
   35 	 0.250000 	 98.337500 	 100.000000
   36 	 -0.333333 	 98.327778 	 100.000000
   37 	 -1.000000 	 94.993056 	 100.000000
   38 	 -1.000000 	 98.316667 	 100.000000
   39 	 100.000000 	 100.000000 	 100.000000
   40 	 -1.000000 	 96.644444 	 100.000000
   41 	 0.250000 	 95.026389 	 100.000000
   42 	 100.000000 	 100.000000 	 100.000000
   43 	 -1.000000 	 98.316667 	 100.000000
   44 	 -0.250000 	 98.329167 	 100.000000
   45 	 1.000000 	 98.350000 	 100.000000
   46 	 -0.250000 	 98.329167 	 100.000000
   47 	 -1.000000 	 98.316667 	 100.000000
   48 	 -0.333333 	 96.677778 	 100.000000
   49 	 -0.500000 	 96.662500 	 100.000000
   50 	 0.250000 	 96.687500 	 100.000000
   51 	 100.000000 	 100.000000 	 100.000000
   52 	 -0.250000 	 98.329167 	 100.000000
   53 	 0.250000 	 98.337500 	 100.000000
   54 	 0.250000 	 98.337500 	 100.000000
   55 	 -1.000000 	 98.316667 	 100.000000
   56 	 -1.000000 	 96.633333 	 100.000000
   57 	 -1.000000 	 98.316667 	 100.000000
   58 	 -0.333333 	 96.656944 	 100.000000
   59 	 -0.250000 	 98.329167 	 100.000000
   60 	 0.333333 	 96.688889 	 100.000000
   61 	 100.000000 	 100.000000 	 100.000000
   62 	 1.000000 	 98.350000 	 100.000000
   63 	 -0.500000 	 96.662500 	 100.000000
   64 	 -0.200000 	 98.330000 	 100.000000
   65 	 -0.333333 	 96.656944 	 100.000000
   66 	 -1.000000 	 96.666667 	 100.000000
   67 	 1.000000 	 98.350000 	 100.000000
   68 	 100.000000 	 100.000000 	 100.000000
   69 	 100.000000 	 100.000000 	 100.000000
   70 	 100.000000 	 100.000000 	 100.000000
   71 	 -1.000000 	 96.666667 	 100.000000
   72 	 1.000000 	 98.350000 	 100.000000
   73 	 -1.000000 	 94.981944 	 100.000000
   74 	 100.000000 	 100.000000 	 100.000000
   75 	 100.000000 	 100.000000 	 100.000000
   76 	 -1.000000 	 95.016667 	 100.000000
   77 	 100.000000 	 100.000000 	 100.000000
   78 	 -1.000000 	 98.316667 	 100.000000
   79 	 100.000000 	 100.000000 	 100.000000
 