   0 	 -1.000000 	 6.573297 	 100.000000
    1 	 -1.000000 	 83.325000 	 100.000000
    2 	 -1.000000 	 74.980556 	 100.000000
    3 	 -1.000000 	 73.350000 	 100.000000
    4 	 -1.000000 	 85.008333 	 100.000000
    5 	 -0.333333 	 95.016667 	 100.000000
    6 	 -1.000000 	 96.658333 	 100.000000
    7 	 -0.500000 	 89.999603 	 100.000000
    8 	 -1.000000 	 83.308333 	 100.000000
    9 	 0.333333 	 95.027778 	 100.000000
   10 	 -0.500000 	 94.991667 	 100.000000
   11 	 -1.000000 	 88.316667 	 100.000000
   12 	 -1.000000 	 84.994444 	 100.000000
   13 	 -0.250000 	 98.329167 	 100.000000
   14 	 -0.500000 	 96.666667 	 100.000000
   15 	 -0.250000 	 98.329167 	 100.000000
   16 	 0.250000 	 96.676389 	 100.000000
   17 	 100.000000 	 100.000000 	 100.000000
   18 	 1.000000 	 98.350000 	 100.000000
   19 	 0.166667 	 98.336111 	 100.000000
   20 	 -1.000000 	 93.330556 	 100.000000
   21 	 -1.000000 	 94.995833 	 100.000000
   22 	 -0.333333 	 96.677778 	 100.000000
   23 	 -1.000000 	 96.666667 	 100.000000
   24 	 100.000000 	 100.000000 	 100.000000
   25 	 -1.000000 	 98.316667 	 100.000000
   26 	 100.000000 	 100.000000 	 100.000000
   27 	 -0.250000 	 98.329167 	 100.000000
   28 	 -0.250000 	 98.329167 	 100.000000
   29 	 0.333333 	 98.338889 	 100.000000
   30 	 -0.250000 	 96.668056 	 100.000000
   31 	 1.000000 	 98.350000 	 100.000000
   32 	 -1.000000 	 96.645833 	 100.000000
   33 	 0.250000 	 95.016667 	 100.000000
   34 	 0.500000 	 98.341667 	 100.000000
   35 	 100.000000 	 100.000000 	 100.000000
   36 	 -0.500000 	 96.652778 	 100.000000
   37 	 100.000000 	 100.000000 	 100.000000
   38 	 -0.500000 	 98.325000 	 100.000000
   39 	 0.500000 	 98.341667 	 100.000000
   40 	 100.000000 	 100.000000 	 100.000000
   41 	 0.333333 	 98.338889 	 100.000000
   42 	 100.000000 	 100.000000 	 100.000000
   43 	 0.500000 	 95.041667 	 100.000000
   44 	 -0.250000 	 98.329167 	 100.000000
   45 	 0.333333 	 98.338889 	 100.000000
   46 	 100.000000 	 100.000000 	 100.000000
   47 	 100.000000 	 100.000000 	 100.000000
   48 	 -0.333333 	 93.354167 	 100.000000
   49 	 0.333333 	 96.677778 	 100.000000
   50 	 0.250000 	 95.018056 	 100.000000
   51 	 -0.250000 	 96.668056 	 100.000000
   52 	 -0.250000 	 96.666667 	 100.000000
   53 	 100.000000 	 100.000000 	 100.000000
   54 	 1.000000 	 98.350000 	 100.000000
   55 	 -0.500000 	 96.666667 	 100.000000
   56 	 -1.000000 	 94.983333 	 100.000000
   57 	 -0.500000 	 98.325000 	 100.000000
   58 	 100.000000 	 100.000000 	 100.000000
   59 	 100.000000 	 100.000000 	 100.000000
   60 	 -1.000000 	 94.961111 	 100.000000
   61 	 100.000000 	 100.000000 	 100.000000
   62 	 100.000000 	 100.000000 	 100.000000
   63 	 0.500000 	 98.341667 	 100.000000
   64 	 -0.500000 	 95.004167 	 100.000000
   65 	 0.333333 	 96.680556 	 100.000000
   66 	 -0.250000 	 95.018056 	 100.000000
   67 	 100.000000 	 100.000000 	 100.000000
   68 	 0.333333 	 95.030556 	 100.000000
   69 	 -1.000000 	 94.970833 	 100.000000
   70 	 -0.250000 	 98.329167 	 100.000000
   71 	 1.000000 	 98.350000 	 100.000000
   72 	 -1.000000 	 98.316667 	 100.000000
   73 	 100.000000 	 100.000000 	 100.000000
   74 	 -0.250000 	 98.329167 	 100.000000
   75 	 -1.000000 	 98.316667 	 100.000000
   76 	 -0.333333 	 95.015278 	 100.000000
   77 	 1.000000 	 98.350000 	 100.000000
   78 	 0.500000 	 98.341667 	 100.000000
   79 	 -1.000000 	 98.316667 	 100.000000
 