   0 	 -1.000000 	 8.240952 	 100.000000
    1 	 -0.200000 	 85.038730 	 100.000000
    2 	 -0.500000 	 90.007778 	 100.000000
    3 	 -1.000000 	 84.983036 	 100.000000
    4 	 -1.000000 	 83.338889 	 100.000000
    5 	 -0.333333 	 90.006944 	 100.000000
    6 	 100.000000 	 100.000000 	 100.000000
    7 	 -0.250000 	 95.029167 	 100.000000
    8 	 -1.000000 	 81.646528 	 100.000000
    9 	 -0.250000 	 96.666667 	 100.000000
   10 	 -0.250000 	 93.333333 	 100.000000
   11 	 -1.000000 	 86.665833 	 100.000000
   12 	 -1.000000 	 93.325000 	 100.000000
   13 	 -0.333333 	 93.331944 	 100.000000
   14 	 -0.500000 	 91.661944 	 100.000000
   15 	 0.250000 	 98.337500 	 100.000000
   16 	 -1.000000 	 88.317778 	 100.000000
   17 	 -0.250000 	 96.666667 	 100.000000
   18 	 1.000000 	 98.350000 	 100.000000
   19 	 -1.000000 	 98.316667 	 100.000000
   20 	 100.000000 	 100.000000 	 100.000000
   21 	 -0.250000 	 96.679167 	 100.000000
   22 	 -0.250000 	 98.329167 	 100.000000
   23 	 -0.500000 	 98.325000 	 100.000000
   24 	 -0.333333 	 95.008333 	 100.000000
   25 	 -0.500000 	 96.666667 	 100.000000
   26 	 -0.333333 	 96.665278 	 100.000000
   27 	 -0.500000 	 96.652778 	 100.000000
   28 	 -0.500000 	 83.341667 	 100.000000
   29 	 -0.200000 	 96.666667 	 100.000000
   30 	 -1.000000 	 89.986944 	 100.000000
   31 	 -0.500000 	 91.670833 	 100.000000
   32 	 -1.000000 	 89.933333 	 100.000000
   33 	 -1.000000 	 98.316667 	 100.000000
   34 	 100.000000 	 100.000000 	 100.000000
   35 	 -1.000000 	 95.008333 	 100.000000
   36 	 -0.333333 	 98.327778 	 100.000000
   37 	 -1.000000 	 94.961111 	 100.000000
   38 	 -0.250000 	 98.329167 	 100.000000
   39 	 -1.000000 	 98.316667 	 100.000000
   40 	 100.000000 	 100.000000 	 100.000000
   41 	 0.250000 	 98.337500 	 100.000000
   42 	 100.000000 	 100.000000 	 100.000000
   43 	 -1.000000 	 91.687500 	 100.000000
   44 	 100.000000 	 100.000000 	 100.000000
   45 	 100.000000 	 100.000000 	 100.000000
   46 	 100.000000 	 100.000000 	 100.000000
   47 	 0.500000 	 98.341667 	 100.000000
   48 	 0.500000 	 98.341667 	 100.000000
   49 	 100.000000 	 100.000000 	 100.000000
   50 	 -1.000000 	 96.633333 	 100.000000
   51 	 0.250000 	 96.679167 	 100.000000
   52 	 0.250000 	 98.337500 	 100.000000
   53 	 1.000000 	 98.350000 	 100.000000
   54 	 100.000000 	 100.000000 	 100.000000
   55 	 -0.333333 	 98.327778 	 100.000000
   56 	 100.000000 	 100.000000 	 100.000000
   57 	 100.000000 	 100.000000 	 100.000000
   58 	 -0.333333 	 96.677778 	 100.000000
   59 	 -0.500000 	 98.325000 	 100.000000
   60 	 100.000000 	 100.000000 	 100.000000
   61 	 -0.250000 	 98.329167 	 100.000000
   62 	 -0.333333 	 98.327778 	 100.000000
   63 	 0.500000 	 98.341667 	 100.000000
   64 	 0.250000 	 98.337500 	 100.000000
   65 	 100.000000 	 100.000000 	 100.000000
   66 	 -0.250000 	 98.329167 	 100.000000
   67 	 100.000000 	 100.000000 	 100.000000
   68 	 1.000000 	 98.350000 	 100.000000
   69 	 -1.000000 	 98.316667 	 100.000000
   70 	 -1.000000 	 98.316667 	 100.000000
   71 	 100.000000 	 100.000000 	 100.000000
   72 	 100.000000 	 100.000000 	 100.000000
   73 	 100.000000 	 100.000000 	 100.000000
   74 	 100.000000 	 100.000000 	 100.000000
   75 	 100.000000 	 100.000000 	 100.000000
   76 	 -0.333333 	 98.327778 	 100.000000
   77 	 -1.000000 	 98.316667 	 100.000000
   78 	 100.000000 	 100.000000 	 100.000000
   79 	 0.250000 	 98.337500 	 100.000000
 