   0 	 -1.000000 	 6.717573 	 100.000000
    1 	 -1.000000 	 81.652778 	 100.000000
    2 	 -0.500000 	 93.341667 	 100.000000
    3 	 -0.333333 	 91.686111 	 100.000000
    4 	 -0.500000 	 73.339676 	 100.000000
    5 	 -1.000000 	 86.691667 	 100.000000
    6 	 -1.000000 	 93.336111 	 100.000000
    7 	 -1.000000 	 91.641667 	 100.000000
    8 	 -1.000000 	 91.649167 	 100.000000
    9 	 -1.000000 	 91.641111 	 100.000000
   10 	 -0.333333 	 91.674603 	 100.000000
   11 	 -0.500000 	 91.691667 	 100.000000
   12 	 -0.166667 	 96.666667 	 100.000000
   13 	 -1.000000 	 93.333333 	 100.000000
   14 	 -1.000000 	 91.695833 	 100.000000
   15 	 100.000000 	 100.000000 	 100.000000
   16 	 -1.000000 	 94.983333 	 100.000000
   17 	 -1.000000 	 93.311111 	 100.000000
   18 	 100.000000 	 100.000000 	 100.000000
   19 	 -1.000000 	 96.645833 	 100.000000
   20 	 -0.333333 	 98.327778 	 100.000000
   21 	 100.000000 	 100.000000 	 100.000000
   22 	 -0.500000 	 95.005556 	 100.000000
   23 	 -1.000000 	 95.004167 	 100.000000
   24 	 0.250000 	 96.687500 	 100.000000
   25 	 -1.000000 	 96.666667 	 100.000000
   26 	 -0.333333 	 98.327778 	 100.000000
   27 	 1.000000 	 98.350000 	 100.000000
   28 	 -0.142857 	 95.022619 	 100.000000
   29 	 100.000000 	 100.000000 	 100.000000
   30 	 0.250000 	 98.337500 	 100.000000
   31 	 -0.250000 	 96.679167 	 100.000000
   32 	 100.000000 	 100.000000 	 100.000000
   33 	 100.000000 	 100.000000 	 100.000000
   34 	 1.000000 	 98.350000 	 100.000000
   35 	 -1.000000 	 94.991667 	 100.000000
   36 	 -0.333333 	 98.327778 	 100.000000
   37 	 -0.333333 	 98.327778 	 100.000000
   38 	 -0.333333 	 95.015278 	 100.000000
   39 	 1.000000 	 98.350000 	 100.000000
   40 	 -0.333333 	 93.366667 	 100.000000
   41 	 -1.000000 	 96.658333 	 100.000000
   42 	 0.500000 	 98.341667 	 100.000000
   43 	 0.333333 	 98.338889 	 100.000000
   44 	 0.250000 	 95.016667 	 100.000000
   45 	 100.000000 	 100.000000 	 100.000000
   46 	 100.000000 	 100.000000 	 100.000000
   47 	 1.000000 	 98.350000 	 100.000000
   48 	 1.000000 	 98.350000 	 100.000000
   49 	 -0.333333 	 96.655556 	 100.000000
   50 	 0.200000 	 98.336667 	 100.000000
   51 	 0.200000 	 98.336667 	 100.000000
   52 	 -0.250000 	 98.329167 	 100.000000
   53 	 -0.333333 	 98.327778 	 100.000000
   54 	 1.000000 	 98.350000 	 100.000000
   55 	 100.000000 	 100.000000 	 100.000000
   56 	 -0.333333 	 98.327778 	 100.000000
   57 	 0.500000 	 98.341667 	 100.000000
   58 	 -0.333333 	 96.669444 	 100.000000
   59 	 100.000000 	 100.000000 	 100.000000
   60 	 100.000000 	 100.000000 	 100.000000
   61 	 100.000000 	 100.000000 	 100.000000
   62 	 100.000000 	 100.000000 	 100.000000
   63 	 1.000000 	 98.350000 	 100.000000
   64 	 100.000000 	 100.000000 	 100.000000
   65 	 -1.000000 	 98.316667 	 100.000000
   66 	 -0.333333 	 94.993611 	 100.000000
   67 	 100.000000 	 100.000000 	 100.000000
   68 	 1.000000 	 98.350000 	 100.000000
   69 	 100.000000 	 100.000000 	 100.000000
   70 	 1.000000 	 98.350000 	 100.000000
   71 	 100.000000 	 100.000000 	 100.000000
   72 	 0.500000 	 96.691667 	 100.000000
   73 	 -0.333333 	 98.327778 	 100.000000
   74 	 0.200000 	 96.675556 	 100.000000
   75 	 -0.333333 	 98.327778 	 100.000000
   76 	 -1.000000 	 94.994444 	 100.000000
   77 	 0.333333 	 96.688889 	 100.000000
   78 	 100.000000 	 100.000000 	 100.000000
   79 	 1.000000 	 98.350000 	 100.000000
 