   0 	 -1.000000 	 11.691535 	 100.000000
    1 	 -1.000000 	 83.333333 	 100.000000
    2 	 -0.500000 	 81.666667 	 100.000000
    3 	 -1.000000 	 90.008333 	 100.000000
    4 	 -0.333333 	 90.021389 	 100.000000
    5 	 -1.000000 	 80.000000 	 100.000000
    6 	 -1.000000 	 89.975000 	 100.000000
    7 	 -0.500000 	 83.331944 	 100.000000
    8 	 -0.500000 	 90.000000 	 100.000000
    9 	 -1.000000 	 91.683333 	 100.000000
   10 	 -1.000000 	 84.983333 	 100.000000
   11 	 -0.500000 	 81.679722 	 100.000000
   12 	 -0.500000 	 83.364074 	 100.000000
   13 	 -0.333333 	 83.337142 	 100.000000
   14 	 -0.333333 	 95.015278 	 100.000000
   15 	 -1.000000 	 93.324167 	 100.000000
   16 	 -0.142857 	 95.017063 	 100.000000
   17 	 -1.000000 	 86.655556 	 100.000000
   18 	 -0.500000 	 94.993889 	 100.000000
   19 	 -1.000000 	 90.000000 	 100.000000
   20 	 -0.500000 	 93.333333 	 100.000000
   21 	 -1.000000 	 91.647222 	 100.000000
   22 	 -1.000000 	 93.325000 	 100.000000
   23 	 -0.500000 	 93.333333 	 100.000000
   24 	 -1.000000 	 91.645833 	 100.000000
   25 	 -0.500000 	 96.663889 	 100.000000
   26 	 1.000000 	 98.350000 	 100.000000
   27 	 -1.000000 	 93.308333 	 100.000000
   28 	 -1.000000 	 86.679167 	 100.000000
   29 	 -1.000000 	 93.332500 	 100.000000
   30 	 -1.000000 	 96.666667 	 100.000000
   31 	 -0.200000 	 93.359167 	 100.000000
   32 	 100.000000 	 100.000000 	 100.000000
   33 	 100.000000 	 100.000000 	 100.000000
   34 	 -0.250000 	 96.679167 	 100.000000
   35 	 -0.250000 	 94.995833 	 100.000000
   36 	 -1.000000 	 96.641667 	 100.000000
   37 	 -1.000000 	 98.316667 	 100.000000
   38 	 100.000000 	 100.000000 	 100.000000
   39 	 1.000000 	 98.350000 	 100.000000
   40 	 100.000000 	 100.000000 	 100.000000
   41 	 1.000000 	 98.350000 	 100.000000
   42 	 -0.500000 	 98.325000 	 100.000000
   43 	 -1.000000 	 94.995833 	 100.000000
   44 	 0.500000 	 98.341667 	 100.000000
   45 	 100.000000 	 100.000000 	 100.000000
   46 	 -1.000000 	 93.337500 	 100.000000
   47 	 100.000000 	 100.000000 	 100.000000
   48 	 0.200000 	 98.336667 	 100.000000
   49 	 -0.200000 	 98.330000 	 100.000000
   50 	 -0.200000 	 96.680000 	 100.000000
   51 	 100.000000 	 100.000000 	 100.000000
   52 	 100.000000 	 100.000000 	 100.000000
   53 	 -0.500000 	 96.650000 	 100.000000
   54 	 -0.333333 	 98.327778 	 100.000000
   55 	 1.000000 	 98.350000 	 100.000000
   56 	 -1.000000 	 98.316667 	 100.000000
   57 	 0.200000 	 95.028333 	 100.000000
   58 	 -1.000000 	 98.316667 	 100.000000
   59 	 -1.000000 	 98.316667 	 100.000000
   60 	 1.000000 	 98.350000 	 100.000000
   61 	 -0.250000 	 96.670833 	 100.000000
   62 	 -0.500000 	 95.008333 	 100.000000
   63 	 1.000000 	 98.350000 	 100.000000
   64 	 -0.200000 	 93.355556 	 100.000000
   65 	 -0.500000 	 96.654167 	 100.000000
   66 	 100.000000 	 100.000000 	 100.000000
   67 	 -1.000000 	 96.658333 	 100.000000
   68 	 -0.500000 	 96.666667 	 100.000000
   69 	 1.000000 	 98.350000 	 100.000000
   70 	 -1.000000 	 93.308333 	 100.000000
   71 	 100.000000 	 100.000000 	 100.000000
   72 	 -0.500000 	 98.325000 	 100.000000
   73 	 100.000000 	 100.000000 	 100.000000
   74 	 -1.000000 	 96.658333 	 100.000000
   75 	 -1.000000 	 98.316667 	 100.000000
   76 	 100.000000 	 100.000000 	 100.000000
   77 	 0.200000 	 95.020000 	 100.000000
   78 	 0.200000 	 98.336667 	 100.000000
   79 	 1.000000 	 98.350000 	 100.000000
 