   0 	 -1.000000 	 3.349360 	 100.000000
    1 	 -1.000000 	 93.319048 	 100.000000
    2 	 -1.000000 	 88.300000 	 100.000000
    3 	 -1.000000 	 86.669444 	 100.000000
    4 	 100.000000 	 100.000000 	 100.000000
    5 	 -1.000000 	 96.666667 	 100.000000
    6 	 -1.000000 	 86.666667 	 100.000000
    7 	 -1.000000 	 86.650000 	 100.000000
    8 	 -1.000000 	 91.636111 	 100.000000
    9 	 -1.000000 	 83.358333 	 100.000000
   10 	 -1.000000 	 96.666667 	 100.000000
   11 	 -1.000000 	 88.338889 	 100.000000
   12 	 -1.000000 	 91.675000 	 100.000000
   13 	 -0.500000 	 96.663889 	 100.000000
   14 	 0.250000 	 98.337500 	 100.000000
   15 	 0.250000 	 98.337500 	 100.000000
   16 	 -1.000000 	 93.354167 	 100.000000
   17 	 100.000000 	 100.000000 	 100.000000
   18 	 -0.333333 	 95.008333 	 100.000000
   19 	 100.000000 	 100.000000 	 100.000000
   20 	 -0.333333 	 96.666667 	 100.000000
   21 	 -0.500000 	 91.686111 	 100.000000
   22 	 100.000000 	 100.000000 	 100.000000
   23 	 -1.000000 	 96.666667 	 100.000000
   24 	 -0.500000 	 95.005556 	 100.000000
   25 	 -0.500000 	 98.325000 	 100.000000
   26 	 -0.500000 	 98.325000 	 100.000000
   27 	 -1.000000 	 94.995833 	 100.000000
   28 	 -1.000000 	 93.345833 	 100.000000
   29 	 -1.000000 	 93.333333 	 100.000000
   30 	 -0.500000 	 94.995833 	 100.000000
   31 	 -0.333333 	 96.666667 	 100.000000
   32 	 -1.000000 	 95.000000 	 100.000000
   33 	 -0.500000 	 96.666667 	 100.000000
   34 	 -1.000000 	 96.666667 	 100.000000
   35 	 -1.000000 	 86.654167 	 100.000000
   36 	 100.000000 	 100.000000 	 100.000000
   37 	 0.250000 	 95.013889 	 100.000000
   38 	 -0.500000 	 96.675000 	 100.000000
   39 	 100.000000 	 100.000000 	 100.000000
   40 	 100.000000 	 100.000000 	 100.000000
   41 	 1.000000 	 98.350000 	 100.000000
   42 	 -1.000000 	 98.316667 	 100.000000
   43 	 1.000000 	 98.350000 	 100.000000
   44 	 -0.500000 	 96.675000 	 100.000000
   45 	 -0.200000 	 96.680000 	 100.000000
   46 	 -1.000000 	 98.316667 	 100.000000
   47 	 100.000000 	 100.000000 	 100.000000
   48 	 -0.500000 	 98.325000 	 100.000000
   49 	 0.500000 	 98.341667 	 100.000000
   50 	 -0.500000 	 95.016667 	 100.000000
   51 	 -0.250000 	 96.664583 	 100.000000
   52 	 -0.500000 	 95.025000 	 100.000000
   53 	 0.250000 	 98.337500 	 100.000000
   54 	 0.333333 	 98.338889 	 100.000000
   55 	 1.000000 	 98.350000 	 100.000000
   56 	 0.500000 	 98.341667 	 100.000000
   57 	 -1.000000 	 96.654167 	 100.000000
   58 	 0.500000 	 96.691667 	 100.000000
   59 	 1.000000 	 98.350000 	 100.000000
   60 	 1.000000 	 98.350000 	 100.000000
   61 	 -0.500000 	 98.325000 	 100.000000
   62 	 100.000000 	 100.000000 	 100.000000
   63 	 1.000000 	 98.350000 	 100.000000
   64 	 100.000000 	 100.000000 	 100.000000
   65 	 -1.000000 	 96.654167 	 100.000000
   66 	 -1.000000 	 95.005556 	 100.000000
   67 	 0.250000 	 96.676389 	 100.000000
   68 	 -0.250000 	 98.329167 	 100.000000
   69 	 -0.500000 	 96.675000 	 100.000000
   70 	 1.000000 	 96.700000 	 100.000000
   71 	 -0.250000 	 98.329167 	 100.000000
   72 	 -0.500000 	 98.325000 	 100.000000
   73 	 1.000000 	 98.350000 	 100.000000
   74 	 0.500000 	 98.341667 	 100.000000
   75 	 100.000000 	 100.000000 	 100.000000
   76 	 100.000000 	 100.000000 	 100.000000
   77 	 0.500000 	 98.341667 	 100.000000
   78 	 0.500000 	 98.341667 	 100.000000
   79 	 -0.333333 	 98.327778 	 100.000000
 