   0 	 -1.000000 	 10.010565 	 100.000000
    1 	 -1.000000 	 89.982500 	 100.000000
    2 	 -1.000000 	 83.308333 	 100.000000
    3 	 -1.000000 	 91.675000 	 100.000000
    4 	 -1.000000 	 84.994444 	 100.000000
    5 	 -1.000000 	 80.000000 	 100.000000
    6 	 -0.250000 	 93.333333 	 100.000000
    7 	 -1.000000 	 91.661111 	 100.000000
    8 	 -0.500000 	 81.670833 	 100.000000
    9 	 -1.000000 	 86.633333 	 100.000000
   10 	 -1.000000 	 88.348611 	 100.000000
   11 	 -1.000000 	 83.337500 	 100.000000
   12 	 -0.500000 	 96.650000 	 100.000000
   13 	 -1.000000 	 84.979563 	 100.000000
   14 	 -0.333333 	 89.998611 	 100.000000
   15 	 -0.125000 	 91.683333 	 100.000000
   16 	 -1.000000 	 94.983333 	 100.000000
   17 	 -1.000000 	 98.316667 	 100.000000
   18 	 -0.500000 	 91.662500 	 100.000000
   19 	 -1.000000 	 86.657937 	 100.000000
   20 	 -0.250000 	 96.666667 	 100.000000
   21 	 -0.333333 	 94.994444 	 100.000000
   22 	 -0.500000 	 96.675000 	 100.000000
   23 	 -0.250000 	 93.333333 	 100.000000
   24 	 -1.000000 	 74.994286 	 100.000000
   25 	 -0.500000 	 95.004167 	 100.000000
   26 	 -0.500000 	 91.683333 	 100.000000
   27 	 -0.333333 	 96.666667 	 100.000000
   28 	 -0.333333 	 93.333333 	 100.000000
   29 	 -1.000000 	 94.975000 	 100.000000
   30 	 -0.500000 	 90.006944 	 100.000000
   31 	 -1.000000 	 98.316667 	 100.000000
   32 	 100.000000 	 100.000000 	 100.000000
   33 	 100.000000 	 100.000000 	 100.000000
   34 	 0.333333 	 98.338889 	 100.000000
   35 	 -0.250000 	 98.329167 	 100.000000
   36 	 -0.333333 	 98.327778 	 100.000000
   37 	 -1.000000 	 98.316667 	 100.000000
   38 	 -1.000000 	 93.333333 	 100.000000
   39 	 100.000000 	 100.000000 	 100.000000
   40 	 -0.500000 	 96.654167 	 100.000000
   41 	 -0.500000 	 94.990278 	 100.000000
   42 	 100.000000 	 100.000000 	 100.000000
   43 	 -1.000000 	 98.316667 	 100.000000
   44 	 -1.000000 	 98.316667 	 100.000000
   45 	 0.250000 	 96.687500 	 100.000000
   46 	 0.333333 	 96.680556 	 100.000000
   47 	 -0.250000 	 98.329167 	 100.000000
   48 	 -1.000000 	 96.645833 	 100.000000
   49 	 0.333333 	 98.338889 	 100.000000
   50 	 -0.500000 	 96.652778 	 100.000000
   51 	 -0.500000 	 96.663889 	 100.000000
   52 	 100.000000 	 100.000000 	 100.000000
   53 	 100.000000 	 100.000000 	 100.000000
   54 	 0.250000 	 95.025000 	 100.000000
   55 	 100.000000 	 100.000000 	 100.000000
   56 	 -1.000000 	 94.969444 	 100.000000
   57 	 100.000000 	 100.000000 	 100.000000
   58 	 100.000000 	 100.000000 	 100.000000
   59 	 100.000000 	 100.000000 	 100.000000
   60 	 -0.500000 	 96.662500 	 100.000000
   61 	 100.000000 	 100.000000 	 100.000000
   62 	 100.000000 	 100.000000 	 100.000000
   63 	 100.000000 	 100.000000 	 100.000000
   64 	 1.000000 	 98.350000 	 100.000000
   65 	 0.250000 	 98.337500 	 100.000000
   66 	 0.333333 	 96.680556 	 100.000000
   67 	 0.250000 	 98.337500 	 100.000000
   68 	 0.333333 	 96.677778 	 100.000000
   69 	 0.333333 	 96.688889 	 100.000000
   70 	 -0.333333 	 98.327778 	 100.000000
   71 	 -0.500000 	 96.663889 	 100.000000
   72 	 100.000000 	 100.000000 	 100.000000
   73 	 -0.250000 	 98.329167 	 100.000000
   74 	 0.250000 	 98.337500 	 100.000000
   75 	 -1.000000 	 96.654167 	 100.000000
   76 	 1.000000 	 98.350000 	 100.000000
   77 	 100.000000 	 100.000000 	 100.000000
   78 	 100.000000 	 100.000000 	 100.000000
   79 	 -1.000000 	 96.666667 	 100.000000
 