   0 	 -1.000000 	 14.922402 	 100.000000
    1 	 -1.000000 	 88.337731 	 100.000000
    2 	 -1.000000 	 83.333333 	 100.000000
    3 	 -0.500000 	 78.350000 	 100.000000
    4 	 -1.000000 	 75.017063 	 100.000000
    5 	 -1.000000 	 76.659444 	 100.000000
    6 	 -1.000000 	 88.325000 	 100.000000
    7 	 -1.000000 	 86.666667 	 100.000000
    8 	 -1.000000 	 88.318492 	 100.000000
    9 	 -0.500000 	 88.327778 	 100.000000
   10 	 -0.500000 	 79.997222 	 100.000000
   11 	 -0.500000 	 83.342222 	 100.000000
   12 	 -1.000000 	 93.333333 	 100.000000
   13 	 -0.500000 	 93.336111 	 100.000000
   14 	 -1.000000 	 88.370833 	 100.000000
   15 	 -0.500000 	 91.683333 	 100.000000
   16 	 -1.000000 	 68.348452 	 100.000000
   17 	 -1.000000 	 83.325231 	 100.000000
   18 	 -0.500000 	 86.666667 	 100.000000
   19 	 -1.000000 	 94.995833 	 100.000000
   20 	 -1.000000 	 78.354167 	 100.000000
   21 	 -1.000000 	 66.699444 	 100.000000
   22 	 -1.000000 	 93.320833 	 100.000000
   23 	 -1.000000 	 81.650397 	 100.000000
   24 	 100.000000 	 100.000000 	 100.000000
   25 	 -0.333333 	 88.343056 	 100.000000
   26 	 -1.000000 	 80.002778 	 100.000000
   27 	 -1.000000 	 86.700833 	 100.000000
   28 	 1.000000 	 96.700000 	 100.000000
   29 	 -0.500000 	 90.003611 	 100.000000
   30 	 -0.500000 	 96.666667 	 100.000000
   31 	 -1.000000 	 93.333333 	 100.000000
   32 	 100.000000 	 100.000000 	 100.000000
   33 	 -0.500000 	 96.666667 	 100.000000
   34 	 100.000000 	 100.000000 	 100.000000
   35 	 1.000000 	 98.350000 	 100.000000
   36 	 100.000000 	 100.000000 	 100.000000
   37 	 100.000000 	 100.000000 	 100.000000
   38 	 -0.250000 	 96.668056 	 100.000000
   39 	 -1.000000 	 98.316667 	 100.000000
   40 	 1.000000 	 98.350000 	 100.000000
   41 	 -1.000000 	 96.666667 	 100.000000
   42 	 100.000000 	 100.000000 	 100.000000
   43 	 -1.000000 	 98.316667 	 100.000000
   44 	 100.000000 	 100.000000 	 100.000000
   45 	 -0.250000 	 98.329167 	 100.000000
   46 	 -0.333333 	 95.016667 	 100.000000
   47 	 -0.250000 	 96.679167 	 100.000000
   48 	 100.000000 	 100.000000 	 100.000000
   49 	 0.333333 	 96.688889 	 100.000000
   50 	 -0.250000 	 96.658333 	 100.000000
   51 	 1.000000 	 98.350000 	 100.000000
   52 	 -0.250000 	 96.658333 	 100.000000
   53 	 -0.250000 	 96.666667 	 100.000000
   54 	 100.000000 	 100.000000 	 100.000000
   55 	 100.000000 	 100.000000 	 100.000000
   56 	 100.000000 	 100.000000 	 100.000000
   57 	 1.000000 	 96.700000 	 100.000000
   58 	 100.000000 	 100.000000 	 100.000000
   59 	 100.000000 	 100.000000 	 100.000000
   60 	 1.000000 	 98.350000 	 100.000000
   61 	 100.000000 	 100.000000 	 100.000000
   62 	 -0.333333 	 98.327778 	 100.000000
   63 	 0.333333 	 96.680556 	 100.000000
   64 	 100.000000 	 100.000000 	 100.000000
   65 	 -0.333333 	 98.327778 	 100.000000
   66 	 100.000000 	 100.000000 	 100.000000
   67 	 100.000000 	 100.000000 	 100.000000
   68 	 1.000000 	 98.350000 	 100.000000
   69 	 100.000000 	 100.000000 	 100.000000
   70 	 0.333333 	 98.338889 	 100.000000
   71 	 1.000000 	 98.350000 	 100.000000
   72 	 0.500000 	 98.341667 	 100.000000
   73 	 -0.250000 	 98.329167 	 100.000000
   74 	 100.000000 	 100.000000 	 100.000000
   75 	 100.000000 	 100.000000 	 100.000000
   76 	 0.500000 	 98.341667 	 100.000000
   77 	 0.250000 	 98.337500 	 100.000000
   78 	 -0.250000 	 93.368056 	 100.000000
   79 	 100.000000 	 100.000000 	 100.000000
 