   0 	 -1.000000 	 1.568393 	 100.000000
    1 	 -0.200000 	 95.010000 	 100.000000
    2 	 0.250000 	 93.379167 	 100.000000
    3 	 -0.500000 	 94.991667 	 100.000000
    4 	 -1.000000 	 96.666667 	 100.000000
    5 	 -0.250000 	 96.679167 	 100.000000
    6 	 -1.000000 	 93.312500 	 100.000000
    7 	 -0.500000 	 96.654167 	 100.000000
    8 	 1.000000 	 98.350000 	 100.000000
    9 	 -0.250000 	 98.329167 	 100.000000
   10 	 100.000000 	 100.000000 	 100.000000
   11 	 100.000000 	 100.000000 	 100.000000
   12 	 100.000000 	 100.000000 	 100.000000
   13 	 100.000000 	 100.000000 	 100.000000
   14 	 100.000000 	 100.000000 	 100.000000
   15 	 100.000000 	 100.000000 	 100.000000
   16 	 100.000000 	 100.000000 	 100.000000
   17 	 -1.000000 	 98.316667 	 100.000000
   18 	 -0.250000 	 96.679167 	 100.000000
   19 	 100.000000 	 100.000000 	 100.000000
   20 	 -0.500000 	 98.325000 	 100.000000
   21 	 100.000000 	 100.000000 	 100.000000
   22 	 -1.000000 	 96.645833 	 100.000000
   23 	 1.000000 	 98.350000 	 100.000000
   24 	 0.500000 	 98.341667 	 100.000000
   25 	 100.000000 	 100.000000 	 100.000000
   26 	 0.333333 	 98.338889 	 100.000000
   27 	 -0.250000 	 95.029167 	 100.000000
   28 	 0.333333 	 96.677778 	 100.000000
   29 	 0.333333 	 98.338889 	 100.000000
   30 	 100.000000 	 100.000000 	 100.000000
   31 	 1.000000 	 98.350000 	 100.000000
   32 	 100.000000 	 100.000000 	 100.000000
   33 	 100.000000 	 100.000000 	 100.000000
   34 	 -0.250000 	 98.329167 	 100.000000
   35 	 100.000000 	 100.000000 	 100.000000
   36 	 100.000000 	 100.000000 	 100.000000
   37 	 1.000000 	 98.350000 	 100.000000
   38 	 1.000000 	 98.350000 	 100.000000
   39 	 -0.250000 	 98.329167 	 100.000000
   40 	 -0.250000 	 98.329167 	 100.000000
   41 	 100.000000 	 100.000000 	 100.000000
   42 	 100.000000 	 100.000000 	 100.000000
   43 	 -1.000000 	 91.655000 	 100.000000
   44 	 -0.200000 	 98.330000 	 100.000000
   45 	 100.000000 	 100.000000 	 100.000000
   46 	 -0.250000 	 96.666667 	 100.000000
   47 	 -1.000000 	 98.316667 	 100.000000
   48 	 0.500000 	 98.341667 	 100.000000
   49 	 0.250000 	 98.337500 	 100.000000
   50 	 100.000000 	 100.000000 	 100.000000
   51 	 100.000000 	 100.000000 	 100.000000
   52 	 100.000000 	 100.000000 	 100.000000
   53 	 -0.250000 	 98.329167 	 100.000000
   54 	 1.000000 	 98.350000 	 100.000000
   55 	 0.500000 	 98.341667 	 100.000000
   56 	 -1.000000 	 91.695833 	 100.000000
   57 	 0.500000 	 96.691667 	 100.000000
   58 	 100.000000 	 100.000000 	 100.000000
   59 	 100.000000 	 100.000000 	 100.000000
   60 	 1.000000 	 98.350000 	 100.000000
   61 	 0.333333 	 98.338889 	 100.000000
   62 	 1.000000 	 98.350000 	 100.000000
   63 	 -0.250000 	 98.329167 	 100.000000
   64 	 1.000000 	 98.350000 	 100.000000
   65 	 100.000000 	 100.000000 	 100.000000
   66 	 -0.250000 	 98.329167 	 100.000000
   67 	 -1.000000 	 96.654167 	 100.000000
   68 	 1.000000 	 98.350000 	 100.000000
   69 	 -0.500000 	 98.325000 	 100.000000
   70 	 0.333333 	 98.338889 	 100.000000
   71 	 100.000000 	 100.000000 	 100.000000
   72 	 0.333333 	 96.688889 	 100.000000
   73 	 1.000000 	 96.700000 	 100.000000
   74 	 -0.500000 	 94.993056 	 100.000000
   75 	 1.000000 	 98.350000 	 100.000000
   76 	 -0.250000 	 98.329167 	 100.000000
   77 	 100.000000 	 100.000000 	 100.000000
   78 	 100.000000 	 100.000000 	 100.000000
   79 	 0.500000 	 96.683333 	 100.000000
 