   0 	 -1.000000 	 6.695283 	 100.000000
    1 	 -1.000000 	 88.340278 	 100.000000
    2 	 -0.500000 	 93.341667 	 100.000000
    3 	 -1.000000 	 76.665278 	 100.000000
    4 	 -0.500000 	 75.016343 	 100.000000
    5 	 -1.000000 	 73.296230 	 100.000000
    6 	 -0.125000 	 91.675298 	 100.000000
    7 	 -0.500000 	 81.691667 	 100.000000
    8 	 -0.166667 	 93.333889 	 100.000000
    9 	 -0.250000 	 86.679769 	 100.000000
   10 	 -0.500000 	 83.333333 	 100.000000
   11 	 -0.500000 	 93.350000 	 100.000000
   12 	 -1.000000 	 71.684167 	 100.000000
   13 	 -0.500000 	 88.325000 	 100.000000
   14 	 -1.000000 	 79.999603 	 100.000000
   15 	 -0.500000 	 88.347222 	 100.000000
   16 	 -0.166667 	 96.667222 	 100.000000
   17 	 -1.000000 	 91.650000 	 100.000000
   18 	 -1.000000 	 83.312500 	 100.000000
   19 	 -0.111111 	 95.005787 	 100.000000
   20 	 -1.000000 	 81.674464 	 100.000000
   21 	 -0.333333 	 79.997374 	 100.000000
   22 	 -0.333333 	 91.681111 	 100.000000
   23 	 -0.333333 	 93.344444 	 100.000000
   24 	 -1.000000 	 78.304167 	 100.000000
   25 	 -1.000000 	 90.000000 	 100.000000
   26 	 -0.200000 	 93.333333 	 100.000000
   27 	 100.000000 	 100.000000 	 100.000000
   28 	 -0.500000 	 88.324444 	 100.000000
   29 	 -0.125000 	 93.333631 	 100.000000
   30 	 -1.000000 	 91.686111 	 100.000000
   31 	 -1.000000 	 73.297222 	 100.000000
   32 	 100.000000 	 100.000000 	 100.000000
   33 	 -0.200000 	 83.333392 	 100.000000
   34 	 -1.000000 	 84.983611 	 100.000000
   35 	 -0.333333 	 89.998313 	 100.000000
   36 	 -0.250000 	 88.351157 	 100.000000
   37 	 100.000000 	 100.000000 	 100.000000
   38 	 -1.000000 	 80.029167 	 100.000000
   39 	 -1.000000 	 89.984167 	 100.000000
   40 	 -0.250000 	 90.026786 	 100.000000
   41 	 -0.250000 	 93.347222 	 100.000000
   42 	 -0.500000 	 93.328333 	 100.000000
   43 	 -1.000000 	 96.641667 	 100.000000
   44 	 1.000000 	 96.700000 	 100.000000
   45 	 1.000000 	 98.350000 	 100.000000
   46 	 100.000000 	 100.000000 	 100.000000
   47 	 -1.000000 	 94.983333 	 100.000000
   48 	 -1.000000 	 96.644444 	 100.000000
   49 	 -1.000000 	 93.308333 	 100.000000
   50 	 -0.250000 	 96.666667 	 100.000000
   51 	 -0.250000 	 95.008333 	 100.000000
   52 	 -0.250000 	 95.003333 	 100.000000
   53 	 100.000000 	 100.000000 	 100.000000
   54 	 0.500000 	 96.691667 	 100.000000
   55 	 -1.000000 	 96.666667 	 100.000000
   56 	 100.000000 	 100.000000 	 100.000000
   57 	 100.000000 	 100.000000 	 100.000000
   58 	 -0.250000 	 96.666667 	 100.000000
   59 	 100.000000 	 100.000000 	 100.000000
   60 	 -0.500000 	 96.675000 	 100.000000
   61 	 0.333333 	 96.680556 	 100.000000
   62 	 -1.000000 	 96.658333 	 100.000000
   63 	 100.000000 	 100.000000 	 100.000000
   64 	 100.000000 	 100.000000 	 100.000000
   65 	 0.200000 	 98.336667 	 100.000000
   66 	 100.000000 	 100.000000 	 100.000000
   67 	 100.000000 	 100.000000 	 100.000000
   68 	 0.200000 	 96.686667 	 100.000000
   69 	 100.000000 	 100.000000 	 100.000000
   70 	 -0.500000 	 98.325000 	 100.000000
   71 	 0.500000 	 96.691667 	 100.000000
   72 	 1.000000 	 98.350000 	 100.000000
   73 	 1.000000 	 98.350000 	 100.000000
   74 	 100.000000 	 100.000000 	 100.000000
   75 	 -0.500000 	 98.325000 	 100.000000
   76 	 0.333333 	 98.338889 	 100.000000
   77 	 -1.000000 	 98.316667 	 100.000000
   78 	 -1.000000 	 96.645833 	 100.000000
   79 	 0.500000 	 98.341667 	 100.000000
 