   0 	 -1.000000 	 5.062267 	 100.000000
    1 	 0.250000 	 98.337500 	 100.000000
    2 	 -0.333333 	 93.333333 	 100.000000
    3 	 -0.250000 	 95.004167 	 100.000000
    4 	 -1.000000 	 94.994444 	 100.000000
    5 	 -0.500000 	 86.653175 	 100.000000
    6 	 -1.000000 	 85.000000 	 100.000000
    7 	 -0.500000 	 94.992500 	 100.000000
    8 	 -1.000000 	 96.666667 	 100.000000
    9 	 -0.333333 	 83.331111 	 100.000000
   10 	 -1.000000 	 89.992500 	 100.000000
   11 	 -1.000000 	 93.320833 	 100.000000
   12 	 -0.500000 	 93.333333 	 100.000000
   13 	 -0.500000 	 96.675000 	 100.000000
   14 	 -0.142857 	 96.667063 	 100.000000
   15 	 -0.250000 	 95.008333 	 100.000000
   16 	 -1.000000 	 86.675000 	 100.000000
   17 	 1.000000 	 98.350000 	 100.000000
   18 	 -0.250000 	 90.001574 	 100.000000
   19 	 -0.500000 	 98.325000 	 100.000000
   20 	 -0.500000 	 96.675000 	 100.000000
   21 	 100.000000 	 100.000000 	 100.000000
   22 	 -0.250000 	 98.329167 	 100.000000
   23 	 100.000000 	 100.000000 	 100.000000
   24 	 100.000000 	 100.000000 	 100.000000
   25 	 1.000000 	 98.350000 	 100.000000
   26 	 -1.000000 	 96.666667 	 100.000000
   27 	 1.000000 	 98.350000 	 100.000000
   28 	 100.000000 	 100.000000 	 100.000000
   29 	 100.000000 	 100.000000 	 100.000000
   30 	 1.000000 	 96.700000 	 100.000000
   31 	 -0.333333 	 98.327778 	 100.000000
   32 	 -0.500000 	 96.652778 	 100.000000
   33 	 100.000000 	 100.000000 	 100.000000
   34 	 100.000000 	 100.000000 	 100.000000
   35 	 1.000000 	 98.350000 	 100.000000
   36 	 -1.000000 	 96.644444 	 100.000000
   37 	 100.000000 	 100.000000 	 100.000000
   38 	 100.000000 	 100.000000 	 100.000000
   39 	 1.000000 	 98.350000 	 100.000000
   40 	 100.000000 	 100.000000 	 100.000000
   41 	 100.000000 	 100.000000 	 100.000000
   42 	 100.000000 	 100.000000 	 100.000000
   43 	 1.000000 	 98.350000 	 100.000000
   44 	 100.000000 	 100.000000 	 100.000000
   45 	 0.250000 	 96.687500 	 100.000000
   46 	 0.250000 	 96.687500 	 100.000000
   47 	 0.250000 	 98.337500 	 100.000000
   48 	 100.000000 	 100.000000 	 100.000000
   49 	 1.000000 	 98.350000 	 100.000000
   50 	 -1.000000 	 96.641667 	 100.000000
   51 	 -1.000000 	 98.316667 	 100.000000
   52 	 100.000000 	 100.000000 	 100.000000
   53 	 -1.000000 	 96.666667 	 100.000000
   54 	 1.000000 	 98.350000 	 100.000000
   55 	 100.000000 	 100.000000 	 100.000000
   56 	 -0.250000 	 98.329167 	 100.000000
   57 	 100.000000 	 100.000000 	 100.000000
   58 	 -0.500000 	 98.325000 	 100.000000
   59 	 1.000000 	 98.350000 	 100.000000
   60 	 1.000000 	 93.400000 	 100.000000
   61 	 1.000000 	 98.350000 	 100.000000
   62 	 -0.250000 	 96.679167 	 100.000000
   63 	 1.000000 	 96.700000 	 100.000000
   64 	 100.000000 	 100.000000 	 100.000000
   65 	 100.000000 	 100.000000 	 100.000000
   66 	 -0.250000 	 96.670833 	 100.000000
   67 	 100.000000 	 100.000000 	 100.000000
   68 	 100.000000 	 100.000000 	 100.000000
   69 	 1.000000 	 98.350000 	 100.000000
   70 	 -0.333333 	 98.327778 	 100.000000
   71 	 -1.000000 	 98.316667 	 100.000000
   72 	 100.000000 	 100.000000 	 100.000000
   73 	 -0.333333 	 98.327778 	 100.000000
   74 	 100.000000 	 100.000000 	 100.000000
   75 	 -0.250000 	 96.658333 	 100.000000
   76 	 0.250000 	 98.337500 	 100.000000
   77 	 100.000000 	 100.000000 	 100.000000
   78 	 -1.000000 	 98.316667 	 100.000000
   79 	 -0.500000 	 98.325000 	 100.000000
 