   0 	 -1.000000 	 6.704131 	 100.000000
    1 	 -0.500000 	 88.350000 	 100.000000
    2 	 -0.500000 	 86.666898 	 100.000000
    3 	 -0.333333 	 88.341667 	 100.000000
    4 	 -1.000000 	 94.983333 	 100.000000
    5 	 -1.000000 	 86.670278 	 100.000000
    6 	 -0.500000 	 90.002778 	 100.000000
    7 	 -0.333333 	 86.671230 	 100.000000
    8 	 -0.333333 	 86.690278 	 100.000000
    9 	 -0.250000 	 93.335556 	 100.000000
   10 	 -1.000000 	 93.330556 	 100.000000
   11 	 -1.000000 	 84.994444 	 100.000000
   12 	 -0.500000 	 81.670833 	 100.000000
   13 	 -0.333333 	 88.341369 	 100.000000
   14 	 -0.250000 	 93.338889 	 100.000000
   15 	 -1.000000 	 73.311111 	 100.000000
   16 	 -0.500000 	 73.362566 	 100.000000
   17 	 -0.500000 	 94.991667 	 100.000000
   18 	 -1.000000 	 88.317500 	 100.000000
   19 	 -0.500000 	 88.361508 	 100.000000
   20 	 -1.000000 	 94.983333 	 100.000000
   21 	 -1.000000 	 85.018452 	 100.000000
   22 	 -1.000000 	 81.661944 	 100.000000
   23 	 -0.333333 	 86.687963 	 100.000000
   24 	 -0.125000 	 95.016667 	 100.000000
   25 	 -1.000000 	 79.977778 	 100.000000
   26 	 -0.250000 	 91.684722 	 100.000000
   27 	 -1.000000 	 83.331111 	 100.000000
   28 	 -0.333333 	 90.002778 	 100.000000
   29 	 -1.000000 	 91.661667 	 100.000000
   30 	 -1.000000 	 86.663889 	 100.000000
   31 	 -0.200000 	 96.666111 	 100.000000
   32 	 -0.166667 	 96.666667 	 100.000000
   33 	 -0.500000 	 88.350000 	 100.000000
   34 	 -1.000000 	 96.666667 	 100.000000
   35 	 0.333333 	 95.030556 	 100.000000
   36 	 -1.000000 	 93.341667 	 100.000000
   37 	 -0.250000 	 95.016667 	 100.000000
   38 	 -0.500000 	 94.991667 	 100.000000
   39 	 -1.000000 	 93.309722 	 100.000000
   40 	 -1.000000 	 98.316667 	 100.000000
   41 	 -0.500000 	 96.666667 	 100.000000
   42 	 -0.333333 	 95.001389 	 100.000000
   43 	 -0.333333 	 96.665278 	 100.000000
   44 	 0.250000 	 98.337500 	 100.000000
   45 	 100.000000 	 100.000000 	 100.000000
   46 	 100.000000 	 100.000000 	 100.000000
   47 	 -0.111111 	 93.366667 	 100.000000
   48 	 100.000000 	 100.000000 	 100.000000
   49 	 -1.000000 	 91.651389 	 100.000000
   50 	 100.000000 	 100.000000 	 100.000000
   51 	 -1.000000 	 96.655556 	 100.000000
   52 	 100.000000 	 100.000000 	 100.000000
   53 	 100.000000 	 100.000000 	 100.000000
   54 	 100.000000 	 100.000000 	 100.000000
   55 	 100.000000 	 100.000000 	 100.000000
   56 	 1.000000 	 98.350000 	 100.000000
   57 	 -1.000000 	 94.997222 	 100.000000
   58 	 0.333333 	 96.680556 	 100.000000
   59 	 0.250000 	 96.687500 	 100.000000
   60 	 100.000000 	 100.000000 	 100.000000
   61 	 1.000000 	 98.350000 	 100.000000
   62 	 0.250000 	 98.337500 	 100.000000
   63 	 -0.500000 	 98.325000 	 100.000000
   64 	 100.000000 	 100.000000 	 100.000000
   65 	 0.250000 	 96.687500 	 100.000000
   66 	 0.333333 	 98.338889 	 100.000000
   67 	 -0.250000 	 96.668056 	 100.000000
   68 	 -0.333333 	 98.327778 	 100.000000
   69 	 -1.000000 	 98.316667 	 100.000000
   70 	 100.000000 	 100.000000 	 100.000000
   71 	 -1.000000 	 93.329167 	 100.000000
   72 	 100.000000 	 100.000000 	 100.000000
   73 	 -0.500000 	 96.663889 	 100.000000
   74 	 -0.250000 	 96.666667 	 100.000000
   75 	 0.250000 	 95.012500 	 100.000000
   76 	 1.000000 	 98.350000 	 100.000000
   77 	 -1.000000 	 98.316667 	 100.000000
   78 	 1.000000 	 98.350000 	 100.000000
   79 	 0.500000 	 98.341667 	 100.000000
 