   0 	 -1.000000 	 -0.126665 	 1.000000
    1 	 -0.250000 	 -0.229167 	 1.000000
    2 	 -0.250000 	 -0.247222 	 -0.166667
    3 	 -0.333333 	 -0.251389 	 -0.250000
    4 	 -0.250000 	 -0.248611 	 -0.166667
    5 	 -0.250000 	 -0.250000 	 -0.250000
    6 	 -0.250000 	 -0.248214 	 -0.142857
    7 	 -0.333333 	 -0.249603 	 -0.142857
    8 	 -0.250000 	 -0.250000 	 -0.250000
    9 	 -0.250000 	 1.420833 	 100.000000
   10 	 -1.000000 	 98.316667 	 100.000000
   11 	 -0.500000 	 96.650000 	 100.000000
   12 	 100.000000 	 100.000000 	 100.000000
   13 	 1.000000 	 98.350000 	 100.000000
   14 	 -0.250000 	 96.666667 	 100.000000
   15 	 -1.000000 	 94.995833 	 100.000000
   16 	 100.000000 	 100.000000 	 100.000000
   17 	 100.000000 	 100.000000 	 100.000000
   18 	 -1.000000 	 98.316667 	 100.000000
   19 	 100.000000 	 100.000000 	 100.000000
   20 	 -0.250000 	 98.329167 	 100.000000
   21 	 -1.000000 	 98.316667 	 100.000000
   22 	 0.500000 	 98.341667 	 100.000000
   23 	 0.250000 	 96.676389 	 100.000000
   24 	 -0.250000 	 93.368056 	 100.000000
   25 	 0.250000 	 98.337500 	 100.000000
   26 	 -0.250000 	 98.329167 	 100.000000
   27 	 -1.000000 	 96.654167 	 100.000000
   28 	 -1.000000 	 98.316667 	 100.000000
   29 	 100.000000 	 100.000000 	 100.000000
   30 	 100.000000 	 100.000000 	 100.000000
   31 	 -1.000000 	 96.666667 	 100.000000
   32 	 100.000000 	 100.000000 	 100.000000
   33 	 -1.000000 	 98.316667 	 100.000000
   34 	 1.000000 	 98.350000 	 100.000000
   35 	 -1.000000 	 96.658333 	 100.000000
   36 	 0.250000 	 98.337500 	 100.000000
   37 	 100.000000 	 100.000000 	 100.000000
   38 	 0.250000 	 98.337500 	 100.000000
   39 	 0.250000 	 98.337500 	 100.000000
   40 	 -0.333333 	 98.327778 	 100.000000
   41 	 0.250000 	 98.337500 	 100.000000
   42 	 -1.000000 	 96.658333 	 100.000000
   43 	 -1.000000 	 98.316667 	 100.000000
   44 	 0.250000 	 98.337500 	 100.000000
   45 	 100.000000 	 100.000000 	 100.000000
   46 	 100.000000 	 100.000000 	 100.000000
   47 	 1.000000 	 96.700000 	 100.000000
   48 	 -0.250000 	 98.329167 	 100.000000
   49 	 100.000000 	 100.000000 	 100.000000
   50 	 -1.000000 	 98.316667 	 100.000000
   51 	 1.000000 	 96.700000 	 100.000000
   52 	 100.000000 	 100.000000 	 100.000000
   53 	 -1.000000 	 98.316667 	 100.000000
   54 	 100.000000 	 100.000000 	 100.000000
   55 	 -0.250000 	 95.020833 	 100.000000
   56 	 100.000000 	 100.000000 	 100.000000
   57 	 -1.000000 	 94.991667 	 100.000000
   58 	 -1.000000 	 89.981944 	 100.000000
   59 	 0.333333 	 98.338889 	 100.000000
   60 	 100.000000 	 100.000000 	 100.000000
   61 	 1.000000 	 98.350000 	 100.000000
   62 	 1.000000 	 98.350000 	 100.000000
   63 	 -0.333333 	 98.327778 	 100.000000
   64 	 -1.000000 	 95.008333 	 100.000000
   65 	 -0.500000 	 98.325000 	 100.000000
   66 	 -1.000000 	 94.970833 	 100.000000
   67 	 100.000000 	 100.000000 	 100.000000
   68 	 -1.000000 	 98.316667 	 100.000000
   69 	 -0.500000 	 95.004167 	 100.000000
   70 	 100.000000 	 100.000000 	 100.000000
   71 	 -0.500000 	 98.325000 	 100.000000
   72 	 -1.000000 	 98.316667 	 100.000000
   73 	 100.000000 	 100.000000 	 100.000000
   74 	 100.000000 	 100.000000 	 100.000000
   75 	 -1.000000 	 98.316667 	 100.000000
   76 	 0.250000 	 98.337500 	 100.000000
   77 	 -0.500000 	 96.675000 	 100.000000
   78 	 -1.000000 	 96.645833 	 100.000000
   79 	 -1.000000 	 96.666667 	 100.000000
 