   0 	 -1.000000 	 5.023292 	 100.000000
    1 	 -1.000000 	 91.650000 	 100.000000
    2 	 -0.500000 	 88.338889 	 100.000000
    3 	 -0.250000 	 91.684722 	 100.000000
    4 	 -0.500000 	 85.016667 	 100.000000
    5 	 -1.000000 	 81.695833 	 100.000000
    6 	 -1.000000 	 95.008333 	 100.000000
    7 	 -1.000000 	 80.008333 	 100.000000
    8 	 -1.000000 	 91.650000 	 100.000000
    9 	 -1.000000 	 94.983333 	 100.000000
   10 	 -1.000000 	 86.688056 	 100.000000
   11 	 -1.000000 	 90.000000 	 100.000000
   12 	 -1.000000 	 81.726389 	 100.000000
   13 	 1.000000 	 98.350000 	 100.000000
   14 	 -0.333333 	 91.659722 	 100.000000
   15 	 -0.500000 	 96.666667 	 100.000000
   16 	 -1.000000 	 91.654167 	 100.000000
   17 	 -0.142857 	 96.666667 	 100.000000
   18 	 -1.000000 	 81.650000 	 100.000000
   19 	 -1.000000 	 96.645833 	 100.000000
   20 	 -1.000000 	 91.641667 	 100.000000
   21 	 -1.000000 	 89.979167 	 100.000000
   22 	 0.250000 	 98.337500 	 100.000000
   23 	 -1.000000 	 90.000000 	 100.000000
   24 	 -0.333333 	 93.323611 	 100.000000
   25 	 -0.111111 	 93.354167 	 100.000000
   26 	 1.000000 	 98.350000 	 100.000000
   27 	 -0.500000 	 95.005556 	 100.000000
   28 	 -0.333333 	 98.327778 	 100.000000
   29 	 -1.000000 	 84.994444 	 100.000000
   30 	 -0.200000 	 93.333333 	 100.000000
   31 	 -0.333333 	 98.327778 	 100.000000
   32 	 -0.200000 	 96.666667 	 100.000000
   33 	 -1.000000 	 91.650000 	 100.000000
   34 	 -1.000000 	 88.327778 	 100.000000
   35 	 -1.000000 	 90.000000 	 100.000000
   36 	 -1.000000 	 93.320278 	 100.000000
   37 	 -1.000000 	 91.683333 	 100.000000
   38 	 -0.333333 	 91.661111 	 100.000000
   39 	 0.333333 	 96.688889 	 100.000000
   40 	 100.000000 	 100.000000 	 100.000000
   41 	 -1.000000 	 96.655556 	 100.000000
   42 	 100.000000 	 100.000000 	 100.000000
   43 	 100.000000 	 100.000000 	 100.000000
   44 	 -0.333333 	 96.655556 	 100.000000
   45 	 -0.250000 	 98.329167 	 100.000000
   46 	 100.000000 	 100.000000 	 100.000000
   47 	 0.500000 	 98.341667 	 100.000000
   48 	 -1.000000 	 93.344444 	 100.000000
   49 	 100.000000 	 100.000000 	 100.000000
   50 	 -0.333333 	 98.327778 	 100.000000
   51 	 -1.000000 	 96.666667 	 100.000000
   52 	 -1.000000 	 98.316667 	 100.000000
   53 	 1.000000 	 98.350000 	 100.000000
   54 	 1.000000 	 98.350000 	 100.000000
   55 	 0.333333 	 98.338889 	 100.000000
   56 	 100.000000 	 100.000000 	 100.000000
   57 	 100.000000 	 100.000000 	 100.000000
   58 	 -0.333333 	 95.016667 	 100.000000
   59 	 -1.000000 	 98.316667 	 100.000000
   60 	 -0.333333 	 94.984722 	 100.000000
   61 	 1.000000 	 98.350000 	 100.000000
   62 	 100.000000 	 100.000000 	 100.000000
   63 	 100.000000 	 100.000000 	 100.000000
   64 	 0.333333 	 98.338889 	 100.000000
   65 	 100.000000 	 100.000000 	 100.000000
   66 	 -1.000000 	 94.983333 	 100.000000
   67 	 100.000000 	 100.000000 	 100.000000
   68 	 -0.333333 	 98.327778 	 100.000000
   69 	 0.250000 	 98.337500 	 100.000000
   70 	 -1.000000 	 98.316667 	 100.000000
   71 	 0.250000 	 98.337500 	 100.000000
   72 	 -1.000000 	 96.666667 	 100.000000
   73 	 100.000000 	 100.000000 	 100.000000
   74 	 -1.000000 	 98.316667 	 100.000000
   75 	 -1.000000 	 96.633333 	 100.000000
   76 	 -1.000000 	 94.993056 	 100.000000
   77 	 100.000000 	 100.000000 	 100.000000
   78 	 100.000000 	 100.000000 	 100.000000
   79 	 -1.000000 	 96.655556 	 100.000000
 