   0 	 -1.000000 	 5.021870 	 100.000000
    1 	 -0.250000 	 89.999444 	 100.000000
    2 	 -0.200000 	 96.666667 	 100.000000
    3 	 -1.000000 	 94.983333 	 100.000000
    4 	 -1.000000 	 94.994444 	 100.000000
    5 	 -0.333333 	 83.348763 	 100.000000
    6 	 -0.250000 	 91.670833 	 100.000000
    7 	 -1.000000 	 88.350000 	 100.000000
    8 	 -1.000000 	 93.338333 	 100.000000
    9 	 -0.500000 	 88.345833 	 100.000000
   10 	 -1.000000 	 88.316667 	 100.000000
   11 	 -0.333333 	 85.009167 	 100.000000
   12 	 -0.200000 	 93.334167 	 100.000000
   13 	 -0.333333 	 96.666667 	 100.000000
   14 	 -1.000000 	 90.020833 	 100.000000
   15 	 100.000000 	 100.000000 	 100.000000
   16 	 -0.333333 	 88.329722 	 100.000000
   17 	 -1.000000 	 88.314583 	 100.000000
   18 	 -1.000000 	 94.983333 	 100.000000
   19 	 -1.000000 	 84.975000 	 100.000000
   20 	 -1.000000 	 96.633333 	 100.000000
   21 	 -1.000000 	 91.670833 	 100.000000
   22 	 100.000000 	 100.000000 	 100.000000
   23 	 100.000000 	 100.000000 	 100.000000
   24 	 -0.200000 	 88.341852 	 100.000000
   25 	 -1.000000 	 96.641667 	 100.000000
   26 	 100.000000 	 100.000000 	 100.000000
   27 	 0.500000 	 98.341667 	 100.000000
   28 	 100.000000 	 100.000000 	 100.000000
   29 	 -1.000000 	 93.350000 	 100.000000
   30 	 -1.000000 	 91.666667 	 100.000000
   31 	 -1.000000 	 94.975000 	 100.000000
   32 	 100.000000 	 100.000000 	 100.000000
   33 	 -0.333333 	 96.666667 	 100.000000
   34 	 -0.500000 	 93.345833 	 100.000000
   35 	 -0.500000 	 96.675000 	 100.000000
   36 	 -0.500000 	 95.000000 	 100.000000
   37 	 0.250000 	 98.337500 	 100.000000
   38 	 -0.250000 	 98.329167 	 100.000000
   39 	 100.000000 	 100.000000 	 100.000000
   40 	 100.000000 	 100.000000 	 100.000000
   41 	 100.000000 	 100.000000 	 100.000000
   42 	 0.250000 	 96.675000 	 100.000000
   43 	 -0.333333 	 94.997222 	 100.000000
   44 	 -1.000000 	 94.991667 	 100.000000
   45 	 -0.250000 	 95.005556 	 100.000000
   46 	 -1.000000 	 96.644444 	 100.000000
   47 	 -0.333333 	 94.994444 	 100.000000
   48 	 -1.000000 	 98.316667 	 100.000000
   49 	 0.250000 	 98.337500 	 100.000000
   50 	 -1.000000 	 93.309722 	 100.000000
   51 	 -0.333333 	 95.006944 	 100.000000
   52 	 -1.000000 	 96.633333 	 100.000000
   53 	 1.000000 	 98.350000 	 100.000000
   54 	 100.000000 	 100.000000 	 100.000000
   55 	 1.000000 	 98.350000 	 100.000000
   56 	 100.000000 	 100.000000 	 100.000000
   57 	 -0.333333 	 98.327778 	 100.000000
   58 	 0.250000 	 98.337500 	 100.000000
   59 	 100.000000 	 100.000000 	 100.000000
   60 	 -0.500000 	 98.325000 	 100.000000
   61 	 -0.333333 	 96.677778 	 100.000000
   62 	 100.000000 	 100.000000 	 100.000000
   63 	 -1.000000 	 94.995833 	 100.000000
   64 	 -1.000000 	 98.316667 	 100.000000
   65 	 -1.000000 	 98.316667 	 100.000000
   66 	 -1.000000 	 96.666667 	 100.000000
   67 	 -0.500000 	 96.652778 	 100.000000
   68 	 0.250000 	 98.337500 	 100.000000
   69 	 100.000000 	 100.000000 	 100.000000
   70 	 100.000000 	 100.000000 	 100.000000
   71 	 -1.000000 	 98.316667 	 100.000000
   72 	 100.000000 	 100.000000 	 100.000000
   73 	 -1.000000 	 98.316667 	 100.000000
   74 	 -1.000000 	 98.316667 	 100.000000
   75 	 0.250000 	 98.337500 	 100.000000
   76 	 -1.000000 	 96.666667 	 100.000000
   77 	 100.000000 	 100.000000 	 100.000000
   78 	 -0.250000 	 96.679167 	 100.000000
   79 	 1.000000 	 96.700000 	 100.000000
 