   0 	 -1.000000 	 10.052917 	 100.000000
    1 	 -0.500000 	 80.033333 	 100.000000
    2 	 -1.000000 	 88.329167 	 100.000000
    3 	 -1.000000 	 90.000000 	 100.000000
    4 	 -1.000000 	 84.998611 	 100.000000
    5 	 -0.500000 	 88.341111 	 100.000000
    6 	 -0.333333 	 91.663333 	 100.000000
    7 	 -1.000000 	 81.672288 	 100.000000
    8 	 -1.000000 	 74.972222 	 100.000000
    9 	 -1.000000 	 89.998611 	 100.000000
   10 	 -1.000000 	 90.000000 	 100.000000
   11 	 -1.000000 	 94.983333 	 100.000000
   12 	 -0.500000 	 96.666667 	 100.000000
   13 	 -1.000000 	 96.666667 	 100.000000
   14 	 -1.000000 	 96.645833 	 100.000000
   15 	 -0.333333 	 95.011111 	 100.000000
   16 	 -1.000000 	 88.316667 	 100.000000
   17 	 -0.250000 	 96.666667 	 100.000000
   18 	 -0.500000 	 95.005556 	 100.000000
   19 	 -1.000000 	 89.967500 	 100.000000
   20 	 -1.000000 	 93.320833 	 100.000000
   21 	 -1.000000 	 96.666667 	 100.000000
   22 	 -0.333333 	 91.661111 	 100.000000
   23 	 0.333333 	 98.338889 	 100.000000
   24 	 0.500000 	 98.341667 	 100.000000
   25 	 100.000000 	 100.000000 	 100.000000
   26 	 1.000000 	 98.350000 	 100.000000
   27 	 0.333333 	 98.338889 	 100.000000
   28 	 -1.000000 	 96.655556 	 100.000000
   29 	 100.000000 	 100.000000 	 100.000000
   30 	 -1.000000 	 94.983333 	 100.000000
   31 	 -0.333333 	 98.327778 	 100.000000
   32 	 0.500000 	 98.341667 	 100.000000
   33 	 -0.250000 	 98.329167 	 100.000000
   34 	 100.000000 	 100.000000 	 100.000000
   35 	 100.000000 	 100.000000 	 100.000000
   36 	 -1.000000 	 96.655556 	 100.000000
   37 	 -0.500000 	 98.325000 	 100.000000
   38 	 -0.500000 	 98.325000 	 100.000000
   39 	 -0.250000 	 96.679167 	 100.000000
   40 	 -0.250000 	 98.329167 	 100.000000
   41 	 0.250000 	 96.679167 	 100.000000
   42 	 -0.250000 	 93.358333 	 100.000000
   43 	 -1.000000 	 98.316667 	 100.000000
   44 	 -0.250000 	 95.012500 	 100.000000
   45 	 0.250000 	 98.337500 	 100.000000
   46 	 -1.000000 	 94.991667 	 100.000000
   47 	 -1.000000 	 96.641667 	 100.000000
   48 	 100.000000 	 100.000000 	 100.000000
   49 	 100.000000 	 100.000000 	 100.000000
   50 	 -1.000000 	 94.958333 	 100.000000
   51 	 100.000000 	 100.000000 	 100.000000
   52 	 -0.250000 	 98.329167 	 100.000000
   53 	 -1.000000 	 94.991667 	 100.000000
   54 	 100.000000 	 100.000000 	 100.000000
   55 	 0.333333 	 98.338889 	 100.000000
   56 	 -1.000000 	 98.316667 	 100.000000
   57 	 -0.500000 	 96.663889 	 100.000000
   58 	 100.000000 	 100.000000 	 100.000000
   59 	 -1.000000 	 98.316667 	 100.000000
   60 	 100.000000 	 100.000000 	 100.000000
   61 	 100.000000 	 100.000000 	 100.000000
   62 	 -1.000000 	 98.316667 	 100.000000
   63 	 -0.250000 	 98.329167 	 100.000000
   64 	 -1.000000 	 93.320833 	 100.000000
   65 	 1.000000 	 98.350000 	 100.000000
   66 	 0.333333 	 98.338889 	 100.000000
   67 	 -0.333333 	 96.669444 	 100.000000
   68 	 100.000000 	 100.000000 	 100.000000
   69 	 100.000000 	 100.000000 	 100.000000
   70 	 -1.000000 	 98.316667 	 100.000000
   71 	 -0.500000 	 98.325000 	 100.000000
   72 	 -0.250000 	 98.329167 	 100.000000
   73 	 -1.000000 	 94.966667 	 100.000000
   74 	 100.000000 	 100.000000 	 100.000000
   75 	 -0.250000 	 96.670833 	 100.000000
   76 	 -1.000000 	 96.645833 	 100.000000
   77 	 -1.000000 	 93.337500 	 100.000000
   78 	 100.000000 	 100.000000 	 100.000000
   79 	 -1.000000 	 94.970833 	 100.000000
 