   0 	 -1.000000 	 5.099802 	 100.000000
    1 	 -0.500000 	 91.716667 	 100.000000
    2 	 -1.000000 	 88.325000 	 100.000000
    3 	 -0.500000 	 86.666667 	 100.000000
    4 	 -0.250000 	 96.666667 	 100.000000
    5 	 -0.200000 	 93.332778 	 100.000000
    6 	 -1.000000 	 83.325000 	 100.000000
    7 	 -1.000000 	 91.650000 	 100.000000
    8 	 -0.500000 	 88.341667 	 100.000000
    9 	 -0.250000 	 86.666667 	 100.000000
   10 	 -0.333333 	 90.000000 	 100.000000
   11 	 -0.333333 	 83.334722 	 100.000000
   12 	 -1.000000 	 91.669444 	 100.000000
   13 	 -0.500000 	 78.329167 	 100.000000
   14 	 -0.500000 	 83.345833 	 100.000000
   15 	 -0.333333 	 93.336111 	 100.000000
   16 	 -0.250000 	 93.345833 	 100.000000
   17 	 -1.000000 	 93.308333 	 100.000000
   18 	 -0.500000 	 88.331944 	 100.000000
   19 	 -1.000000 	 76.636111 	 100.000000
   20 	 0.333333 	 98.338889 	 100.000000
   21 	 -1.000000 	 88.341667 	 100.000000
   22 	 -0.500000 	 90.000000 	 100.000000
   23 	 -0.500000 	 81.670833 	 100.000000
   24 	 -0.200000 	 95.016667 	 100.000000
   25 	 -0.250000 	 93.333333 	 100.000000
   26 	 -0.500000 	 96.662500 	 100.000000
   27 	 -0.333333 	 96.666667 	 100.000000
   28 	 -1.000000 	 81.683333 	 100.000000
   29 	 -0.200000 	 91.668333 	 100.000000
   30 	 -1.000000 	 89.986111 	 100.000000
   31 	 -0.500000 	 94.991667 	 100.000000
   32 	 -0.166667 	 96.667222 	 100.000000
   33 	 -1.000000 	 81.648611 	 100.000000
   34 	 -0.500000 	 90.018056 	 100.000000
   35 	 -1.000000 	 83.334722 	 100.000000
   36 	 -0.500000 	 88.350000 	 100.000000
   37 	 -0.500000 	 80.003611 	 100.000000
   38 	 -1.000000 	 86.645833 	 100.000000
   39 	 -1.000000 	 93.320833 	 100.000000
   40 	 -0.250000 	 93.334722 	 100.000000
   41 	 -0.500000 	 86.666667 	 100.000000
   42 	 -1.000000 	 78.355556 	 100.000000
   43 	 -0.333333 	 90.001389 	 100.000000
   44 	 -0.250000 	 96.668056 	 100.000000
   45 	 -0.250000 	 96.666667 	 100.000000
   46 	 -0.250000 	 91.670833 	 100.000000
   47 	 100.000000 	 100.000000 	 100.000000
   48 	 0.333333 	 98.338889 	 100.000000
   49 	 100.000000 	 100.000000 	 100.000000
   50 	 -0.500000 	 88.331944 	 100.000000
   51 	 -1.000000 	 81.675000 	 100.000000
   52 	 -1.000000 	 91.651389 	 100.000000
   53 	 -0.250000 	 95.005556 	 100.000000
   54 	 100.000000 	 100.000000 	 100.000000
   55 	 -0.250000 	 96.666667 	 100.000000
   56 	 1.000000 	 98.350000 	 100.000000
   57 	 -1.000000 	 90.008333 	 100.000000
   58 	 -0.250000 	 91.675000 	 100.000000
   59 	 -1.000000 	 88.350000 	 100.000000
   60 	 -1.000000 	 94.950000 	 100.000000
   61 	 -1.000000 	 96.666667 	 100.000000
   62 	 1.000000 	 98.350000 	 100.000000
   63 	 -0.250000 	 98.329167 	 100.000000
   64 	 -0.500000 	 98.325000 	 100.000000
   65 	 -1.000000 	 88.319444 	 100.000000
   66 	 100.000000 	 100.000000 	 100.000000
   67 	 -1.000000 	 91.662500 	 100.000000
   68 	 -0.250000 	 96.666667 	 100.000000
   69 	 -0.500000 	 93.334722 	 100.000000
   70 	 -1.000000 	 91.650000 	 100.000000
   71 	 -0.250000 	 91.673611 	 100.000000
   72 	 -0.250000 	 93.345833 	 100.000000
   73 	 -0.250000 	 95.018056 	 100.000000
   74 	 -1.000000 	 93.333333 	 100.000000
   75 	 -0.250000 	 91.673611 	 100.000000
   76 	 100.000000 	 100.000000 	 100.000000
   77 	 -1.000000 	 93.334722 	 100.000000
   78 	 -0.250000 	 96.668056 	 100.000000
   79 	 -0.500000 	 88.358333 	 100.000000
 