   0 	 -1.000000 	 6.703865 	 100.000000
    1 	 -1.000000 	 80.018611 	 100.000000
    2 	 -0.333333 	 93.333333 	 100.000000
    3 	 -0.333333 	 85.017500 	 100.000000
    4 	 -1.000000 	 91.637500 	 100.000000
    5 	 0.333333 	 96.680556 	 100.000000
    6 	 -1.000000 	 70.000000 	 100.000000
    7 	 -0.333333 	 90.004167 	 100.000000
    8 	 -1.000000 	 81.650000 	 100.000000
    9 	 -0.200000 	 91.683333 	 100.000000
   10 	 -1.000000 	 84.983333 	 100.000000
   11 	 -1.000000 	 78.338519 	 100.000000
   12 	 -1.000000 	 84.994444 	 100.000000
   13 	 -1.000000 	 76.681389 	 100.000000
   14 	 -1.000000 	 81.650000 	 100.000000
   15 	 -1.000000 	 88.303869 	 100.000000
   16 	 -1.000000 	 88.318056 	 100.000000
   17 	 -0.500000 	 78.331944 	 100.000000
   18 	 -0.500000 	 91.655556 	 100.000000
   19 	 -0.333333 	 93.348611 	 100.000000
   20 	 -1.000000 	 83.324167 	 100.000000
   21 	 -1.000000 	 93.300000 	 100.000000
   22 	 -1.000000 	 88.311944 	 100.000000
   23 	 -1.000000 	 93.333333 	 100.000000
   24 	 0.333333 	 96.688889 	 100.000000
   25 	 -0.250000 	 95.018056 	 100.000000
   26 	 -1.000000 	 89.965833 	 100.000000
   27 	 -1.000000 	 84.986111 	 100.000000
   28 	 -1.000000 	 93.320000 	 100.000000
   29 	 -1.000000 	 88.302778 	 100.000000
   30 	 -1.000000 	 86.666667 	 100.000000
   31 	 -1.000000 	 98.316667 	 100.000000
   32 	 -1.000000 	 93.302778 	 100.000000
   33 	 -1.000000 	 91.655556 	 100.000000
   34 	 -1.000000 	 98.316667 	 100.000000
   35 	 -1.000000 	 93.308333 	 100.000000
   36 	 -1.000000 	 98.316667 	 100.000000
   37 	 -1.000000 	 91.656944 	 100.000000
   38 	 -0.166667 	 95.018056 	 100.000000
   39 	 -0.500000 	 96.675000 	 100.000000
   40 	 -1.000000 	 96.654167 	 100.000000
   41 	 -1.000000 	 98.316667 	 100.000000
   42 	 -0.500000 	 98.325000 	 100.000000
   43 	 -1.000000 	 98.316667 	 100.000000
   44 	 0.250000 	 95.025000 	 100.000000
   45 	 -1.000000 	 96.644444 	 100.000000
   46 	 0.250000 	 98.337500 	 100.000000
   47 	 0.250000 	 98.337500 	 100.000000
   48 	 -0.333333 	 96.665278 	 100.000000
   49 	 -0.333333 	 96.655556 	 100.000000
   50 	 -1.000000 	 96.654167 	 100.000000
   51 	 -0.333333 	 94.993056 	 100.000000
   52 	 -1.000000 	 96.641667 	 100.000000
   53 	 100.000000 	 100.000000 	 100.000000
   54 	 -1.000000 	 98.316667 	 100.000000
   55 	 -1.000000 	 98.316667 	 100.000000
   56 	 -1.000000 	 93.322222 	 100.000000
   57 	 -1.000000 	 93.312500 	 100.000000
   58 	 -1.000000 	 96.654167 	 100.000000
   59 	 1.000000 	 98.350000 	 100.000000
   60 	 -0.250000 	 98.329167 	 100.000000
   61 	 0.500000 	 98.341667 	 100.000000
   62 	 -1.000000 	 93.333333 	 100.000000
   63 	 100.000000 	 100.000000 	 100.000000
   64 	 100.000000 	 100.000000 	 100.000000
   65 	 -1.000000 	 94.950000 	 100.000000
   66 	 -1.000000 	 93.308333 	 100.000000
   67 	 -0.333333 	 96.665278 	 100.000000
   68 	 -0.500000 	 98.325000 	 100.000000
   69 	 -0.333333 	 96.665278 	 100.000000
   70 	 100.000000 	 100.000000 	 100.000000
   71 	 100.000000 	 100.000000 	 100.000000
   72 	 -1.000000 	 96.645833 	 100.000000
   73 	 -1.000000 	 98.316667 	 100.000000
   74 	 -1.000000 	 96.654167 	 100.000000
   75 	 100.000000 	 100.000000 	 100.000000
   76 	 0.250000 	 96.687500 	 100.000000
   77 	 100.000000 	 100.000000 	 100.000000
   78 	 100.000000 	 100.000000 	 100.000000
   79 	 100.000000 	 100.000000 	 100.000000
 