   0 	 0.014425 	 0.050824 	 0.191483
    1 	 0.017284 	 0.086797 	 0.375601
    2 	 0.022296 	 0.144842 	 1.627604
    3 	 0.022764 	 0.225107 	 1.627604
    4 	 0.026977 	 0.427935 	 1.627604
    5 	 0.024723 	 0.875381 	 1.953125
    6 	 0.047406 	 1.314526 	 1.627604
    7 	 0.042459 	 1.607445 	 4.882807
    8 	 0.037851 	 1.621648 	 9.765615
    9 	 0.147964 	 2.341877 	 9.765615
   10 	 0.037999 	 3.752738 	 9.765615
   11 	 0.037851 	 6.740925 	 9.765615
   12 	 4.882807 	 8.626293 	 9.765615
   13 	 0.574449 	 8.961388 	 9.765615
   14 	 4.882807 	 9.521474 	 9.765615
   15 	 1.953125 	 9.635406 	 9.765615
   16 	 1.953125 	 9.635406 	 9.765615
   17 	 4.882807 	 9.602854 	 9.765615
   18 	 0.037999 	 9.443231 	 9.765615
   19 	 0.037999 	 9.313023 	 9.765615
   20 	 9.765615 	 9.765615 	 9.765615
   21 	 0.120563 	 9.363227 	 9.765615
   22 	 9.765615 	 9.765615 	 9.765615
   23 	 9.765615 	 9.765615 	 9.765615
   24 	 0.037999 	 9.603488 	 9.765615
   25 	 9.765615 	 9.765615 	 9.765615
   26 	 0.120563 	 9.608770 	 10.000000
   27 	 0.120563 	 9.604864 	 9.765615
   28 	 9.765615 	 9.765615 	 9.765615
   29 	 0.574449 	 9.531048 	 9.765615
   30 	 9.765615 	 9.765615 	 9.765615
   31 	 1.085069 	 9.476263 	 9.765615
   32 	 0.199298 	 9.606176 	 9.765615
   33 	 9.765615 	 9.765615 	 9.765615
   34 	 9.765615 	 9.765615 	 9.765615
   35 	 0.037999 	 9.445267 	 10.000000
   36 	 0.574449 	 9.616335 	 10.000000
   37 	 0.574449 	 9.620241 	 10.000000
   38 	 9.765615 	 9.781240 	 10.000000
   39 	 0.037999 	 9.615207 	 10.000000
   40 	 1.953125 	 9.651032 	 10.000000
   41 	 9.765615 	 9.781240 	 10.000000
   42 	 0.574449 	 9.635867 	 10.000000
   43 	 0.037999 	 9.623020 	 10.000000
   44 	 0.043403 	 9.619203 	 10.000000
   45 	 4.882807 	 9.695954 	 10.000000
   46 	 0.037999 	 9.452447 	 10.000000
   47 	 4.882807 	 9.699860 	 10.000000
   48 	 1.085069 	 9.636565 	 10.000000
   49 	 9.765615 	 9.773427 	 10.000000
   50 	 0.037999 	 9.619113 	 10.000000
   51 	 9.765615 	 9.777334 	 10.000000
   52 	 0.574449 	 9.635867 	 10.000000
   53 	 0.150240 	 9.467798 	 10.000000
   54 	 0.038147 	 9.607397 	 10.000000
   55 	 0.120563 	 9.535203 	 10.000000
   56 	 1.085069 	 9.498544 	 10.000000
   57 	 0.043403 	 9.485089 	 10.000000
   58 	 1.085069 	 9.644377 	 10.000000
   59 	 9.765615 	 9.777334 	 10.000000
   60 	 4.882807 	 9.695954 	 10.000000
   61 	 9.765615 	 9.777334 	 10.000000
   62 	 9.765615 	 9.777334 	 10.000000
   63 	 9.765615 	 9.773427 	 10.000000
   64 	 9.765615 	 9.789053 	 10.000000
   65 	 0.120563 	 9.494188 	 10.000000
   66 	 0.150240 	 9.628797 	 10.000000
   67 	 9.765615 	 9.796866 	 10.000000
   68 	 1.953125 	 9.678377 	 10.000000
   69 	 0.037999 	 9.481553 	 10.000000
   70 	 0.038147 	 9.634742 	 10.000000
   71 	 4.882807 	 9.703767 	 10.000000
   72 	 9.765615 	 9.781240 	 10.000000
   73 	 9.765615 	 9.789053 	 10.000000
   74 	 1.953125 	 9.662751 	 10.000000
   75 	 1.953125 	 9.520824 	 10.000000
   76 	 0.037999 	 9.451144 	 10.000000
   77 	 0.120563 	 9.452459 	 10.000000
   78 	 1.953125 	 9.658845 	 10.000000
   79 	 9.765615 	 9.789053 	 10.000000
 