   0 	 0.017043 	 0.077738 	 0.751202
    1 	 0.017886 	 0.274270 	 1.953125
    2 	 0.028554 	 0.602909 	 4.882807
    3 	 0.035383 	 1.324827 	 9.765615
    4 	 0.041733 	 3.023730 	 9.765615
    5 	 0.126826 	 5.471322 	 9.765615
    6 	 0.037851 	 7.214290 	 9.765615
    7 	 4.882807 	 8.870433 	 9.765615
    8 	 4.882807 	 8.951813 	 9.765615
    9 	 0.043403 	 9.033917 	 9.765615
   10 	 0.043403 	 9.196677 	 9.765615
   11 	 0.043403 	 9.298646 	 9.765615
   12 	 0.120563 	 9.604864 	 9.765615
   13 	 9.765615 	 9.765615 	 9.765615
   14 	 9.765615 	 9.765615 	 9.765615
   15 	 9.765615 	 9.765615 	 9.765615
   16 	 0.120563 	 9.604864 	 9.765615
   17 	 0.574449 	 9.482220 	 9.765615
   18 	 0.150240 	 9.475150 	 9.765615
   19 	 0.043403 	 9.447328 	 9.765615
   20 	 0.043403 	 9.442827 	 9.765615
   21 	 9.765615 	 9.765615 	 9.765615
   22 	 0.120563 	 9.474656 	 9.765615
   23 	 1.953125 	 9.635406 	 9.765615
   24 	 0.390625 	 9.609365 	 9.765615
   25 	 9.765615 	 9.765615 	 9.765615
   26 	 9.765615 	 9.765615 	 9.765615
   27 	 0.037999 	 9.603488 	 9.765615
   28 	 9.765615 	 9.765615 	 9.765615
   29 	 0.037999 	 9.607394 	 10.000000
   30 	 9.765615 	 9.773427 	 10.000000
   31 	 0.037999 	 9.458857 	 10.000000
   32 	 9.765615 	 9.796866 	 10.000000
   33 	 9.765615 	 9.808585 	 10.000000
   34 	 0.150240 	 9.660048 	 10.000000
   35 	 0.150240 	 9.495986 	 10.000000
   36 	 9.765615 	 9.792960 	 10.000000
   37 	 9.765615 	 9.800772 	 10.000000
   38 	 9.765615 	 9.796866 	 10.000000
   39 	 4.882807 	 9.699860 	 10.000000
   40 	 0.120563 	 9.471210 	 10.000000
   41 	 9.765615 	 9.785147 	 10.000000
   42 	 1.085069 	 9.648284 	 10.000000
   43 	 1.953125 	 9.573558 	 10.000000
   44 	 9.765615 	 9.785147 	 10.000000
   45 	 9.765615 	 9.789053 	 10.000000
   46 	 2.441407 	 9.663077 	 10.000000
   47 	 9.765615 	 9.792960 	 10.000000
   48 	 9.765615 	 9.796866 	 10.000000
   49 	 0.150240 	 9.518121 	 10.000000
   50 	 1.953125 	 9.690096 	 10.000000
   51 	 0.037999 	 9.119341 	 10.000000
   52 	 0.150240 	 9.541559 	 10.000000
   53 	 9.765615 	 9.843743 	 10.000000
   54 	 9.765615 	 9.828117 	 10.000000
   55 	 0.150240 	 9.523331 	 10.000000
   56 	 0.038147 	 9.563455 	 10.000000
   57 	 0.152588 	 9.569269 	 10.000000
   58 	 9.765615 	 9.867182 	 10.000000
   59 	 1.953125 	 9.756506 	 10.000000
   60 	 9.765615 	 9.886714 	 10.000000
   61 	 0.610352 	 9.753658 	 10.000000
   62 	 9.765615 	 9.898433 	 10.000000
   63 	 1.953125 	 9.752599 	 10.000000
   64 	 0.150240 	 9.558388 	 10.000000
   65 	 9.765615 	 9.874994 	 10.000000
   66 	 9.765615 	 9.871088 	 10.000000
   67 	 0.150240 	 9.554338 	 10.000000
   68 	 0.610352 	 9.706781 	 10.000000
   69 	 9.765615 	 9.886714 	 10.000000
   70 	 9.765615 	 9.874994 	 10.000000
   71 	 0.038147 	 9.724589 	 10.000000
   72 	 9.765615 	 9.871088 	 10.000000
   73 	 2.441407 	 9.745111 	 10.000000
   74 	 0.038147 	 9.579081 	 10.000000
   75 	 1.085069 	 9.738132 	 10.000000
   76 	 0.610352 	 9.738032 	 10.000000
   77 	 0.038147 	 9.740215 	 10.000000
   78 	 9.765615 	 9.871088 	 10.000000
   79 	 9.765615 	 9.867182 	 10.000000
 