   0 	 0.018744 	 0.057511 	 0.263936
    1 	 0.019768 	 0.077926 	 0.263936
    2 	 0.026111 	 0.131173 	 0.697545
    3 	 0.032661 	 0.219766 	 1.627604
    4 	 0.028807 	 0.370011 	 1.627604
    5 	 0.041380 	 0.730702 	 1.627604
    6 	 0.023141 	 1.110561 	 1.627604
    7 	 0.041032 	 1.478354 	 3.255205
    8 	 0.113554 	 1.615287 	 3.255205
    9 	 0.542535 	 1.795531 	 3.255205
   10 	 0.325521 	 2.024429 	 3.255205
   11 	 0.361690 	 2.176166 	 3.255205
   12 	 0.042459 	 2.393284 	 3.255205
   13 	 0.042459 	 2.691678 	 3.255205
   14 	 0.361690 	 2.908586 	 3.255205
   15 	 1.627604 	 3.011065 	 3.255205
   16 	 1.627604 	 3.200952 	 3.255205
   17 	 0.361690 	 3.206980 	 3.255205
   18 	 3.255205 	 3.255205 	 3.255205
   19 	 0.117658 	 3.175786 	 3.255205
   20 	 0.043020 	 3.061694 	 3.255205
   21 	 3.255205 	 3.255205 	 3.255205
   22 	 0.887784 	 3.188621 	 3.255205
   23 	 0.117658 	 3.175786 	 3.255205
   24 	 3.255205 	 3.255205 	 3.255205
   25 	 3.255205 	 3.255205 	 3.255205
   26 	 3.255205 	 3.255205 	 3.255205
   27 	 0.361690 	 3.206980 	 3.255205
   28 	 3.255205 	 3.255205 	 3.255205
   29 	 3.255205 	 3.255205 	 3.255205
   30 	 0.887784 	 3.215748 	 3.255205
   31 	 0.117658 	 3.163456 	 3.255205
   32 	 0.043020 	 3.149376 	 3.255205
   33 	 0.887784 	 3.203418 	 4.882807
   34 	 0.887784 	 3.215748 	 3.255205
   35 	 0.117658 	 3.202913 	 3.255205
   36 	 0.117658 	 3.202913 	 3.255205
   37 	 0.043020 	 3.149376 	 3.255205
   38 	 3.255205 	 3.255205 	 3.255205
   39 	 0.043020 	 3.201669 	 3.255205
   40 	 0.043020 	 3.149376 	 3.255205
   41 	 0.361690 	 3.179853 	 3.255205
   42 	 0.043020 	 3.201669 	 3.255205
   43 	 0.043020 	 3.101151 	 3.255205
   44 	 0.117658 	 3.202913 	 3.255205
   45 	 3.255205 	 3.255205 	 3.255205
   46 	 3.255205 	 3.255205 	 3.255205
   47 	 0.361690 	 3.206980 	 3.255205
   48 	 0.361690 	 3.206980 	 3.255205
   49 	 0.361690 	 3.206980 	 3.255205
   50 	 0.043020 	 3.153443 	 3.255205
   51 	 3.255205 	 3.255205 	 3.255205
   52 	 0.043020 	 3.228795 	 4.882807
   53 	 3.255205 	 3.309458 	 4.882807
   54 	 0.043020 	 3.141113 	 4.882807
   55 	 0.887784 	 3.351382 	 4.882807
   56 	 0.887784 	 3.432762 	 4.882807
   57 	 3.255205 	 3.634979 	 4.882807
   58 	 3.255205 	 3.743486 	 4.882807
   59 	 3.255205 	 3.879119 	 4.882807
   60 	 0.361690 	 3.791437 	 4.882807
   61 	 0.117658 	 4.185502 	 4.882807
   62 	 3.255205 	 4.503033 	 4.882807
   63 	 3.255205 	 4.584414 	 4.882807
   64 	 0.976562 	 4.524735 	 4.882807
   65 	 0.976562 	 4.654943 	 4.882807
   66 	 0.119093 	 4.667779 	 4.882807
   67 	 0.043211 	 4.747894 	 4.882807
   68 	 3.255205 	 4.801427 	 4.882807
   69 	 0.976562 	 4.682070 	 4.882807
   70 	 0.976562 	 4.660368 	 4.882807
   71 	 1.953125 	 4.752599 	 4.882807
   72 	 3.255205 	 4.801427 	 4.882807
   73 	 0.037851 	 4.585675 	 4.882807
   74 	 0.037851 	 4.666425 	 4.882807
   75 	 0.037851 	 4.693551 	 4.882807
   76 	 0.147964 	 4.749640 	 4.882807
   77 	 3.255205 	 4.855681 	 4.882807
   78 	 0.375601 	 4.807687 	 4.882807
   79 	 4.882807 	 4.882807 	 4.882807
 