   0 	 0.018926 	 0.069242 	 0.574449
    1 	 0.021750 	 0.201791 	 3.255205
    2 	 0.038907 	 1.146085 	 10.000000
    3 	 0.035383 	 2.983414 	 10.000000
    4 	 0.147964 	 5.016903 	 10.000000
    5 	 0.195312 	 5.514631 	 10.000000
    6 	 0.043211 	 6.734935 	 10.000000
    7 	 0.610352 	 9.128586 	 10.000000
    8 	 0.037999 	 9.477260 	 10.000000
    9 	 0.038147 	 9.206369 	 10.000000
   10 	 1.953125 	 9.642248 	 10.000000
   11 	 1.085069 	 9.753757 	 10.000000
   12 	 9.765615 	 9.890620 	 10.000000
   13 	 9.765615 	 9.890620 	 10.000000
   14 	 2.441407 	 9.638667 	 10.000000
   15 	 1.085069 	 9.553888 	 10.000000
   16 	 1.085069 	 9.761570 	 10.000000
   17 	 0.038147 	 9.454854 	 10.000000
   18 	 0.390625 	 9.523243 	 10.000000
   19 	 0.574449 	 9.772592 	 10.000000
   20 	 4.882807 	 9.871743 	 10.000000
   21 	 9.765615 	 9.976561 	 10.000000
   22 	 9.765615 	 9.992187 	 10.000000
   23 	 9.765615 	 9.996094 	 10.000000
   24 	 0.038147 	 9.830063 	 10.000000
   25 	 2.441407 	 9.748047 	 10.000000
   26 	 2.441407 	 9.748047 	 10.000000
   27 	 0.038147 	 9.543869 	 10.000000
   28 	 10.000000 	 10.000000 	 10.000000
   29 	 10.000000 	 10.000000 	 10.000000
   30 	 0.152588 	 9.835876 	 10.000000
   31 	 10.000000 	 10.000000 	 10.000000
   32 	 10.000000 	 10.000000 	 10.000000
   33 	 10.000000 	 10.000000 	 10.000000
   34 	 0.038147 	 9.833969 	 10.000000
   35 	 0.610352 	 9.843506 	 10.000000
   36 	 2.441407 	 9.870117 	 10.000000
   37 	 0.152588 	 9.824157 	 10.000000
   38 	 9.765615 	 9.992187 	 10.000000
   39 	 9.765615 	 9.988281 	 10.000000
   40 	 9.765615 	 9.984374 	 10.000000
   41 	 2.441407 	 9.724608 	 10.000000
   42 	 0.038147 	 9.524337 	 10.000000
   43 	 2.441407 	 9.846678 	 10.000000
   44 	 0.152588 	 9.674417 	 10.000000
   45 	 0.150240 	 9.812399 	 10.000000
   46 	 9.765615 	 9.976561 	 10.000000
   47 	 0.152588 	 9.572204 	 10.000000
   48 	 0.610352 	 9.831787 	 10.000000
   49 	 0.152588 	 9.828064 	 10.000000
   50 	 9.765615 	 9.996094 	 10.000000
   51 	 0.152588 	 9.835876 	 10.000000
   52 	 10.000000 	 10.000000 	 10.000000
   53 	 10.000000 	 10.000000 	 10.000000
   54 	 9.765615 	 9.996094 	 10.000000
   55 	 10.000000 	 10.000000 	 10.000000
   56 	 2.441407 	 9.874023 	 10.000000
   57 	 0.038147 	 9.511444 	 10.000000
   58 	 0.152588 	 9.835876 	 10.000000
   59 	 0.610352 	 9.843506 	 10.000000
   60 	 2.441407 	 9.874023 	 10.000000
   61 	 0.038147 	 9.833969 	 10.000000
   62 	 0.610352 	 9.843506 	 10.000000
   63 	 10.000000 	 10.000000 	 10.000000
   64 	 0.152588 	 9.553406 	 10.000000
   65 	 9.765615 	 9.996094 	 10.000000
   66 	 9.765615 	 9.996094 	 10.000000
   67 	 0.610352 	 9.839599 	 10.000000
   68 	 2.441407 	 9.870117 	 10.000000
   69 	 10.000000 	 10.000000 	 10.000000
   70 	 2.441407 	 9.874023 	 10.000000
   71 	 10.000000 	 10.000000 	 10.000000
   72 	 0.038147 	 9.833969 	 10.000000
   73 	 0.038147 	 9.833969 	 10.000000
   74 	 0.038147 	 9.669846 	 10.000000
   75 	 0.038147 	 9.520981 	 10.000000
   76 	 0.610352 	 9.843506 	 10.000000
   77 	 10.000000 	 10.000000 	 10.000000
   78 	 0.610352 	 9.717529 	 10.000000
   79 	 10.000000 	 10.000000 	 10.000000
 