   0 	 0.018744 	 0.060870 	 0.542535
    1 	 0.023251 	 0.138396 	 0.610352
    2 	 0.026465 	 0.519763 	 10.000000
    3 	 0.037999 	 3.534627 	 10.000000
    4 	 0.150240 	 8.651513 	 10.000000
    5 	 0.152588 	 9.409757 	 10.000000
    6 	 0.610352 	 9.533789 	 10.000000
    7 	 9.765615 	 9.968749 	 10.000000
    8 	 9.765615 	 9.992187 	 10.000000
    9 	 0.610352 	 9.835693 	 10.000000
   10 	 0.610352 	 9.835693 	 10.000000
   11 	 9.765615 	 9.996094 	 10.000000
   12 	 0.038147 	 9.669662 	 10.000000
   13 	 9.765615 	 9.992187 	 10.000000
   14 	 9.765615 	 9.996094 	 10.000000
   15 	 0.152588 	 9.835876 	 10.000000
   16 	 0.610352 	 9.717529 	 10.000000
   17 	 10.000000 	 10.000000 	 10.000000
   18 	 0.152588 	 9.835876 	 10.000000
   19 	 10.000000 	 10.000000 	 10.000000
   20 	 0.038147 	 9.833969 	 10.000000
   21 	 0.038147 	 9.833969 	 10.000000
   22 	 10.000000 	 10.000000 	 10.000000
   23 	 0.038147 	 9.707993 	 10.000000
   24 	 0.610352 	 9.843506 	 10.000000
   25 	 0.038147 	 9.833969 	 10.000000
   26 	 9.765615 	 9.996094 	 10.000000
   27 	 0.038147 	 9.543869 	 10.000000
   28 	 0.152588 	 9.831970 	 10.000000
   29 	 10.000000 	 10.000000 	 10.000000
   30 	 10.000000 	 10.000000 	 10.000000
   31 	 2.441407 	 9.874023 	 10.000000
   32 	 2.441407 	 9.866211 	 10.000000
   33 	 9.765615 	 9.996094 	 10.000000
   34 	 0.610352 	 9.835693 	 10.000000
   35 	 0.049825 	 9.665950 	 10.000000
   36 	 0.038147 	 9.677475 	 10.000000
   37 	 10.000000 	 10.000000 	 10.000000
   38 	 2.441407 	 9.874023 	 10.000000
   39 	 10.000000 	 10.000000 	 10.000000
   40 	 10.000000 	 10.000000 	 10.000000
   41 	 10.000000 	 10.000000 	 10.000000
   42 	 10.000000 	 10.000000 	 10.000000
   43 	 0.610352 	 9.717529 	 10.000000
   44 	 2.441407 	 9.874023 	 10.000000
   45 	 0.610352 	 9.843506 	 10.000000
   46 	 10.000000 	 10.000000 	 10.000000
   47 	 0.610352 	 9.843506 	 10.000000
   48 	 0.610352 	 9.843506 	 10.000000
   49 	 10.000000 	 10.000000 	 10.000000
   50 	 10.000000 	 10.000000 	 10.000000
   51 	 10.000000 	 10.000000 	 10.000000
   52 	 10.000000 	 10.000000 	 10.000000
   53 	 0.610352 	 9.839599 	 10.000000
   54 	 9.765615 	 9.996094 	 10.000000
   55 	 10.000000 	 10.000000 	 10.000000
   56 	 10.000000 	 10.000000 	 10.000000
   57 	 9.765615 	 9.996094 	 10.000000
   58 	 0.610352 	 9.843506 	 10.000000
   59 	 9.765615 	 9.996094 	 10.000000
   60 	 9.765615 	 9.996094 	 10.000000
   61 	 9.765615 	 9.996094 	 10.000000
   62 	 0.610352 	 9.843506 	 10.000000
   63 	 0.152588 	 9.709900 	 10.000000
   64 	 10.000000 	 10.000000 	 10.000000
   65 	 0.610352 	 9.717529 	 10.000000
   66 	 2.441407 	 9.874023 	 10.000000
   67 	 9.765615 	 9.996094 	 10.000000
   68 	 9.765615 	 9.996094 	 10.000000
   69 	 9.765615 	 9.996094 	 10.000000
   70 	 0.610352 	 9.713623 	 10.000000
   71 	 2.441407 	 9.870117 	 10.000000
   72 	 2.441407 	 9.874023 	 10.000000
   73 	 0.152588 	 9.709900 	 10.000000
   74 	 0.610352 	 9.843506 	 10.000000
   75 	 0.610352 	 9.843506 	 10.000000
   76 	 0.610352 	 9.717529 	 10.000000
   77 	 0.610352 	 9.687012 	 10.000000
   78 	 0.610352 	 9.835693 	 10.000000
   79 	 0.152588 	 9.831970 	 10.000000
 