   0 	 0.015625 	 0.102487 	 1.085070
    1 	 0.017377 	 0.330582 	 1.953125
    2 	 0.028892 	 0.465312 	 1.953125
    3 	 0.037416 	 0.750882 	 1.953125
    4 	 0.037273 	 0.831714 	 1.953125
    5 	 0.036303 	 0.993591 	 1.627604
    6 	 0.048585 	 0.957749 	 1.627604
    7 	 0.048585 	 0.889873 	 1.627604
    8 	 0.042459 	 1.031338 	 1.627604
    9 	 0.048585 	 1.188444 	 1.627604
   10 	 0.113554 	 1.257428 	 1.627604
   11 	 0.093006 	 1.256404 	 1.627604
   12 	 0.180845 	 1.426134 	 1.627604
   13 	 0.697545 	 1.494554 	 1.627604
   14 	 1.085070 	 1.582393 	 1.627604
   15 	 0.049321 	 1.406684 	 1.627604
   16 	 0.049321 	 1.459387 	 1.627604
   17 	 1.085070 	 1.609520 	 1.627604
   18 	 0.256990 	 1.518145 	 1.627604
   19 	 0.095741 	 1.528167 	 1.627604
   20 	 1.627604 	 1.627604 	 1.627604
   21 	 0.042459 	 1.601185 	 1.627604
   22 	 0.113554 	 1.571626 	 1.627604
   23 	 0.049321 	 1.592257 	 1.627604
   24 	 0.697545 	 1.612103 	 1.627604
   25 	 0.042459 	 1.570183 	 1.627604
   26 	 0.042459 	 1.527945 	 1.627604
   27 	 0.256990 	 1.604761 	 1.627604
   28 	 0.887784 	 1.606232 	 1.627604
   29 	 0.049321 	 1.558554 	 1.627604
   30 	 1.627604 	 1.627604 	 1.627604
   31 	 0.325521 	 1.584201 	 1.627604
   32 	 0.042459 	 1.601185 	 1.627604
   33 	 0.256990 	 1.604761 	 1.627604
   34 	 0.042459 	 1.601185 	 1.627604
   35 	 1.627604 	 1.627604 	 1.627604
   36 	 1.627604 	 1.627604 	 1.627604
   37 	 0.113554 	 1.602370 	 1.627604
   38 	 0.697545 	 1.612103 	 1.627604
   39 	 1.627604 	 1.627604 	 1.627604
   40 	 1.627604 	 1.627604 	 1.627604
   41 	 1.627604 	 1.627604 	 1.627604
   42 	 0.113554 	 1.593328 	 1.627604
   43 	 0.697545 	 1.603061 	 1.627604
   44 	 0.697545 	 1.587560 	 1.627604
   45 	 1.085070 	 1.618562 	 1.627604
   46 	 1.085070 	 1.591435 	 1.627604
   47 	 1.085070 	 1.591435 	 1.627604
   48 	 1.085070 	 1.618562 	 1.627604
   49 	 0.325521 	 1.590402 	 1.627604
   50 	 0.042459 	 1.601185 	 1.627604
   51 	 0.113554 	 1.564805 	 1.627604
   52 	 0.042459 	 1.588855 	 1.627604
   53 	 1.627604 	 1.627604 	 1.627604
   54 	 1.627604 	 1.627604 	 1.627604
   55 	 0.256990 	 1.649972 	 4.882807
   56 	 0.256990 	 1.695183 	 4.882807
   57 	 0.697545 	 1.910497 	 4.882807
   58 	 0.325521 	 2.119501 	 4.882807
   59 	 0.043211 	 2.961984 	 4.882807
   60 	 1.085070 	 4.005711 	 4.882807
   61 	 1.627604 	 4.665794 	 4.882807
   62 	 1.627604 	 4.801427 	 4.882807
   63 	 0.147964 	 4.695386 	 4.882807
   64 	 1.627604 	 4.828554 	 4.882807
   65 	 4.882807 	 4.882807 	 4.882807
   66 	 0.375601 	 4.807687 	 4.882807
   67 	 0.147964 	 4.803893 	 4.882807
   68 	 4.882807 	 4.882807 	 4.882807
   69 	 4.882807 	 4.882807 	 4.882807
   70 	 4.882807 	 4.882807 	 4.882807
   71 	 0.147964 	 4.803893 	 4.882807
   72 	 4.882807 	 4.882807 	 4.882807
   73 	 4.882807 	 4.882807 	 4.882807
   74 	 4.882807 	 4.882807 	 4.882807
   75 	 1.953125 	 4.833979 	 4.882807
   76 	 1.953125 	 4.833979 	 4.882807
   77 	 4.882807 	 4.882807 	 4.882807
   78 	 4.882807 	 4.882807 	 4.882807
   79 	 4.882807 	 4.882807 	 4.882807
 