   0 	 0.016552 	 0.051621 	 0.361690
    1 	 0.017043 	 0.107435 	 1.220704
    2 	 0.026465 	 0.362229 	 1.953125
    3 	 0.023141 	 0.818533 	 2.441407
    4 	 0.024849 	 1.065779 	 4.882807
    5 	 0.037416 	 1.252112 	 4.882807
    6 	 0.048828 	 2.051803 	 9.765615
    7 	 0.037851 	 3.384713 	 9.765615
    8 	 0.043211 	 5.792538 	 10.000000
    9 	 0.043403 	 6.789621 	 10.000000
   10 	 0.043403 	 8.541772 	 10.000000
   11 	 0.042645 	 8.844676 	 10.000000
   12 	 0.390625 	 9.194817 	 10.000000
   13 	 0.199298 	 9.489708 	 10.000000
   14 	 0.199298 	 9.419184 	 10.000000
   15 	 0.150240 	 9.485569 	 10.000000
   16 	 0.150240 	 9.281649 	 10.000000
   17 	 0.043403 	 9.524614 	 10.000000
   18 	 0.043403 	 9.563217 	 10.000000
   19 	 0.574449 	 9.698370 	 10.000000
   20 	 9.765615 	 9.878901 	 10.000000
   21 	 9.765615 	 9.890620 	 10.000000
   22 	 9.765615 	 9.886714 	 10.000000
   23 	 0.038147 	 9.574272 	 10.000000
   24 	 0.152588 	 9.664649 	 10.000000
   25 	 0.038147 	 9.647116 	 10.000000
   26 	 9.765615 	 9.886714 	 10.000000
   27 	 9.765615 	 9.921872 	 10.000000
   28 	 9.765615 	 9.960936 	 10.000000
   29 	 2.441407 	 9.834959 	 10.000000
   30 	 0.038147 	 9.798811 	 10.000000
   31 	 9.765615 	 9.960936 	 10.000000
   32 	 9.765615 	 9.964842 	 10.000000
   33 	 9.765615 	 9.960936 	 10.000000
   34 	 0.152588 	 9.624692 	 10.000000
   35 	 9.765615 	 9.945310 	 10.000000
   36 	 0.120563 	 9.776746 	 10.000000
   37 	 9.765615 	 9.941404 	 10.000000
   38 	 9.765615 	 9.953123 	 10.000000
   39 	 0.610352 	 9.719155 	 10.000000
   40 	 4.882807 	 9.863930 	 10.000000
   41 	 0.152588 	 9.796812 	 10.000000
   42 	 9.765615 	 9.949216 	 10.000000
   43 	 9.765615 	 9.960936 	 10.000000
   44 	 0.610352 	 9.498532 	 10.000000
   45 	 0.038147 	 9.763653 	 10.000000
   46 	 9.765615 	 9.964842 	 10.000000
   47 	 1.085069 	 9.808447 	 10.000000
   48 	 9.765615 	 9.941404 	 10.000000
   49 	 0.150240 	 9.550488 	 10.000000
   50 	 9.765615 	 9.937497 	 10.000000
   51 	 4.882807 	 9.763018 	 10.000000
   52 	 4.882807 	 9.840491 	 10.000000
   53 	 4.882807 	 9.860024 	 10.000000
   54 	 9.765615 	 9.941404 	 10.000000
   55 	 4.882807 	 9.871743 	 10.000000
   56 	 9.765615 	 9.972655 	 10.000000
   57 	 0.038147 	 9.650130 	 10.000000
   58 	 0.152588 	 9.804625 	 10.000000
   59 	 2.441407 	 9.838866 	 10.000000
   60 	 0.038147 	 9.619062 	 10.000000
   61 	 9.765615 	 9.945310 	 10.000000
   62 	 9.765615 	 9.953123 	 10.000000
   63 	 0.037999 	 9.794902 	 10.000000
   64 	 9.765615 	 9.960936 	 10.000000
   65 	 9.765615 	 9.953123 	 10.000000
   66 	 0.610352 	 9.800535 	 10.000000
   67 	 9.765615 	 9.953123 	 10.000000
   68 	 0.610352 	 9.796629 	 10.000000
   69 	 0.610352 	 9.788816 	 10.000000
   70 	 9.765615 	 9.933591 	 10.000000
   71 	 2.441407 	 9.815427 	 10.000000
   72 	 9.765615 	 9.925778 	 10.000000
   73 	 0.152588 	 9.753842 	 10.000000
   74 	 0.574449 	 9.397022 	 10.000000
   75 	 4.882807 	 9.832679 	 10.000000
   76 	 4.882807 	 9.832679 	 10.000000
   77 	 0.610352 	 9.777097 	 10.000000
   78 	 9.765615 	 9.949216 	 10.000000
   79 	 9.765615 	 9.945310 	 10.000000
 