   0 	 0.016385 	 0.059517 	 0.295928
    1 	 0.020822 	 0.102022 	 0.513980
    2 	 0.027052 	 0.191915 	 1.085070
    3 	 0.018744 	 0.386126 	 1.085070
    4 	 0.035511 	 0.601307 	 1.953125
    5 	 0.041733 	 0.770352 	 1.953125
    6 	 0.041032 	 0.956248 	 1.953125
    7 	 0.093006 	 1.308838 	 4.882807
    8 	 0.238186 	 2.071270 	 9.765615
    9 	 0.037999 	 3.542290 	 9.765615
   10 	 0.042459 	 6.528101 	 9.765615
   11 	 0.043403 	 8.464256 	 9.765615
   12 	 4.882807 	 9.440094 	 9.765615
   13 	 4.882807 	 9.684234 	 9.765615
   14 	 0.150240 	 9.321964 	 9.765615
   15 	 0.043403 	 9.447328 	 9.765615
   16 	 0.043403 	 9.302652 	 9.765615
   17 	 9.765615 	 9.765615 	 9.765615
   18 	 0.120563 	 9.604864 	 9.765615
   19 	 9.765615 	 9.769521 	 10.000000
   20 	 9.765615 	 9.769521 	 10.000000
   21 	 0.037999 	 9.611301 	 10.000000
   22 	 9.765615 	 9.777334 	 10.000000
   23 	 9.765615 	 9.785147 	 10.000000
   24 	 0.043403 	 9.627016 	 10.000000
   25 	 0.037999 	 9.626926 	 10.000000
   26 	 0.037999 	 9.466175 	 10.000000
   27 	 4.882807 	 9.699860 	 10.000000
   28 	 0.043403 	 9.630923 	 10.000000
   29 	 9.765615 	 9.789053 	 10.000000
   30 	 9.765615 	 9.792960 	 10.000000
   31 	 9.765615 	 9.785147 	 10.000000
   32 	 0.037999 	 9.537733 	 10.000000
   33 	 4.882807 	 9.622386 	 10.000000
   34 	 0.120563 	 9.558641 	 10.000000
   35 	 0.043403 	 9.460350 	 10.000000
   36 	 4.882807 	 9.707673 	 10.000000
   37 	 9.765615 	 9.773427 	 10.000000
   38 	 1.953125 	 9.639313 	 10.000000
   39 	 9.765615 	 9.765615 	 9.765615
   40 	 4.882807 	 9.684234 	 9.765615
   41 	 0.574449 	 9.286908 	 9.765615
   42 	 1.085069 	 9.327970 	 9.765615
   43 	 1.085069 	 9.458179 	 9.765615
   44 	 4.882807 	 9.602854 	 9.765615
   45 	 0.390625 	 9.316396 	 9.765615
   46 	 4.882807 	 9.521474 	 9.765615
   47 	 0.120563 	 9.279343 	 9.765615
   48 	 0.037999 	 9.004147 	 9.765615
   49 	 0.037999 	 9.148392 	 9.765615
   50 	 0.574449 	 9.531048 	 9.765615
   51 	 0.037999 	 9.284606 	 10.000000
   52 	 9.765615 	 9.765615 	 9.765615
   53 	 0.150240 	 9.452172 	 9.765615
   54 	 1.085069 	 9.620939 	 9.765615
   55 	 9.765615 	 9.765615 	 9.765615
   56 	 9.765615 	 9.769521 	 10.000000
   57 	 0.150240 	 9.523978 	 9.765615
   58 	 0.037999 	 9.603488 	 9.765615
   59 	 1.085069 	 9.620939 	 9.765615
   60 	 9.765615 	 9.765615 	 9.765615
   61 	 9.765615 	 9.765615 	 9.765615
   62 	 9.765615 	 9.765615 	 9.765615
   63 	 9.765615 	 9.765615 	 9.765615
   64 	 1.085069 	 9.620939 	 9.765615
   65 	 0.150240 	 9.139673 	 9.765615
   66 	 0.037999 	 9.473279 	 9.765615
   67 	 1.953125 	 9.635406 	 9.765615
   68 	 9.765615 	 9.765615 	 9.765615
   69 	 1.953125 	 9.639313 	 10.000000
   70 	 0.037999 	 9.311243 	 9.765615
   71 	 9.765615 	 9.765615 	 9.765615
   72 	 0.043403 	 9.125826 	 9.765615
   73 	 9.765615 	 9.765615 	 9.765615
   74 	 9.765615 	 9.765615 	 9.765615
   75 	 9.765615 	 9.765615 	 9.765615
   76 	 0.037999 	 9.447238 	 9.765615
   77 	 0.150240 	 9.352755 	 10.000000
   78 	 0.037999 	 9.473279 	 9.765615
   79 	 9.765615 	 9.765615 	 9.765615
 