   0 	 0.017377 	 0.052477 	 0.238186
    1 	 0.023419 	 0.074277 	 0.325521
    2 	 0.028306 	 0.114576 	 1.627604
    3 	 0.028306 	 0.322645 	 1.953125
    4 	 0.041733 	 0.826433 	 3.255205
    5 	 0.180845 	 1.633862 	 4.882807
    6 	 0.041913 	 2.408568 	 9.765615
    7 	 0.147964 	 3.618032 	 9.765615
    8 	 0.150240 	 4.563101 	 9.765615
    9 	 0.037851 	 5.680700 	 9.765615
   10 	 0.037999 	 6.059375 	 9.765615
   11 	 0.043403 	 7.257611 	 9.765615
   12 	 0.037999 	 8.703935 	 9.765615
   13 	 4.882807 	 9.684234 	 9.765615
   14 	 9.765615 	 9.765615 	 9.765615
   15 	 9.765615 	 9.765615 	 9.765615
   16 	 1.953125 	 9.635406 	 9.765615
   17 	 9.765615 	 9.765615 	 9.765615
   18 	 9.765615 	 9.765615 	 9.765615
   19 	 0.037999 	 9.458812 	 9.765615
   20 	 9.765615 	 9.765615 	 9.765615
   21 	 9.765615 	 9.765615 	 9.765615
   22 	 0.043403 	 9.328694 	 9.765615
   23 	 0.043403 	 9.522198 	 9.765615
   24 	 9.765615 	 9.765615 	 9.765615
   25 	 0.574449 	 9.467753 	 9.765615
   26 	 0.150240 	 9.605358 	 9.765615
   27 	 0.150240 	 9.393770 	 9.765615
   28 	 1.085069 	 9.620939 	 9.765615
   29 	 9.765615 	 9.769521 	 10.000000
   30 	 0.037999 	 9.603488 	 9.765615
   31 	 9.765615 	 9.769521 	 10.000000
   32 	 9.765615 	 9.773427 	 10.000000
   33 	 9.765615 	 9.777334 	 10.000000
   34 	 0.120563 	 9.467303 	 10.000000
   35 	 0.390625 	 9.531891 	 10.000000
   36 	 0.150240 	 9.605358 	 9.765615
   37 	 0.150240 	 9.605358 	 9.765615
   38 	 1.953125 	 9.635406 	 9.765615
   39 	 0.120563 	 9.604864 	 9.765615
   40 	 9.765615 	 9.765615 	 9.765615
   41 	 0.150240 	 9.605358 	 9.765615
   42 	 9.765615 	 9.765615 	 9.765615
   43 	 9.765615 	 9.765615 	 9.765615
   44 	 9.765615 	 9.765615 	 9.765615
   45 	 0.120563 	 9.523484 	 9.765615
   46 	 0.037999 	 9.442737 	 9.765615
   47 	 0.043403 	 9.458902 	 9.765615
   48 	 9.765615 	 9.765615 	 9.765615
   49 	 0.150240 	 9.445102 	 9.765615
   50 	 0.120563 	 9.448614 	 9.765615
   51 	 1.953125 	 9.635406 	 9.765615
   52 	 0.120563 	 9.474656 	 9.765615
   53 	 1.953125 	 9.635406 	 9.765615
   54 	 9.765615 	 9.765615 	 9.765615
   55 	 0.120563 	 9.604864 	 9.765615
   56 	 9.765615 	 9.765615 	 9.765615
   57 	 0.043403 	 9.603578 	 9.765615
   58 	 9.765615 	 9.765615 	 9.765615
   59 	 9.765615 	 9.765615 	 9.765615
   60 	 4.882807 	 9.684234 	 9.765615
   61 	 0.390625 	 9.609365 	 9.765615
   62 	 9.765615 	 9.765615 	 9.765615
   63 	 9.765615 	 9.765615 	 9.765615
   64 	 0.150240 	 9.523978 	 9.765615
   65 	 0.037999 	 9.522108 	 9.765615
   66 	 9.765615 	 9.765615 	 9.765615
   67 	 9.765615 	 9.769521 	 10.000000
   68 	 0.150240 	 9.531791 	 10.000000
   69 	 0.574449 	 9.620241 	 10.000000
   70 	 9.765615 	 9.777334 	 10.000000
   71 	 0.037999 	 9.545546 	 10.000000
   72 	 9.765615 	 9.796866 	 10.000000
   73 	 0.574449 	 9.360983 	 10.000000
   74 	 0.574449 	 9.655399 	 10.000000
   75 	 9.765615 	 9.800772 	 10.000000
   76 	 0.120563 	 9.632209 	 10.000000
   77 	 9.765615 	 9.796866 	 10.000000
   78 	 9.765615 	 9.796866 	 10.000000
   79 	 9.765615 	 9.796866 	 10.000000
 