   0 	 0.013832 	 0.048500 	 0.141531
    1 	 0.017377 	 0.088863 	 0.976562
    2 	 0.020559 	 0.267663 	 1.085069
    3 	 0.027432 	 0.599909 	 1.953125
    4 	 0.036713 	 0.594885 	 1.085069
    5 	 0.041733 	 0.783875 	 1.085069
    6 	 0.035641 	 0.794075 	 1.085069
    7 	 0.088778 	 0.836343 	 1.085069
    8 	 0.131968 	 0.885160 	 1.085069
    9 	 0.168373 	 0.932425 	 1.085069
   10 	 0.133776 	 0.965099 	 1.085069
   11 	 0.108507 	 0.933691 	 1.085069
   12 	 0.041733 	 0.949734 	 1.085069
   13 	 0.697545 	 0.977973 	 1.085069
   14 	 0.574449 	 0.966340 	 1.085069
   15 	 0.574449 	 0.958007 	 1.085069
   16 	 0.574449 	 0.953712 	 1.085069
   17 	 0.041733 	 0.938174 	 1.085069
   18 	 0.080046 	 0.976417 	 1.085069
   19 	 0.287224 	 0.981349 	 1.085069
   20 	 0.195312 	 0.981955 	 1.085069
   21 	 0.195312 	 0.980475 	 1.085069
   22 	 0.697545 	 0.987037 	 1.085069
   23 	 0.697545 	 1.044908 	 4.882807
   24 	 0.697545 	 1.174787 	 4.882807
   25 	 0.080046 	 1.663494 	 4.882807
   26 	 0.976562 	 2.739798 	 4.882807
   27 	 0.037851 	 4.020809 	 4.882807
   28 	 0.375601 	 4.807687 	 4.882807
   29 	 3.255205 	 4.855681 	 4.882807
   30 	 4.882807 	 4.882807 	 4.882807
   31 	 4.882807 	 4.882807 	 4.882807
   32 	 4.882807 	 4.882807 	 4.882807
   33 	 0.147964 	 4.673685 	 4.882807
   34 	 0.976562 	 4.768875 	 4.882807
   35 	 3.255205 	 4.855681 	 4.882807
   36 	 0.976562 	 4.790577 	 4.882807
   37 	 0.375601 	 4.753434 	 4.882807
   38 	 0.037851 	 4.602041 	 4.882807
   39 	 4.882807 	 4.882807 	 4.882807
   40 	 4.882807 	 4.882807 	 4.882807
   41 	 4.882807 	 4.964187 	 9.765615
   42 	 1.953125 	 4.996740 	 9.765615
   43 	 4.882807 	 5.126948 	 9.765615
   44 	 4.882807 	 5.208328 	 9.765615
   45 	 0.375601 	 5.334780 	 9.765615
   46 	 4.882807 	 6.184889 	 9.765615
   47 	 4.882807 	 6.429030 	 9.765615
   48 	 0.043211 	 7.324931 	 9.765615
   49 	 0.120563 	 7.407600 	 9.765615
   50 	 4.882807 	 8.463533 	 9.765615
   51 	 4.882807 	 8.789053 	 9.765615
   52 	 1.085069 	 9.295418 	 9.765615
   53 	 1.085069 	 9.620939 	 9.765615
   54 	 4.882807 	 9.684234 	 9.765615
   55 	 0.037999 	 9.603488 	 9.765615
   56 	 9.765615 	 9.765615 	 9.765615
   57 	 0.037999 	 9.603488 	 9.765615
   58 	 0.574449 	 9.459242 	 9.765615
   59 	 4.882807 	 9.684234 	 9.765615
   60 	 0.037999 	 9.440727 	 9.765615
   61 	 4.882807 	 9.684234 	 9.765615
   62 	 4.882807 	 9.684234 	 9.765615
   63 	 0.574449 	 9.296482 	 9.765615
   64 	 0.043403 	 9.603578 	 9.765615
   65 	 0.574449 	 9.612428 	 9.765615
   66 	 9.765615 	 9.765615 	 9.765615
   67 	 9.765615 	 9.765615 	 9.765615
   68 	 0.037999 	 9.447238 	 9.765615
   69 	 9.765615 	 9.765615 	 9.765615
   70 	 9.765615 	 9.765615 	 9.765615
   71 	 9.765615 	 9.765615 	 9.765615
   72 	 1.085069 	 9.368661 	 9.765615
   73 	 0.120563 	 9.604864 	 9.765615
   74 	 0.043403 	 9.473370 	 9.765615
   75 	 0.120563 	 9.451678 	 9.765615
   76 	 0.043403 	 9.369012 	 9.765615
   77 	 0.037999 	 9.603488 	 9.765615
   78 	 1.953125 	 9.513336 	 9.765615
   79 	 9.765615 	 9.765615 	 9.765615
 