   0 	 0.000303 	 0.041951 	 1.059646
    1 	 0.000845 	 0.394627 	 1.059646
    2 	 0.002526 	 0.948604 	 2.396302
    3 	 1.017260 	 1.125773 	 2.396302
    4 	 1.017260 	 1.192606 	 2.396302
    5 	 1.017260 	 1.348549 	 2.396302
    6 	 1.059646 	 1.549754 	 2.396302
    7 	 1.059646 	 1.861640 	 2.396302
    8 	 1.059646 	 2.039861 	 2.396302
    9 	 1.059646 	 2.284914 	 2.396302
   10 	 0.001419 	 2.311832 	 2.396302
   11 	 1.059646 	 2.374025 	 2.396302
   12 	 1.059646 	 2.374025 	 2.396302
   13 	 2.396302 	 2.396302 	 2.396302
   14 	 2.396302 	 2.396302 	 2.396302
   15 	 2.396302 	 2.396302 	 2.396302
   16 	 2.396302 	 2.396302 	 2.396302
   17 	 2.396302 	 2.396302 	 2.396302
   18 	 2.396302 	 2.396302 	 2.396302
   19 	 2.396302 	 2.396302 	 2.396302
   20 	 2.396302 	 2.396302 	 2.396302
   21 	 2.396302 	 2.396302 	 2.396302
   22 	 0.167371 	 2.359153 	 2.396302
   23 	 2.396302 	 2.396302 	 2.396302
   24 	 2.396302 	 2.396302 	 2.396302
   25 	 2.396302 	 2.396302 	 2.396302
   26 	 2.396302 	 2.396302 	 2.396302
   27 	 2.396302 	 2.396302 	 2.396302
   28 	 2.396302 	 2.396302 	 2.396302
   29 	 2.396302 	 2.396302 	 2.396302
   30 	 2.396302 	 2.396302 	 2.396302
   31 	 2.396302 	 2.396302 	 2.396302
   32 	 2.396302 	 2.396302 	 2.396302
   33 	 2.396302 	 2.396302 	 2.396302
   34 	 2.396302 	 2.396302 	 2.396302
   35 	 2.396302 	 2.396302 	 2.396302
   36 	 2.396302 	 2.396302 	 2.396302
   37 	 2.396302 	 2.396302 	 2.396302
   38 	 2.396302 	 2.396302 	 2.396302
   39 	 2.396302 	 2.396302 	 2.396302
   40 	 2.396302 	 2.396302 	 2.396302
   41 	 2.396302 	 2.396302 	 2.396302
   42 	 2.396302 	 2.396302 	 2.396302
   43 	 2.396302 	 2.396302 	 2.396302
   44 	 2.396302 	 2.396302 	 2.396302
   45 	 2.396302 	 2.396302 	 2.396302
   46 	 2.396302 	 2.396302 	 2.396302
   47 	 2.396302 	 2.396302 	 2.396302
   48 	 2.396302 	 2.396302 	 2.396302
   49 	 2.396302 	 2.396302 	 2.396302
   50 	 2.396302 	 2.396302 	 2.396302
   51 	 2.396302 	 2.396302 	 2.396302
   52 	 2.396302 	 2.396302 	 2.396302
   53 	 2.396302 	 2.396302 	 2.396302
   54 	 2.396302 	 2.396302 	 2.396302
   55 	 2.396302 	 2.396302 	 2.396302
   56 	 2.396302 	 2.396302 	 2.396302
   57 	 2.396302 	 2.396302 	 2.396302
   58 	 2.396302 	 2.396302 	 2.396302
   59 	 2.396302 	 2.396302 	 2.396302
   60 	 2.396302 	 2.396302 	 2.396302
   61 	 2.396302 	 2.396302 	 2.396302
   62 	 2.396302 	 2.396302 	 2.396302
   63 	 2.396302 	 2.396302 	 2.396302
   64 	 2.396302 	 2.396302 	 2.396302
   65 	 2.396302 	 2.396302 	 2.396302
   66 	 2.396302 	 2.396302 	 2.396302
   67 	 2.396302 	 2.396302 	 2.396302
   68 	 2.396302 	 2.396302 	 2.396302
   69 	 2.396302 	 2.396302 	 2.396302
   70 	 2.396302 	 2.396302 	 2.396302
   71 	 2.396302 	 2.396302 	 2.396302
   72 	 2.396302 	 2.396302 	 2.396302
   73 	 2.396302 	 2.396302 	 2.396302
   74 	 2.396302 	 2.396302 	 2.396302
   75 	 2.396302 	 2.396302 	 2.396302
   76 	 2.396302 	 2.396302 	 2.396302
   77 	 2.396302 	 2.396302 	 2.396302
   78 	 2.396302 	 2.396302 	 2.396302
   79 	 2.396302 	 2.396302 	 2.396302
 