   0 	 0.000304 	 0.056594 	 1.017260
    1 	 0.000380 	 0.408656 	 1.017260
    2 	 0.000735 	 0.734632 	 1.059646
    3 	 0.028700 	 0.952074 	 1.059646
    4 	 0.508205 	 1.000998 	 1.059646
    5 	 0.508205 	 1.010189 	 1.059646
    6 	 1.017260 	 1.018673 	 1.059646
    7 	 1.017260 	 1.020086 	 1.059646
    8 	 1.017260 	 1.020086 	 1.059646
    9 	 1.017260 	 1.019379 	 1.059646
   10 	 1.017260 	 1.018673 	 1.059646
   11 	 1.017260 	 1.019379 	 1.059646
   12 	 1.017260 	 1.019379 	 1.059646
   13 	 1.017260 	 1.018673 	 1.059646
   14 	 1.017260 	 1.020086 	 1.059646
   15 	 1.017260 	 1.018673 	 1.059646
   16 	 1.017260 	 1.017966 	 1.059646
   17 	 1.017260 	 1.017966 	 1.059646
   18 	 1.017260 	 1.018673 	 1.059646
   19 	 0.239166 	 1.006411 	 1.059646
   20 	 1.017260 	 1.018673 	 1.059646
   21 	 1.017260 	 1.020086 	 1.059646
   22 	 0.010820 	 1.004018 	 1.059646
   23 	 1.017260 	 1.020792 	 1.059646
   24 	 1.017260 	 1.020792 	 1.059646
   25 	 1.017260 	 1.018673 	 1.059646
   26 	 1.017260 	 1.017966 	 1.059646
   27 	 0.002236 	 1.000343 	 1.017260
   28 	 1.017260 	 1.017260 	 1.017260
   29 	 1.017260 	 1.017260 	 1.017260
   30 	 1.017260 	 1.017260 	 1.017260
   31 	 1.017260 	 1.017260 	 1.017260
   32 	 1.017260 	 1.017260 	 1.017260
   33 	 1.017260 	 1.017260 	 1.017260
   34 	 1.017260 	 1.017260 	 1.017260
   35 	 1.017260 	 1.017260 	 1.017260
   36 	 1.017260 	 1.017260 	 1.017260
   37 	 1.017260 	 1.017260 	 1.017260
   38 	 1.017260 	 1.017260 	 1.017260
   39 	 1.017260 	 1.017260 	 1.017260
   40 	 1.017260 	 1.017260 	 1.017260
   41 	 1.017260 	 1.017260 	 1.017260
   42 	 1.017260 	 1.017260 	 1.017260
   43 	 1.017260 	 1.017260 	 1.017260
   44 	 1.017260 	 1.017260 	 1.017260
   45 	 1.017260 	 1.017260 	 1.017260
   46 	 1.017260 	 1.017260 	 1.017260
   47 	 1.017260 	 1.017260 	 1.017260
   48 	 1.017260 	 1.017260 	 1.017260
   49 	 1.017260 	 1.017260 	 1.017260
   50 	 0.003724 	 1.000368 	 1.017260
   51 	 1.017260 	 1.017260 	 1.017260
   52 	 1.017260 	 1.017260 	 1.017260
   53 	 1.017260 	 1.017260 	 1.017260
   54 	 1.017260 	 1.017260 	 1.017260
   55 	 1.017260 	 1.017260 	 1.017260
   56 	 1.017260 	 1.017260 	 1.017260
   57 	 1.017260 	 1.017260 	 1.017260
   58 	 1.017260 	 1.017260 	 1.017260
   59 	 1.017260 	 1.017260 	 1.017260
   60 	 1.017260 	 1.017260 	 1.017260
   61 	 1.017260 	 1.017260 	 1.017260
   62 	 1.017260 	 1.017260 	 1.017260
   63 	 1.017260 	 1.017260 	 1.017260
   64 	 1.017260 	 1.017260 	 1.017260
   65 	 1.017260 	 1.017260 	 1.017260
   66 	 1.017260 	 1.017260 	 1.017260
   67 	 1.017260 	 1.017260 	 1.017260
   68 	 1.017260 	 1.017260 	 1.017260
   69 	 0.028700 	 1.000784 	 1.017260
   70 	 1.017260 	 1.017260 	 1.017260
   71 	 1.017260 	 1.017260 	 1.017260
   72 	 1.017260 	 1.017260 	 1.017260
   73 	 1.017260 	 1.017260 	 1.017260
   74 	 1.017260 	 1.017260 	 1.017260
   75 	 1.017260 	 1.017260 	 1.017260
   76 	 0.391576 	 1.006832 	 1.017260
   77 	 0.391576 	 1.006832 	 1.017260
   78 	 0.391576 	 0.996404 	 1.017260
   79 	 0.391576 	 0.996404 	 1.017260
 