   0 	 0.000399 	 0.072187 	 1.796500
    1 	 0.000735 	 0.608549 	 1.796500
    2 	 0.001051 	 1.357965 	 1.796500
    3 	 0.002543 	 1.567416 	 1.796500
    4 	 0.001283 	 1.719937 	 1.796500
    5 	 0.769688 	 1.779386 	 1.796500
    6 	 1.796500 	 1.796500 	 1.796500
    7 	 1.796500 	 1.796500 	 1.796500
    8 	 1.796500 	 1.796500 	 1.796500
    9 	 1.796500 	 1.796500 	 1.796500
   10 	 1.796500 	 1.796500 	 1.796500
   11 	 1.796500 	 1.796500 	 1.796500
   12 	 1.796500 	 1.796500 	 1.796500
   13 	 1.796500 	 1.796500 	 1.796500
   14 	 1.796500 	 1.796500 	 1.796500
   15 	 1.796500 	 1.796500 	 1.796500
   16 	 1.796500 	 1.796500 	 1.796500
   17 	 1.796500 	 1.796500 	 1.796500
   18 	 1.796500 	 1.796500 	 1.796500
   19 	 1.796500 	 1.796500 	 1.796500
   20 	 1.796500 	 1.796500 	 1.796500
   21 	 1.796500 	 1.796500 	 1.796500
   22 	 1.796500 	 1.796500 	 1.796500
   23 	 1.796500 	 1.796500 	 1.796500
   24 	 1.796500 	 1.796500 	 1.796500
   25 	 1.796500 	 1.796500 	 1.796500
   26 	 1.796500 	 1.796500 	 1.796500
   27 	 1.796500 	 1.796500 	 1.796500
   28 	 1.796500 	 1.796500 	 1.796500
   29 	 1.796500 	 1.796500 	 1.796500
   30 	 1.796500 	 1.796500 	 1.796500
   31 	 1.796500 	 1.796500 	 1.796500
   32 	 1.796500 	 1.796500 	 1.796500
   33 	 1.796500 	 1.796500 	 1.796500
   34 	 0.002244 	 1.766596 	 1.796500
   35 	 1.796500 	 1.796500 	 1.796500
   36 	 1.796500 	 1.796500 	 1.796500
   37 	 1.796500 	 1.796500 	 1.796500
   38 	 1.796500 	 1.796500 	 1.796500
   39 	 1.796500 	 1.796500 	 1.796500
   40 	 1.796500 	 1.796500 	 1.796500
   41 	 1.796500 	 1.796500 	 1.796500
   42 	 0.030150 	 1.767061 	 1.796500
   43 	 1.796500 	 1.796500 	 1.796500
   44 	 0.030150 	 1.767061 	 1.796500
   45 	 1.796500 	 1.796500 	 1.796500
   46 	 0.097008 	 1.768175 	 1.796500
   47 	 1.796500 	 1.796500 	 1.796500
   48 	 1.796500 	 1.796500 	 1.796500
   49 	 1.796500 	 1.796500 	 1.796500
   50 	 1.796500 	 1.796500 	 1.796500
   51 	 1.796500 	 1.796500 	 1.796500
   52 	 0.124871 	 1.768640 	 1.796500
   53 	 1.796500 	 1.796500 	 1.796500
   54 	 1.796500 	 1.796500 	 1.796500
   55 	 1.796500 	 1.796500 	 1.796500
   56 	 1.796500 	 1.796500 	 1.796500
   57 	 1.796500 	 1.796500 	 1.796500
   58 	 1.796500 	 1.796500 	 1.796500
   59 	 1.796500 	 1.796500 	 1.796500
   60 	 1.796500 	 1.796500 	 1.796500
   61 	 1.796500 	 1.796500 	 1.796500
   62 	 1.796500 	 1.796500 	 1.796500
   63 	 1.796500 	 1.796500 	 1.796500
   64 	 1.796500 	 1.796500 	 1.796500
   65 	 1.796500 	 1.796500 	 1.796500
   66 	 1.796500 	 1.796500 	 1.796500
   67 	 1.796500 	 1.796500 	 1.796500
   68 	 1.796500 	 1.796500 	 1.796500
   69 	 0.003196 	 1.766612 	 1.796500
   70 	 1.796500 	 1.796500 	 1.796500
   71 	 1.796500 	 1.796500 	 1.796500
   72 	 0.124871 	 1.768640 	 1.796500
   73 	 1.796500 	 1.796500 	 1.796500
   74 	 1.796500 	 1.796500 	 1.796500
   75 	 1.796500 	 1.796500 	 1.796500
   76 	 1.796500 	 1.796500 	 1.796500
   77 	 1.796500 	 1.796500 	 1.796500
   78 	 1.796500 	 1.796500 	 1.796500
   79 	 1.796500 	 1.796500 	 1.796500
 