   0 	 0.016954 	 0.052314 	 0.184257
    1 	 0.021047 	 0.098115 	 0.976562
    2 	 0.022347 	 0.249907 	 0.976562
    3 	 0.038447 	 0.682934 	 4.882807
    4 	 0.041032 	 1.758408 	 4.882807
    5 	 0.043211 	 3.534573 	 9.765615
    6 	 0.037851 	 4.380487 	 9.765615
    7 	 0.043211 	 4.669963 	 9.765615
    8 	 0.037999 	 5.675717 	 9.765615
    9 	 0.037851 	 6.261035 	 9.765615
   10 	 0.037999 	 7.671154 	 9.765615
   11 	 0.037999 	 7.505023 	 10.000000
   12 	 0.043403 	 8.489456 	 10.000000
   13 	 0.147964 	 8.740088 	 10.000000
   14 	 0.037999 	 8.177579 	 10.000000
   15 	 0.037851 	 8.370503 	 10.000000
   16 	 0.043403 	 8.953648 	 10.000000
   17 	 0.375601 	 8.712755 	 10.000000
   18 	 0.150240 	 9.011464 	 9.765615
   19 	 0.037999 	 7.920618 	 10.000000
   20 	 0.037999 	 8.211734 	 9.765615
   21 	 0.150240 	 8.626408 	 9.765615
   22 	 0.037999 	 8.304669 	 10.000000
   23 	 0.037999 	 7.697865 	 10.000000
   24 	 0.049572 	 8.384317 	 10.000000
   25 	 0.037999 	 8.052656 	 10.000000
   26 	 0.037999 	 8.677328 	 10.000000
   27 	 0.150240 	 9.112846 	 10.000000
   28 	 0.042645 	 8.463142 	 10.000000
   29 	 0.037999 	 8.892068 	 10.000000
   30 	 0.028978 	 8.685137 	 10.000000
   31 	 0.035903 	 8.020900 	 10.000000
   32 	 0.037999 	 9.022019 	 10.000000
   33 	 0.037999 	 8.520972 	 10.000000
   34 	 0.037999 	 8.729823 	 10.000000
   35 	 0.030423 	 8.989165 	 10.000000
   36 	 0.037999 	 8.118120 	 10.000000
   37 	 0.020303 	 8.576042 	 10.000000
   38 	 0.037999 	 8.600273 	 10.000000
   39 	 0.037999 	 7.384703 	 10.000000
   40 	 0.038147 	 8.111273 	 10.000000
   41 	 0.037999 	 8.268895 	 10.000000
   42 	 0.038147 	 8.649210 	 10.000000
   43 	 0.037999 	 8.472506 	 10.000000
   44 	 0.037999 	 8.167112 	 10.000000
   45 	 0.037999 	 8.740194 	 10.000000
   46 	 0.037999 	 8.686148 	 10.000000
   47 	 0.037999 	 8.649434 	 10.000000
   48 	 0.037999 	 8.377216 	 10.000000
   49 	 0.037999 	 8.169635 	 10.000000
   50 	 0.037999 	 8.395666 	 10.000000
   51 	 0.037851 	 8.006563 	 10.000000
   52 	 0.037999 	 7.365862 	 10.000000
   53 	 0.037999 	 8.154550 	 10.000000
   54 	 0.150240 	 8.369483 	 10.000000
   55 	 0.043403 	 7.906251 	 10.000000
   56 	 0.037999 	 8.403609 	 10.000000
   57 	 0.152588 	 8.440108 	 10.000000
   58 	 0.037999 	 7.500653 	 10.000000
   59 	 0.038147 	 8.599241 	 10.000000
   60 	 0.610352 	 9.126884 	 10.000000
   61 	 0.150240 	 8.894121 	 10.000000
   62 	 0.038147 	 8.072751 	 10.000000
   63 	 0.152588 	 9.385350 	 10.000000
   64 	 0.038147 	 8.744255 	 10.000000
   65 	 0.034753 	 8.793870 	 10.000000
   66 	 0.030518 	 7.883926 	 10.000000
   67 	 0.037999 	 8.096491 	 10.000000
   68 	 0.037999 	 9.341739 	 10.000000
   69 	 0.028978 	 8.290653 	 10.000000
   70 	 0.037999 	 8.553173 	 10.000000
   71 	 0.152588 	 8.614209 	 10.000000
   72 	 0.037999 	 8.906103 	 10.000000
   73 	 0.037416 	 9.148346 	 10.000000
   74 	 0.038147 	 8.378858 	 10.000000
   75 	 0.152588 	 8.903336 	 10.000000
   76 	 0.035903 	 8.208051 	 10.000000
   77 	 0.043403 	 8.722133 	 10.000000
   78 	 0.019036 	 8.813385 	 10.000000
   79 	 0.143612 	 8.790662 	 10.000000
 