   0 	 0.015776 	 0.100129 	 1.953125
    1 	 0.018962 	 0.390103 	 2.441407
    2 	 0.031101 	 1.318856 	 9.765615
    3 	 0.036303 	 2.762525 	 10.000000
    4 	 0.037999 	 5.898705 	 10.000000
    5 	 0.065541 	 7.741450 	 10.000000
    6 	 0.037999 	 7.219260 	 10.000000
    7 	 0.037999 	 8.369486 	 10.000000
    8 	 0.049825 	 8.685535 	 10.000000
    9 	 0.150240 	 8.938119 	 10.000000
   10 	 0.037999 	 8.701857 	 10.000000
   11 	 0.141531 	 8.394813 	 10.000000
   12 	 0.038147 	 8.734171 	 10.000000
   13 	 0.037999 	 8.623231 	 10.000000
   14 	 0.150240 	 8.944631 	 10.000000
   15 	 0.037999 	 9.088600 	 10.000000
   16 	 0.038147 	 8.518031 	 10.000000
   17 	 0.037999 	 8.679411 	 10.000000
   18 	 0.152588 	 9.144681 	 10.000000
   19 	 0.096689 	 9.033633 	 10.000000
   20 	 0.037851 	 8.403924 	 10.000000
   21 	 0.038147 	 9.014958 	 10.000000
   22 	 0.043403 	 8.736684 	 10.000000
   23 	 0.037999 	 8.449628 	 10.000000
   24 	 0.038147 	 8.606905 	 10.000000
   25 	 0.037560 	 8.262552 	 10.000000
   26 	 0.037999 	 9.141335 	 10.000000
   27 	 0.043403 	 9.074816 	 10.000000
   28 	 0.038147 	 9.241976 	 10.000000
   29 	 0.037999 	 8.842095 	 10.000000
   30 	 0.038147 	 8.615386 	 10.000000
   31 	 0.037999 	 8.768819 	 10.000000
   32 	 0.035772 	 8.330670 	 10.000000
   33 	 0.035903 	 8.512047 	 10.000000
   34 	 0.043020 	 8.967258 	 10.000000
   35 	 0.033791 	 8.353174 	 10.000000
   36 	 0.037999 	 9.061333 	 10.000000
   37 	 0.038147 	 8.289696 	 10.000000
   38 	 0.119093 	 8.896130 	 10.000000
   39 	 0.038147 	 9.153032 	 10.000000
   40 	 0.038147 	 8.374189 	 10.000000
   41 	 0.037999 	 8.109575 	 10.000000
   42 	 0.150240 	 9.046855 	 10.000000
   43 	 0.038147 	 8.627578 	 10.000000
   44 	 0.037999 	 8.705251 	 10.000000
   45 	 0.034753 	 8.371941 	 10.000000
   46 	 0.120563 	 8.318268 	 10.000000
   47 	 0.043403 	 8.464802 	 10.000000
   48 	 0.037999 	 8.745995 	 10.000000
   49 	 0.037999 	 7.465152 	 10.000000
   50 	 0.038147 	 8.730137 	 10.000000
   51 	 0.038147 	 8.707019 	 10.000000
   52 	 0.038147 	 8.302726 	 10.000000
   53 	 0.020303 	 8.500499 	 10.000000
   54 	 0.152588 	 8.467149 	 10.000000
   55 	 0.038147 	 7.948888 	 10.000000
   56 	 0.037560 	 8.423513 	 10.000000
   57 	 0.038147 	 8.727038 	 10.000000
   58 	 0.038147 	 8.074718 	 10.000000
   59 	 0.038147 	 8.247599 	 10.000000
   60 	 0.038147 	 8.849347 	 10.000000
   61 	 0.038147 	 9.169662 	 10.000000
   62 	 0.038147 	 9.325789 	 10.000000
   63 	 0.037560 	 8.724413 	 10.000000
   64 	 0.038147 	 9.030467 	 10.000000
   65 	 0.038147 	 9.443529 	 10.000000
   66 	 0.076294 	 9.015387 	 10.000000
   67 	 0.038147 	 8.847529 	 10.000000
   68 	 0.038147 	 8.402513 	 10.000000
   69 	 0.038147 	 9.156298 	 10.000000
   70 	 0.036851 	 9.051910 	 10.000000
   71 	 0.038147 	 8.587768 	 10.000000
   72 	 0.038147 	 8.688532 	 10.000000
   73 	 0.037999 	 8.018264 	 10.000000
   74 	 0.143612 	 8.883793 	 10.000000
   75 	 0.035903 	 9.450995 	 10.000000
   76 	 0.038147 	 8.191994 	 10.000000
   77 	 0.057785 	 9.057358 	 10.000000
   78 	 0.030518 	 8.441377 	 10.000000
   79 	 0.038147 	 8.372055 	 10.000000
 