   0 	 0.017346 	 0.078969 	 0.976562
    1 	 0.019570 	 0.417953 	 10.000000
    2 	 0.043020 	 2.958482 	 10.000000
    3 	 0.037560 	 6.439355 	 10.000000
    4 	 0.152588 	 8.939979 	 10.000000
    5 	 0.043403 	 8.254448 	 10.000000
    6 	 0.037999 	 8.763689 	 10.000000
    7 	 0.035903 	 8.291384 	 10.000000
    8 	 0.120563 	 9.232727 	 10.000000
    9 	 0.120563 	 9.643691 	 10.000000
   10 	 0.038147 	 8.691877 	 10.000000
   11 	 0.150240 	 9.014363 	 10.000000
   12 	 0.038147 	 8.541074 	 10.000000
   13 	 0.038147 	 8.870203 	 10.000000
   14 	 0.035903 	 8.898284 	 10.000000
   15 	 0.037999 	 8.311560 	 10.000000
   16 	 0.035903 	 8.617851 	 10.000000
   17 	 0.038147 	 8.544767 	 10.000000
   18 	 0.150240 	 8.854300 	 10.000000
   19 	 0.038147 	 8.921901 	 10.000000
   20 	 0.152588 	 9.135048 	 10.000000
   21 	 0.038147 	 8.473012 	 10.000000
   22 	 0.038147 	 8.835584 	 10.000000
   23 	 0.037560 	 8.668382 	 10.000000
   24 	 0.037999 	 8.820419 	 10.000000
   25 	 0.037999 	 8.863598 	 10.000000
   26 	 0.037416 	 8.354461 	 10.000000
   27 	 0.152588 	 9.355453 	 10.000000
   28 	 0.038147 	 8.474523 	 10.000000
   29 	 0.037999 	 8.869581 	 10.000000
   30 	 0.037999 	 8.326686 	 10.000000
   31 	 0.038147 	 8.946231 	 10.000000
   32 	 0.038147 	 9.044830 	 10.000000
   33 	 0.037999 	 8.424824 	 10.000000
   34 	 0.038147 	 8.144402 	 10.000000
   35 	 0.038147 	 8.956973 	 10.000000
   36 	 0.028978 	 7.632449 	 10.000000
   37 	 0.038147 	 7.465206 	 10.000000
   38 	 0.037999 	 8.658644 	 10.000000
   39 	 0.038147 	 9.189719 	 10.000000
   40 	 0.119093 	 9.109756 	 10.000000
   41 	 0.037999 	 8.050322 	 10.000000
   42 	 0.038147 	 8.745538 	 10.000000
   43 	 0.143612 	 8.935539 	 10.000000
   44 	 0.037999 	 8.602311 	 10.000000
   45 	 0.097656 	 8.844142 	 10.000000
   46 	 0.037560 	 9.342418 	 10.000000
   47 	 0.038147 	 8.649530 	 10.000000
   48 	 0.037999 	 8.797016 	 10.000000
   49 	 0.038147 	 8.420236 	 10.000000
   50 	 0.037999 	 8.291027 	 10.000000
   51 	 0.038147 	 9.335858 	 10.000000
   52 	 0.610352 	 9.619869 	 10.000000
   53 	 0.120563 	 9.185487 	 10.000000
   54 	 0.120563 	 8.824883 	 10.000000
   55 	 0.037999 	 7.659014 	 10.000000
   56 	 0.150240 	 8.606365 	 10.000000
   57 	 0.037999 	 8.463950 	 10.000000
   58 	 0.150240 	 9.257054 	 10.000000
   59 	 0.043403 	 8.911777 	 10.000000
   60 	 0.120563 	 8.942224 	 10.000000
   61 	 0.037999 	 7.979681 	 10.000000
   62 	 0.043403 	 8.114249 	 10.000000
   63 	 0.040521 	 8.052137 	 10.000000
   64 	 0.038147 	 8.276641 	 10.000000
   65 	 0.037999 	 7.459622 	 10.000000
   66 	 0.035903 	 8.697624 	 10.000000
   67 	 0.152588 	 9.131142 	 10.000000
   68 	 0.038147 	 8.758882 	 10.000000
   69 	 0.038147 	 9.006987 	 10.000000
   70 	 0.038147 	 9.144677 	 10.000000
   71 	 0.150240 	 9.220925 	 10.000000
   72 	 0.038147 	 8.261286 	 10.000000
   73 	 0.152588 	 8.994211 	 10.000000
   74 	 0.152588 	 8.912970 	 10.000000
   75 	 0.038147 	 9.101953 	 10.000000
   76 	 0.038147 	 8.048196 	 10.000000
   77 	 0.035903 	 8.542395 	 10.000000
   78 	 0.574449 	 9.438608 	 10.000000
   79 	 0.037999 	 8.914744 	 10.000000
 