   0 	 0.014425 	 0.071819 	 0.574449
    1 	 0.014425 	 0.153567 	 0.751202
    2 	 0.030806 	 0.373260 	 2.441407
    3 	 0.036713 	 0.925293 	 9.765615
    4 	 0.037560 	 1.896388 	 9.765615
    5 	 0.027432 	 3.169964 	 10.000000
    6 	 0.152588 	 6.250874 	 10.000000
    7 	 0.035903 	 6.134441 	 10.000000
    8 	 0.034753 	 6.390660 	 10.000000
    9 	 0.037560 	 6.220429 	 10.000000
   10 	 0.037999 	 7.116988 	 10.000000
   11 	 0.037999 	 6.385101 	 10.000000
   12 	 0.037560 	 8.053194 	 10.000000
   13 	 0.037999 	 7.714403 	 10.000000
   14 	 0.038147 	 7.332118 	 10.000000
   15 	 0.038147 	 5.749844 	 10.000000
   16 	 0.043403 	 7.684763 	 10.000000
   17 	 0.043403 	 8.807333 	 10.000000
   18 	 0.038147 	 8.217945 	 10.000000
   19 	 0.038147 	 7.548250 	 10.000000
   20 	 0.035903 	 7.652780 	 10.000000
   21 	 0.038147 	 8.853030 	 10.000000
   22 	 0.143612 	 8.954451 	 10.000000
   23 	 0.150240 	 8.047444 	 10.000000
   24 	 0.152588 	 8.919097 	 10.000000
   25 	 0.119093 	 8.987579 	 10.000000
   26 	 0.152588 	 8.796476 	 10.000000
   27 	 0.152588 	 8.969167 	 10.000000
   28 	 0.610352 	 8.817624 	 10.000000
   29 	 0.037999 	 8.200564 	 10.000000
   30 	 0.150240 	 9.292133 	 10.000000
   31 	 0.038147 	 9.058321 	 10.000000
   32 	 0.043403 	 8.395353 	 10.000000
   33 	 0.152588 	 9.354370 	 10.000000
   34 	 0.038147 	 8.601045 	 10.000000
   35 	 0.037999 	 8.449502 	 10.000000
   36 	 0.034753 	 8.843847 	 10.000000
   37 	 0.037999 	 8.869505 	 10.000000
   38 	 0.152588 	 8.652048 	 10.000000
   39 	 0.030518 	 8.566409 	 10.000000
   40 	 0.038147 	 8.812188 	 10.000000
   41 	 0.037851 	 8.330946 	 10.000000
   42 	 0.037999 	 8.677058 	 10.000000
   43 	 0.037999 	 8.263782 	 10.000000
   44 	 0.038147 	 8.410400 	 10.000000
   45 	 0.049572 	 8.667379 	 10.000000
   46 	 0.037999 	 9.296852 	 10.000000
   47 	 0.042645 	 8.631144 	 10.000000
   48 	 0.114890 	 8.846525 	 10.000000
   49 	 0.035903 	 8.912654 	 10.000000
   50 	 0.375601 	 8.234067 	 10.000000
   51 	 0.038147 	 9.015458 	 10.000000
   52 	 0.043403 	 8.924463 	 10.000000
   53 	 0.038147 	 8.965616 	 10.000000
   54 	 0.610352 	 9.407714 	 10.000000
   55 	 0.038147 	 8.450311 	 10.000000
   56 	 0.038147 	 8.775701 	 10.000000
   57 	 0.038147 	 9.230147 	 10.000000
   58 	 0.038147 	 9.115890 	 10.000000
   59 	 0.038147 	 9.270476 	 10.000000
   60 	 0.038147 	 8.873120 	 10.000000
   61 	 0.037999 	 9.042534 	 10.000000
   62 	 0.152588 	 8.908081 	 10.000000
   63 	 0.152588 	 8.819653 	 10.000000
   64 	 0.025431 	 8.561636 	 10.000000
   65 	 0.152588 	 9.130661 	 10.000000
   66 	 0.038147 	 9.020865 	 10.000000
   67 	 0.043403 	 8.984133 	 10.000000
   68 	 0.038147 	 8.547423 	 10.000000
   69 	 0.152588 	 8.861968 	 10.000000
   70 	 0.037999 	 8.890993 	 10.000000
   71 	 0.037999 	 8.740496 	 10.000000
   72 	 0.067817 	 9.152935 	 10.000000
   73 	 0.037999 	 9.042108 	 10.000000
   74 	 0.038147 	 9.121804 	 10.000000
   75 	 0.037999 	 8.430145 	 10.000000
   76 	 0.038147 	 8.736173 	 10.000000
   77 	 0.043403 	 9.332239 	 10.000000
   78 	 0.038147 	 8.455831 	 10.000000
   79 	 0.038147 	 9.272836 	 10.000000
 