   0 	 0.017691 	 0.054461 	 0.256990
    1 	 0.021322 	 0.080961 	 0.513980
    2 	 0.020012 	 0.187998 	 4.882807
    3 	 0.032661 	 1.166341 	 9.765615
    4 	 0.095741 	 4.520457 	 9.765615
    5 	 0.040521 	 6.186363 	 10.000000
    6 	 0.119093 	 7.393688 	 10.000000
    7 	 0.023196 	 7.817610 	 10.000000
    8 	 0.120563 	 8.093765 	 10.000000
    9 	 0.037999 	 7.255747 	 10.000000
   10 	 0.150240 	 8.871201 	 10.000000
   11 	 0.120563 	 8.333104 	 10.000000
   12 	 0.120563 	 8.837336 	 10.000000
   13 	 0.037999 	 8.348693 	 10.000000
   14 	 0.037999 	 8.451508 	 10.000000
   15 	 0.038147 	 8.068128 	 10.000000
   16 	 0.037999 	 7.372180 	 10.000000
   17 	 0.037999 	 8.253176 	 10.000000
   18 	 0.037999 	 8.112098 	 10.000000
   19 	 0.037999 	 7.652247 	 10.000000
   20 	 0.152588 	 8.560007 	 10.000000
   21 	 0.119093 	 8.647218 	 10.000000
   22 	 0.122070 	 8.804521 	 10.000000
   23 	 0.038147 	 8.434487 	 10.000000
   24 	 0.038147 	 8.926742 	 10.000000
   25 	 0.038147 	 8.877914 	 10.000000
   26 	 0.038147 	 8.526207 	 10.000000
   27 	 0.043403 	 8.565188 	 10.000000
   28 	 0.038147 	 8.718132 	 10.000000
   29 	 0.152588 	 8.915179 	 10.000000
   30 	 0.038147 	 7.883879 	 10.000000
   31 	 0.037999 	 8.838886 	 10.000000
   32 	 0.037999 	 7.931173 	 10.000000
   33 	 0.120563 	 8.745047 	 10.000000
   34 	 0.043403 	 9.498522 	 10.000000
   35 	 0.035903 	 8.947817 	 10.000000
   36 	 0.038147 	 8.320088 	 10.000000
   37 	 0.034753 	 8.474041 	 10.000000
   38 	 0.038147 	 7.890324 	 10.000000
   39 	 0.037999 	 8.242752 	 10.000000
   40 	 0.038147 	 8.429068 	 10.000000
   41 	 0.152588 	 8.836493 	 10.000000
   42 	 0.574449 	 9.557422 	 10.000000
   43 	 0.038147 	 8.269607 	 10.000000
   44 	 0.038147 	 8.033036 	 10.000000
   45 	 0.030518 	 9.554869 	 10.000000
   46 	 0.038147 	 7.571140 	 10.000000
   47 	 0.152588 	 9.136045 	 10.000000
   48 	 0.038147 	 8.555844 	 10.000000
   49 	 0.038147 	 9.102486 	 10.000000
   50 	 2.441407 	 9.499345 	 10.000000
   51 	 0.037999 	 8.524977 	 10.000000
   52 	 0.037999 	 8.125733 	 10.000000
   53 	 0.390625 	 8.759187 	 10.000000
   54 	 0.038147 	 9.217087 	 10.000000
   55 	 0.037999 	 8.871763 	 10.000000
   56 	 0.037999 	 8.941145 	 10.000000
   57 	 0.038147 	 9.442363 	 10.000000
   58 	 0.038147 	 8.602974 	 10.000000
   59 	 0.038147 	 8.521819 	 10.000000
   60 	 0.043403 	 8.874179 	 10.000000
   61 	 0.038147 	 8.294289 	 10.000000
   62 	 0.037999 	 9.059286 	 10.000000
   63 	 0.038147 	 8.989752 	 10.000000
   64 	 0.038147 	 8.116357 	 10.000000
   65 	 0.152588 	 9.440119 	 10.000000
   66 	 0.043403 	 9.207649 	 10.000000
   67 	 0.037999 	 8.788318 	 10.000000
   68 	 0.038147 	 8.168238 	 10.000000
   69 	 0.030518 	 8.456684 	 10.000000
   70 	 0.037416 	 8.099257 	 10.000000
   71 	 0.152588 	 8.670337 	 10.000000
   72 	 0.037999 	 9.011868 	 10.000000
   73 	 0.152588 	 9.083531 	 10.000000
   74 	 0.038147 	 8.298893 	 10.000000
   75 	 0.041733 	 9.204448 	 10.000000
   76 	 0.037999 	 8.912152 	 10.000000
   77 	 0.037851 	 9.181880 	 10.000000
   78 	 0.043403 	 8.416625 	 10.000000
   79 	 0.037560 	 8.564536 	 10.000000
 