   0 	 0.016954 	 0.085374 	 1.085069
    1 	 0.022711 	 0.258039 	 1.085069
    2 	 0.047406 	 0.606437 	 1.085069
    3 	 0.036851 	 1.068496 	 9.765615
    4 	 0.036851 	 2.627372 	 9.765615
    5 	 0.037999 	 5.537538 	 9.765615
    6 	 0.032018 	 6.171031 	 9.765615
    7 	 0.033791 	 5.908084 	 9.765615
    8 	 0.037999 	 7.558546 	 9.765615
    9 	 0.037999 	 7.916902 	 9.765615
   10 	 0.037999 	 6.555212 	 9.765615
   11 	 0.043403 	 6.859880 	 9.765615
   12 	 0.150240 	 7.981354 	 10.000000
   13 	 0.043403 	 7.032197 	 9.765615
   14 	 0.037560 	 6.484930 	 9.765615
   15 	 0.120563 	 7.229738 	 10.000000
   16 	 0.037999 	 6.631468 	 10.000000
   17 	 0.037999 	 7.164171 	 9.765615
   18 	 0.037416 	 7.690869 	 9.765615
   19 	 0.043403 	 7.429123 	 9.765615
   20 	 0.037999 	 7.397917 	 9.765615
   21 	 0.043403 	 7.579259 	 9.765615
   22 	 0.120563 	 9.031353 	 10.000000
   23 	 0.037999 	 8.579295 	 10.000000
   24 	 0.120563 	 8.841814 	 9.765615
   25 	 0.120563 	 8.916086 	 10.000000
   26 	 0.120563 	 8.255783 	 10.000000
   27 	 0.037851 	 8.337803 	 10.000000
   28 	 0.043403 	 8.644623 	 10.000000
   29 	 0.147964 	 8.604930 	 10.000000
   30 	 0.043403 	 8.265816 	 9.765615
   31 	 0.120563 	 8.690522 	 9.765615
   32 	 0.037999 	 8.550228 	 10.000000
   33 	 0.037999 	 8.527800 	 10.000000
   34 	 0.037999 	 8.746900 	 10.000000
   35 	 0.390625 	 9.376944 	 10.000000
   36 	 0.037999 	 7.654012 	 10.000000
   37 	 0.037999 	 8.076793 	 10.000000
   38 	 0.037999 	 7.833346 	 10.000000
   39 	 0.150240 	 9.375541 	 10.000000
   40 	 0.037999 	 8.843268 	 10.000000
   41 	 0.037999 	 8.291928 	 10.000000
   42 	 0.037999 	 7.628616 	 10.000000
   43 	 0.037999 	 8.058317 	 10.000000
   44 	 0.020303 	 8.975392 	 10.000000
   45 	 0.038147 	 8.382774 	 10.000000
   46 	 0.075703 	 9.148288 	 10.000000
   47 	 0.033791 	 8.678959 	 10.000000
   48 	 0.037999 	 8.387473 	 10.000000
   49 	 0.033675 	 7.897145 	 10.000000
   50 	 0.120563 	 8.744054 	 10.000000
   51 	 0.038147 	 8.750546 	 10.000000
   52 	 0.038147 	 8.338694 	 10.000000
   53 	 0.150240 	 8.493018 	 10.000000
   54 	 0.152588 	 8.312116 	 10.000000
   55 	 0.037999 	 8.705628 	 10.000000
   56 	 0.043403 	 8.918966 	 10.000000
   57 	 0.119093 	 8.903478 	 10.000000
   58 	 0.037999 	 8.607105 	 10.000000
   59 	 0.150240 	 8.678162 	 10.000000
   60 	 0.028978 	 7.928069 	 10.000000
   61 	 0.037999 	 8.635242 	 10.000000
   62 	 0.037999 	 8.554138 	 10.000000
   63 	 0.043403 	 8.368588 	 10.000000
   64 	 0.037999 	 8.682969 	 10.000000
   65 	 0.037999 	 7.969954 	 10.000000
   66 	 0.150240 	 8.713602 	 10.000000
   67 	 0.037999 	 7.759968 	 10.000000
   68 	 0.037999 	 8.709338 	 10.000000
   69 	 0.043403 	 8.862445 	 10.000000
   70 	 0.037999 	 7.006311 	 10.000000
   71 	 0.036851 	 8.364986 	 10.000000
   72 	 0.037416 	 7.819653 	 10.000000
   73 	 0.037999 	 8.453934 	 10.000000
   74 	 0.120563 	 9.091519 	 10.000000
   75 	 0.037999 	 8.637328 	 10.000000
   76 	 0.037416 	 8.135449 	 10.000000
   77 	 0.037999 	 8.469727 	 10.000000
   78 	 0.120563 	 8.485082 	 10.000000
   79 	 0.037999 	 8.420253 	 10.000000
 