   0 	 0.018601 	 0.066884 	 0.375601
    1 	 0.022144 	 0.108303 	 0.542535
    2 	 0.026977 	 0.310740 	 9.765615
    3 	 0.031101 	 2.171086 	 9.765615
    4 	 0.037999 	 6.699715 	 9.765615
    5 	 0.043211 	 9.099018 	 9.765615
    6 	 0.150240 	 9.042208 	 9.765615
    7 	 0.052787 	 8.846839 	 9.765615
    8 	 0.028978 	 8.315775 	 10.000000
    9 	 0.035772 	 8.381567 	 9.765615
   10 	 0.043403 	 8.769954 	 10.000000
   11 	 0.037999 	 8.537970 	 10.000000
   12 	 0.096689 	 8.871105 	 10.000000
   13 	 0.037999 	 8.493595 	 10.000000
   14 	 0.037851 	 8.640372 	 10.000000
   15 	 0.037416 	 8.955839 	 10.000000
   16 	 0.037999 	 7.934250 	 10.000000
   17 	 0.037999 	 8.351742 	 10.000000
   18 	 0.037999 	 9.128037 	 10.000000
   19 	 0.037999 	 8.995311 	 10.000000
   20 	 0.037999 	 8.114518 	 10.000000
   21 	 0.037999 	 8.423414 	 10.000000
   22 	 0.037999 	 8.841577 	 10.000000
   23 	 0.037999 	 8.649879 	 10.000000
   24 	 0.037999 	 8.507726 	 10.000000
   25 	 0.037999 	 9.059842 	 10.000000
   26 	 0.037999 	 9.085008 	 10.000000
   27 	 0.037999 	 7.749007 	 10.000000
   28 	 0.037999 	 8.941633 	 10.000000
   29 	 0.037999 	 8.317437 	 10.000000
   30 	 0.037999 	 8.581072 	 9.765615
   31 	 0.036851 	 8.446000 	 10.000000
   32 	 0.037999 	 8.596673 	 9.765615
   33 	 0.043403 	 8.230556 	 9.765615
   34 	 0.037999 	 8.611681 	 10.000000
   35 	 0.036851 	 7.921236 	 9.765615
   36 	 0.043403 	 8.529990 	 10.000000
   37 	 0.037999 	 8.458641 	 10.000000
   38 	 0.037999 	 8.363038 	 10.000000
   39 	 0.036851 	 8.401225 	 10.000000
   40 	 0.120563 	 7.908181 	 10.000000
   41 	 0.037999 	 8.196336 	 10.000000
   42 	 0.037999 	 8.584558 	 10.000000
   43 	 0.037999 	 8.870108 	 10.000000
   44 	 0.080708 	 7.983486 	 10.000000
   45 	 0.037999 	 8.252377 	 10.000000
   46 	 0.037999 	 9.011899 	 10.000000
   47 	 0.120563 	 8.213087 	 10.000000
   48 	 0.037999 	 7.975078 	 9.765615
   49 	 0.037999 	 8.990007 	 9.765615
   50 	 0.037999 	 8.227799 	 10.000000
   51 	 0.150240 	 8.464368 	 10.000000
   52 	 0.037999 	 8.822914 	 9.765615
   53 	 0.037999 	 8.871599 	 9.765615
   54 	 0.037999 	 8.498851 	 9.765615
   55 	 0.037999 	 8.382172 	 9.765615
   56 	 0.037999 	 8.267143 	 10.000000
   57 	 0.037999 	 9.041339 	 9.765615
   58 	 0.037999 	 9.086967 	 9.765615
   59 	 0.120563 	 8.260819 	 9.765615
   60 	 0.067349 	 9.139696 	 10.000000
   61 	 0.037999 	 8.353390 	 10.000000
   62 	 0.037999 	 8.845340 	 10.000000
   63 	 0.037999 	 7.928732 	 10.000000
   64 	 0.037999 	 8.689687 	 10.000000
   65 	 0.037999 	 9.100100 	 10.000000
   66 	 0.037999 	 8.153017 	 10.000000
   67 	 0.037416 	 8.321374 	 10.000000
   68 	 0.120563 	 8.959818 	 10.000000
   69 	 0.037416 	 9.347506 	 10.000000
   70 	 0.043403 	 9.063242 	 10.000000
   71 	 0.037560 	 8.490050 	 10.000000
   72 	 0.067349 	 9.058815 	 10.000000
   73 	 0.133776 	 9.257167 	 10.000000
   74 	 0.038147 	 8.495215 	 10.000000
   75 	 0.049825 	 8.755791 	 10.000000
   76 	 0.037999 	 8.685676 	 10.000000
   77 	 0.038147 	 8.717587 	 10.000000
   78 	 0.037851 	 8.486329 	 10.000000
   79 	 0.097656 	 8.732253 	 10.000000
 