   0 	 0.020778 	 0.052184 	 0.390625
    1 	 0.020094 	 0.103578 	 2.441407
    2 	 0.023196 	 0.889574 	 9.765615
    3 	 0.043403 	 1.879183 	 9.765615
    4 	 0.020303 	 2.466994 	 9.765615
    5 	 0.037560 	 4.593698 	 10.000000
    6 	 0.037560 	 5.581282 	 10.000000
    7 	 0.037851 	 6.553922 	 10.000000
    8 	 0.030518 	 7.387715 	 10.000000
    9 	 0.037999 	 6.568084 	 10.000000
   10 	 0.037999 	 7.001806 	 10.000000
   11 	 0.024786 	 7.975685 	 10.000000
   12 	 0.037999 	 8.053361 	 10.000000
   13 	 0.037999 	 8.650534 	 10.000000
   14 	 0.037999 	 8.332361 	 10.000000
   15 	 0.038147 	 8.812278 	 10.000000
   16 	 0.038147 	 8.202092 	 10.000000
   17 	 0.037560 	 8.617592 	 10.000000
   18 	 0.028978 	 7.726505 	 10.000000
   19 	 0.038147 	 8.204639 	 10.000000
   20 	 0.037999 	 7.889248 	 10.000000
   21 	 0.037999 	 7.613901 	 10.000000
   22 	 0.030518 	 8.587240 	 10.000000
   23 	 0.043403 	 8.159439 	 10.000000
   24 	 0.038147 	 7.942733 	 10.000000
   25 	 0.038147 	 7.906100 	 10.000000
   26 	 0.152588 	 8.821814 	 10.000000
   27 	 0.037560 	 8.308642 	 10.000000
   28 	 0.037999 	 8.294219 	 10.000000
   29 	 0.038147 	 9.041893 	 10.000000
   30 	 0.038147 	 9.086814 	 10.000000
   31 	 0.038147 	 8.470398 	 10.000000
   32 	 0.038147 	 8.085979 	 10.000000
   33 	 0.037560 	 9.283812 	 10.000000
   34 	 0.152588 	 9.216428 	 10.000000
   35 	 0.038147 	 9.182897 	 10.000000
   36 	 0.038147 	 8.861026 	 10.000000
   37 	 0.038147 	 8.825183 	 10.000000
   38 	 0.100677 	 8.800970 	 10.000000
   39 	 0.038147 	 8.431700 	 10.000000
   40 	 0.038147 	 8.925849 	 10.000000
   41 	 0.037999 	 8.894064 	 10.000000
   42 	 0.152588 	 9.699806 	 10.000000
   43 	 0.038147 	 8.707354 	 10.000000
   44 	 0.037999 	 8.848214 	 10.000000
   45 	 0.038147 	 9.224143 	 10.000000
   46 	 0.038147 	 8.518092 	 10.000000
   47 	 0.035903 	 8.372168 	 10.000000
   48 	 0.037560 	 9.015457 	 10.000000
   49 	 0.037999 	 8.816612 	 10.000000
   50 	 0.152588 	 8.134298 	 10.000000
   51 	 0.143612 	 9.013091 	 10.000000
   52 	 0.037999 	 7.989183 	 10.000000
   53 	 0.152588 	 9.449615 	 10.000000
   54 	 0.038147 	 9.351435 	 10.000000
   55 	 0.038147 	 8.233556 	 10.000000
   56 	 0.043211 	 8.818822 	 10.000000
   57 	 0.038147 	 8.430669 	 10.000000
   58 	 0.037999 	 8.380310 	 10.000000
   59 	 0.038147 	 8.542172 	 10.000000
   60 	 0.037999 	 9.199529 	 10.000000
   61 	 0.038147 	 8.914511 	 10.000000
   62 	 0.037999 	 8.231919 	 10.000000
   63 	 0.038147 	 8.584239 	 10.000000
   64 	 0.038147 	 8.647437 	 10.000000
   65 	 0.037999 	 8.018644 	 10.000000
   66 	 0.038147 	 8.918495 	 10.000000
   67 	 0.037999 	 8.864653 	 10.000000
   68 	 0.043403 	 8.857407 	 10.000000
   69 	 0.037999 	 8.804470 	 10.000000
   70 	 0.038147 	 8.244757 	 10.000000
   71 	 0.043403 	 8.272547 	 10.000000
   72 	 0.038147 	 8.207824 	 10.000000
   73 	 0.150240 	 8.752107 	 10.000000
   74 	 0.120563 	 9.323886 	 10.000000
   75 	 0.076294 	 8.582501 	 10.000000
   76 	 0.020303 	 7.974019 	 10.000000
   77 	 0.152588 	 8.293566 	 10.000000
   78 	 0.038147 	 9.176820 	 10.000000
   79 	 0.038147 	 7.718576 	 10.000000
 