   0 	 0.000349 	 0.023273 	 0.240560
    1 	 0.001394 	 0.381258 	 16.400538
    2 	 0.001070 	 10.711225 	 16.400538
    3 	 0.042090 	 15.858564 	 16.400538
    4 	 0.009095 	 14.509979 	 16.400538
    5 	 0.005599 	 14.763427 	 16.400538
    6 	 0.005599 	 13.979446 	 16.400538
    7 	 0.002328 	 15.041297 	 16.400538
    8 	 0.009095 	 14.507783 	 16.400538
    9 	 0.009447 	 15.855820 	 16.400538
   10 	 0.026436 	 15.869867 	 16.400538
   11 	 0.002328 	 14.765045 	 16.400538
   12 	 0.002328 	 14.254513 	 16.400538
   13 	 0.009095 	 14.782620 	 16.400538
   14 	 0.002328 	 15.323089 	 16.400538
   15 	 0.009095 	 14.237349 	 16.400538
   16 	 0.005599 	 15.038064 	 16.400538
   17 	 0.002328 	 14.767756 	 16.400538
   18 	 0.005599 	 14.784130 	 16.400538
   19 	 0.002328 	 14.240073 	 16.400538
   20 	 0.005599 	 14.765685 	 16.400538
   21 	 0.009447 	 14.780713 	 16.400538
   22 	 0.009095 	 15.584282 	 16.400538
   23 	 0.002328 	 15.041295 	 16.400538
   24 	 0.009095 	 15.317553 	 16.400538
   25 	 0.002088 	 15.584165 	 16.400538
   26 	 0.002328 	 13.975954 	 16.400538
   27 	 0.005599 	 15.324238 	 16.400538
   28 	 0.009095 	 13.421510 	 16.400538
   29 	 0.002088 	 15.309145 	 16.400538
   30 	 0.003280 	 15.069477 	 16.400538
   31 	 0.002328 	 14.771289 	 16.400538
   32 	 0.009095 	 15.311574 	 16.400538
   33 	 0.009095 	 15.585584 	 16.400538
   34 	 0.002328 	 13.167239 	 16.400538
   35 	 0.009095 	 15.311927 	 16.400538
   36 	 0.000986 	 13.704971 	 16.400538
   37 	 0.002328 	 14.512223 	 16.400538
   38 	 0.005599 	 15.055752 	 16.400538
   39 	 0.002328 	 13.960999 	 16.400538
   40 	 0.002328 	 15.310515 	 16.400538
   41 	 0.005599 	 14.765771 	 16.400538
   42 	 0.009095 	 14.494215 	 16.400538
   43 	 0.017158 	 15.598334 	 16.400538
   44 	 0.002328 	 14.784996 	 16.400538
   45 	 0.002328 	 14.496255 	 16.400538
   46 	 0.002328 	 15.037729 	 16.400538
   47 	 0.009447 	 15.311580 	 16.400538
   48 	 0.108574 	 15.321006 	 16.400538
   49 	 0.002328 	 14.495668 	 16.400538
   50 	 0.005599 	 14.779722 	 16.400538
   51 	 0.002328 	 14.497216 	 16.400538
   52 	 0.002328 	 14.221146 	 16.400538
   53 	 0.042090 	 15.612358 	 16.400538
   54 	 0.002328 	 14.780574 	 16.400538
   55 	 0.026436 	 16.127636 	 16.400538
   56 	 0.005599 	 14.509660 	 16.400538
   57 	 0.026436 	 14.511028 	 16.400538
   58 	 0.002328 	 14.497088 	 16.400538
   59 	 0.009095 	 15.035174 	 16.400538
   60 	 0.002328 	 14.511168 	 16.400538
   61 	 0.005599 	 15.854104 	 16.400538
   62 	 0.026436 	 13.970356 	 16.400538
   63 	 0.026375 	 15.313868 	 16.400538
   64 	 0.002088 	 15.042620 	 16.400538
   65 	 0.002328 	 15.329901 	 16.400538
   66 	 0.002328 	 14.231517 	 16.400538
   67 	 0.026436 	 15.066816 	 16.400538
   68 	 0.009095 	 15.037845 	 16.400538
   69 	 0.001411 	 14.508459 	 16.400538
   70 	 0.005599 	 13.432433 	 16.400538
   71 	 0.005599 	 14.248652 	 16.400538
   72 	 0.009095 	 15.053521 	 16.400538
   73 	 0.009095 	 14.766907 	 16.400538
   74 	 0.002328 	 14.770539 	 16.400538
   75 	 0.003280 	 14.823271 	 16.400538
   76 	 0.005599 	 14.788192 	 16.400538
   77 	 0.002328 	 14.496652 	 16.400538
   78 	 0.002328 	 14.494858 	 16.400538
   79 	 0.002328 	 15.042016 	 16.400538
 