   0 	 0.000426 	 0.064790 	 1.270281
    1 	 0.002328 	 0.768910 	 16.400538
    2 	 0.002328 	 4.721511 	 16.400538
    3 	 0.002328 	 11.306230 	 16.400538
    4 	 0.009447 	 15.312949 	 16.400538
    5 	 0.005599 	 14.509029 	 16.400538
    6 	 0.002328 	 14.489874 	 16.400538
    7 	 0.009095 	 14.513553 	 16.400538
    8 	 0.009447 	 15.057185 	 16.400538
    9 	 0.001043 	 14.772637 	 16.400538
   10 	 0.002328 	 14.767450 	 16.400538
   11 	 0.002328 	 14.782229 	 16.400538
   12 	 0.009447 	 15.325410 	 16.400538
   13 	 0.002328 	 15.313120 	 16.400538
   14 	 0.108574 	 15.601903 	 16.400538
   15 	 0.009095 	 15.585112 	 16.400538
   16 	 0.005599 	 14.502636 	 16.400538
   17 	 0.002328 	 14.489111 	 16.400538
   18 	 0.009447 	 15.055179 	 16.400538
   19 	 0.002328 	 14.499604 	 16.400538
   20 	 0.002328 	 15.038626 	 16.400538
   21 	 0.005599 	 13.678685 	 16.400538
   22 	 0.002328 	 15.055408 	 16.400538
   23 	 0.002328 	 15.039602 	 16.400538
   24 	 0.009095 	 14.769687 	 16.400538
   25 	 0.005599 	 15.037784 	 16.400538
   26 	 0.002328 	 14.782159 	 16.400538
   27 	 0.002328 	 14.765152 	 16.400538
   28 	 0.002328 	 15.036135 	 16.400538
   29 	 0.009447 	 15.582635 	 16.400538
   30 	 0.009447 	 14.229145 	 16.400538
   31 	 0.002328 	 14.235167 	 16.400538
   32 	 0.002328 	 13.948397 	 16.400538
   33 	 0.005599 	 14.495233 	 16.400538
   34 	 0.002328 	 15.036424 	 16.400538
   35 	 0.009095 	 14.224260 	 16.400538
   36 	 0.009447 	 15.327349 	 16.400538
   37 	 0.005599 	 14.265278 	 16.400538
   38 	 0.009447 	 15.060687 	 16.400538
   39 	 0.005599 	 15.327002 	 16.400538
   40 	 0.002328 	 15.065806 	 16.400538
   41 	 0.009447 	 15.312216 	 16.400538
   42 	 0.108574 	 16.129005 	 16.400538
   43 	 0.002328 	 14.492220 	 16.400538
   44 	 0.042090 	 15.315498 	 16.400538
   45 	 0.002328 	 14.493615 	 16.400538
   46 	 0.000873 	 14.792336 	 16.400538
   47 	 0.001411 	 14.252752 	 16.400538
   48 	 0.005599 	 14.237146 	 16.400538
   49 	 0.009447 	 14.775391 	 16.400538
   50 	 0.026436 	 15.586770 	 16.400538
   51 	 0.108574 	 15.589441 	 16.400538
   52 	 0.002328 	 15.596216 	 16.400538
   53 	 0.005599 	 13.692018 	 16.400538
   54 	 0.005599 	 13.424958 	 16.400538
   55 	 0.042090 	 15.586133 	 16.400538
   56 	 0.003280 	 14.778612 	 16.400538
   57 	 0.001411 	 13.686597 	 16.400538
   58 	 0.009095 	 15.581260 	 16.400538
   59 	 0.002328 	 15.311467 	 16.400538
   60 	 0.009447 	 14.766935 	 16.400538
   61 	 0.005599 	 12.609099 	 16.400538
   62 	 0.005599 	 15.054383 	 16.400538
   63 	 0.002328 	 15.053638 	 16.400538
   64 	 0.002328 	 13.997783 	 16.400538
   65 	 0.002328 	 14.781440 	 16.400538
   66 	 0.005599 	 14.496626 	 16.400538
   67 	 0.005599 	 15.580907 	 16.400538
   68 	 0.005599 	 15.037498 	 16.400538
   69 	 0.005599 	 13.968708 	 16.400538
   70 	 0.005599 	 13.967055 	 16.400538
   71 	 0.002328 	 13.976121 	 16.400538
   72 	 0.009095 	 14.228051 	 16.400538
   73 	 0.009095 	 15.309728 	 16.400538
   74 	 0.002328 	 15.041781 	 16.400538
   75 	 0.026436 	 15.042791 	 16.400538
   76 	 0.009447 	 14.797764 	 16.400538
   77 	 0.004221 	 15.326979 	 16.400538
   78 	 0.009447 	 15.582071 	 16.400538
   79 	 0.002328 	 13.964595 	 16.400538
 