   0 	 0.000303 	 0.020799 	 0.436697
    1 	 0.001328 	 0.168584 	 0.436697
    2 	 0.001233 	 0.301592 	 0.436697
    3 	 0.002228 	 0.360926 	 0.436697
    4 	 0.002259 	 0.377637 	 0.436697
    5 	 0.029855 	 0.407145 	 0.436697
    6 	 0.002228 	 0.403262 	 0.436697
    7 	 0.002357 	 0.409457 	 0.436697
    8 	 0.002259 	 0.392097 	 0.436697
    9 	 0.002228 	 0.389744 	 0.436697
   10 	 0.002228 	 0.399630 	 0.436697
   11 	 0.002228 	 0.402275 	 0.436697
   12 	 0.002645 	 0.398678 	 0.436697
   13 	 0.109193 	 0.409391 	 0.436697
   14 	 0.002357 	 0.417818 	 0.436697
   15 	 0.002228 	 0.387644 	 0.436697
   16 	 0.002228 	 0.402621 	 0.436697
   17 	 0.002357 	 0.418647 	 0.436697
   18 	 0.002259 	 0.366765 	 0.436697
   19 	 0.002259 	 0.394151 	 0.436697
   20 	 0.002228 	 0.420880 	 0.436697
   21 	 0.009444 	 0.404116 	 0.436697
   22 	 0.002228 	 0.381971 	 0.436697
   23 	 0.002259 	 0.365063 	 0.436697
   24 	 0.002259 	 0.371390 	 0.436697
   25 	 0.002228 	 0.408890 	 0.436697
   26 	 0.035874 	 0.477343 	 4.133618
   27 	 0.002228 	 0.737993 	 4.133618
   28 	 0.002259 	 1.951698 	 4.133618
   29 	 0.002228 	 2.769276 	 4.133618
   30 	 0.002228 	 3.613868 	 4.133618
   31 	 0.002228 	 3.515736 	 4.133618
   32 	 0.002228 	 3.860487 	 4.133618
   33 	 0.002369 	 4.064763 	 4.133618
   34 	 0.002259 	 3.615940 	 4.133618
   35 	 0.002228 	 3.460511 	 4.133618
   36 	 0.002259 	 3.732363 	 4.133618
   37 	 0.000580 	 3.470773 	 4.133618
   38 	 0.002369 	 3.659597 	 4.133618
   39 	 0.002228 	 3.656462 	 4.133618
   40 	 0.002228 	 3.670229 	 4.133618
   41 	 0.002228 	 3.679377 	 4.133618
   42 	 0.002228 	 3.998212 	 4.133618
   43 	 0.002369 	 3.660332 	 4.133618
   44 	 0.002369 	 3.808548 	 4.133618
   45 	 0.002369 	 3.529476 	 4.133618
   46 	 0.002228 	 3.730409 	 4.133618
   47 	 0.002259 	 3.196310 	 4.133618
   48 	 0.002369 	 3.738028 	 4.133618
   49 	 0.002259 	 3.736230 	 4.133618
   50 	 0.002228 	 3.537892 	 4.133618
   51 	 0.140645 	 3.874748 	 4.133618
   52 	 0.002228 	 3.603380 	 4.133618
   53 	 0.002259 	 3.591983 	 4.133618
   54 	 0.000580 	 3.794557 	 4.133618
   55 	 0.002228 	 3.626044 	 5.124623
   56 	 0.002259 	 3.560229 	 5.124623
   57 	 0.002259 	 3.616076 	 4.133618
   58 	 0.002228 	 3.815874 	 4.133618
   59 	 0.002228 	 3.528815 	 4.133618
   60 	 0.002228 	 3.658159 	 4.133618
   61 	 0.002228 	 3.731738 	 4.133618
   62 	 0.002228 	 3.666518 	 4.133618
   63 	 0.038719 	 3.936623 	 4.133618
   64 	 0.038719 	 3.807020 	 4.133618
   65 	 0.002369 	 3.801924 	 4.133618
   66 	 0.002259 	 3.659845 	 4.133618
   67 	 0.002259 	 3.732348 	 4.133618
   68 	 0.002228 	 3.800425 	 4.133618
   69 	 0.002228 	 3.659747 	 4.133618
   70 	 0.002369 	 3.605044 	 4.133618
   71 	 0.002228 	 3.734577 	 4.133618
   72 	 0.002369 	 3.607559 	 4.133618
   73 	 0.002228 	 3.389768 	 4.133618
   74 	 0.089304 	 3.932258 	 4.133618
   75 	 0.002228 	 3.792848 	 4.133618
   76 	 0.401784 	 3.890782 	 4.133618
   77 	 0.002228 	 3.662978 	 4.133618
   78 	 0.002228 	 3.662165 	 4.133618
   79 	 0.002369 	 3.669685 	 4.133618
 