   0 	 0.000421 	 0.047111 	 0.934378
    1 	 0.002616 	 0.449074 	 2.396302
    2 	 0.002337 	 0.619453 	 2.396302
    3 	 0.002906 	 1.072467 	 16.400538
    4 	 0.002906 	 3.983015 	 16.400538
    5 	 0.000515 	 11.731854 	 16.400538
    6 	 0.009447 	 15.601997 	 16.400538
    7 	 0.002328 	 14.503404 	 16.400538
    8 	 0.002328 	 15.035316 	 16.400538
    9 	 0.002328 	 14.773614 	 16.400538
   10 	 0.002328 	 14.764431 	 16.400538
   11 	 0.002328 	 15.580853 	 16.400538
   12 	 0.005599 	 13.170483 	 16.400538
   13 	 0.005599 	 13.171130 	 16.400538
   14 	 0.002328 	 13.969467 	 16.400538
   15 	 0.005599 	 15.067577 	 16.400538
   16 	 0.002328 	 14.765896 	 16.400538
   17 	 0.009095 	 13.421995 	 16.400538
   18 	 0.002328 	 15.050069 	 16.400538
   19 	 0.002328 	 14.506425 	 16.400538
   20 	 0.005599 	 14.792734 	 16.400538
   21 	 0.005599 	 14.513344 	 16.400538
   22 	 0.002328 	 14.221956 	 16.400538
   23 	 0.002328 	 14.512941 	 16.400538
   24 	 0.000873 	 15.324717 	 16.400538
   25 	 0.108574 	 15.858774 	 16.400538
   26 	 0.002328 	 15.051846 	 16.400538
   27 	 0.002328 	 14.768396 	 16.400538
   28 	 0.002328 	 14.779337 	 16.400538
   29 	 0.009095 	 14.224074 	 16.400538
   30 	 0.002328 	 15.854593 	 16.400538
   31 	 0.108574 	 15.071703 	 16.400538
   32 	 0.009447 	 15.328718 	 16.400538
   33 	 0.002328 	 14.249784 	 16.400538
   34 	 0.005599 	 15.580849 	 16.400538
   35 	 0.002328 	 15.050732 	 16.400538
   36 	 0.009447 	 15.040945 	 16.400538
   37 	 0.002328 	 14.765156 	 16.400538
   38 	 0.002328 	 14.779986 	 16.400538
   39 	 0.002328 	 14.489476 	 16.400538
   40 	 0.002328 	 14.776650 	 16.400538
   41 	 0.002328 	 15.040429 	 16.400538
   42 	 0.002328 	 14.222397 	 16.400538
   43 	 0.002328 	 14.497983 	 16.400538
   44 	 0.009447 	 14.775324 	 16.400538
   45 	 0.001796 	 15.050179 	 16.400538
   46 	 0.002328 	 15.039384 	 16.400538
   47 	 0.002328 	 14.221201 	 16.400538
   48 	 0.009095 	 15.072245 	 16.400538
   49 	 0.002328 	 14.772245 	 16.400538
   50 	 0.002328 	 14.767981 	 16.400538
   51 	 0.002328 	 14.216217 	 16.400538
   52 	 0.009095 	 13.977308 	 16.400538
   53 	 0.009095 	 13.687660 	 16.400538
   54 	 0.002328 	 13.951775 	 16.400538
   55 	 0.009095 	 14.537553 	 16.400538
   56 	 0.002328 	 13.161032 	 16.400538
   57 	 0.009095 	 15.586481 	 16.400538
   58 	 0.002328 	 15.041118 	 16.400538
   59 	 0.009447 	 15.326168 	 16.400538
   60 	 0.005599 	 14.496960 	 16.400538
   61 	 0.002328 	 15.854043 	 16.400538
   62 	 0.002328 	 14.225167 	 16.400538
   63 	 0.002328 	 15.580987 	 16.400538
   64 	 0.002328 	 14.508926 	 16.400538
   65 	 0.002328 	 14.493493 	 16.400538
   66 	 0.042090 	 16.127897 	 16.400538
   67 	 0.002088 	 14.780738 	 16.400538
   68 	 0.005599 	 15.581196 	 16.400538
   69 	 0.009095 	 15.857116 	 16.400538
   70 	 0.005599 	 15.035082 	 16.400538
   71 	 0.042090 	 14.790596 	 16.400538
   72 	 0.002328 	 14.781204 	 16.400538
   73 	 0.002328 	 15.049792 	 16.400538
   74 	 0.005599 	 15.049853 	 16.400538
   75 	 0.009095 	 15.312399 	 16.400538
   76 	 0.002328 	 15.583755 	 16.400538
   77 	 0.009447 	 15.310539 	 16.400538
   78 	 0.002328 	 15.313938 	 16.400538
   79 	 0.002328 	 15.053403 	 16.400538
 