   0 	 0.000304 	 0.040813 	 0.429459
    1 	 0.002286 	 0.216337 	 0.641999
    2 	 0.000784 	 0.351222 	 5.124623
    3 	 0.001433 	 1.783632 	 16.400538
    4 	 0.002325 	 5.712974 	 16.400538
    5 	 0.001757 	 9.743616 	 16.400538
    6 	 0.002328 	 14.230851 	 16.400538
    7 	 0.026436 	 15.067924 	 16.400538
    8 	 0.026436 	 14.783719 	 16.400538
    9 	 0.005599 	 13.949774 	 16.400538
   10 	 0.009095 	 15.308620 	 16.400538
   11 	 0.009095 	 15.581260 	 16.400538
   12 	 0.002328 	 14.523496 	 16.400538
   13 	 0.002328 	 14.767641 	 16.400538
   14 	 0.002328 	 13.945522 	 16.400538
   15 	 0.002328 	 14.767433 	 16.400538
   16 	 0.000986 	 13.130129 	 16.400538
   17 	 0.002328 	 15.314480 	 16.400538
   18 	 0.009447 	 15.581810 	 16.400538
   19 	 0.005599 	 15.313238 	 16.400538
   20 	 0.002328 	 14.221619 	 16.400538
   21 	 0.042090 	 15.340826 	 16.400538
   22 	 0.005599 	 15.857058 	 16.400538
   23 	 0.002328 	 15.038821 	 16.400538
   24 	 0.009447 	 14.227438 	 16.400538
   25 	 0.002328 	 15.311172 	 16.400538
   26 	 0.002328 	 15.311267 	 16.400538
   27 	 0.002328 	 15.040947 	 16.400538
   28 	 0.005599 	 15.056013 	 16.400538
   29 	 0.026436 	 15.588970 	 16.400538
   30 	 0.005599 	 14.768240 	 16.400538
   31 	 0.026436 	 14.782090 	 16.400538
   32 	 0.005599 	 15.581196 	 16.400538
   33 	 0.005599 	 14.787721 	 16.400538
   34 	 0.042090 	 15.599897 	 16.400538
   35 	 0.005677 	 15.854388 	 16.400538
   36 	 0.009095 	 15.854445 	 16.400538
   37 	 0.005599 	 13.983722 	 16.400538
   38 	 0.186696 	 15.589846 	 16.400538
   39 	 0.009095 	 15.060681 	 16.400538
   40 	 0.005599 	 14.781198 	 16.400538
   41 	 0.009447 	 13.970971 	 16.400538
   42 	 0.002328 	 15.308790 	 16.400538
   43 	 0.002328 	 14.236742 	 16.400538
   44 	 0.002328 	 13.954681 	 16.400538
   45 	 0.009447 	 14.784755 	 16.400538
   46 	 0.026436 	 15.584765 	 16.400538
   47 	 0.002328 	 14.767085 	 16.400538
   48 	 0.002328 	 15.035055 	 16.400538
   49 	 0.002328 	 15.581344 	 16.400538
   50 	 0.009095 	 15.324860 	 16.400538
   51 	 0.005599 	 14.496641 	 16.400538
   52 	 0.002328 	 15.041584 	 16.400538
   53 	 0.002328 	 14.527408 	 16.400538
   54 	 0.005599 	 13.416791 	 16.400538
   55 	 0.026436 	 14.511079 	 16.400538
   56 	 0.002328 	 14.247984 	 16.400538
   57 	 0.008563 	 15.582057 	 16.400538
   58 	 0.026436 	 15.043167 	 16.400538
   59 	 0.002328 	 13.966161 	 16.400538
   60 	 0.010239 	 14.515368 	 16.400538
   61 	 0.009095 	 15.044247 	 16.400538
   62 	 0.026436 	 15.311863 	 16.400538
   63 	 0.005599 	 15.583867 	 16.400538
   64 	 0.002328 	 15.307497 	 16.400538
   65 	 0.002328 	 15.582398 	 16.400538
   66 	 0.005599 	 14.769606 	 16.400538
   67 	 0.005599 	 15.050786 	 16.400538
   68 	 0.009095 	 15.312943 	 16.400538
   69 	 0.002328 	 14.489224 	 16.400538
   70 	 0.026436 	 15.329405 	 16.400538
   71 	 0.009095 	 14.512939 	 16.400538
   72 	 0.002328 	 15.041839 	 16.400538
   73 	 0.002328 	 13.689455 	 16.400538
   74 	 0.002328 	 14.762215 	 16.400538
   75 	 0.002328 	 14.523890 	 16.400538
   76 	 0.001411 	 13.961156 	 16.400538
   77 	 0.005599 	 15.049895 	 16.400538
   78 	 0.009095 	 15.051675 	 16.400538
   79 	 0.002328 	 13.402499 	 16.400538
 