   0 	 0.000318 	 0.057961 	 1.516339
    1 	 0.001167 	 0.926284 	 16.400538
    2 	 0.001371 	 3.254765 	 16.400538
    3 	 0.001371 	 10.743733 	 16.400538
    4 	 0.002088 	 13.946740 	 16.400538
    5 	 0.005599 	 16.127289 	 16.400538
    6 	 0.005599 	 14.777884 	 16.400538
    7 	 0.026436 	 15.312124 	 16.400538
    8 	 0.002328 	 15.053096 	 16.400538
    9 	 0.009095 	 15.327054 	 16.400538
   10 	 0.009095 	 15.055810 	 16.400538
   11 	 0.002328 	 14.503754 	 16.400538
   12 	 0.002328 	 15.580682 	 16.400538
   13 	 0.005599 	 15.583867 	 16.400538
   14 	 0.002328 	 14.767027 	 16.400538
   15 	 0.026436 	 15.067663 	 16.400538
   16 	 0.005599 	 14.768383 	 16.400538
   17 	 0.002328 	 15.584363 	 16.400538
   18 	 0.002328 	 13.965828 	 16.400538
   19 	 0.005599 	 15.327002 	 16.400538
   20 	 0.000986 	 15.040925 	 16.400538
   21 	 0.002328 	 15.067086 	 16.400538
   22 	 0.009095 	 14.553137 	 16.400538
   23 	 0.005599 	 14.783038 	 16.400538
   24 	 0.002328 	 15.038918 	 16.400538
   25 	 0.002328 	 13.427275 	 16.400538
   26 	 0.009447 	 14.236452 	 16.400538
   27 	 0.002328 	 13.959737 	 16.400538
   28 	 0.009447 	 15.854712 	 16.400538
   29 	 0.009095 	 15.584823 	 16.400538
   30 	 0.001043 	 14.522653 	 16.400538
   31 	 0.005599 	 15.053269 	 16.400538
   32 	 0.009447 	 15.043072 	 16.400538
   33 	 0.005599 	 14.493614 	 16.400538
   34 	 0.002328 	 15.049904 	 16.400538
   35 	 0.005599 	 15.065658 	 16.400538
   36 	 0.002259 	 15.581402 	 16.400538
   37 	 0.002328 	 15.326332 	 16.400538
   38 	 0.005599 	 15.051047 	 16.400538
   39 	 0.009447 	 15.068943 	 16.400538
   40 	 0.009095 	 15.071347 	 16.400538
   41 	 0.002328 	 15.039935 	 16.400538
   42 	 0.005599 	 15.323637 	 16.400538
   43 	 0.005599 	 13.962704 	 16.400538
   44 	 0.005599 	 15.314534 	 16.400538
   45 	 0.002328 	 13.957351 	 16.400538
   46 	 0.002328 	 14.780560 	 16.400538
   47 	 0.009447 	 15.600251 	 16.400538
   48 	 0.001809 	 14.235401 	 16.400538
   49 	 0.002328 	 15.053290 	 16.400538
   50 	 0.009447 	 15.054708 	 16.400538
   51 	 0.009095 	 14.523584 	 16.400538
   52 	 0.005599 	 14.493072 	 16.400538
   53 	 0.011800 	 14.496501 	 16.400538
   54 	 0.005599 	 14.496386 	 16.400538
   55 	 0.009095 	 15.309445 	 16.400538
   56 	 0.005599 	 15.310474 	 16.400538
   57 	 0.002328 	 14.235573 	 16.400538
   58 	 16.400538 	 16.400538 	 16.400538
   59 	 0.002328 	 14.796531 	 16.400538
   60 	 0.002328 	 14.769110 	 16.400538
   61 	 0.005599 	 14.768737 	 16.400538
   62 	 0.002328 	 15.585000 	 16.400538
   63 	 0.005599 	 15.040033 	 16.400538
   64 	 0.008768 	 15.585578 	 16.400538
   65 	 0.002328 	 14.496586 	 16.400538
   66 	 0.009095 	 15.309728 	 16.400538
   67 	 0.009095 	 15.309989 	 16.400538
   68 	 0.005599 	 15.581399 	 16.400538
   69 	 0.002328 	 14.492798 	 16.400538
   70 	 0.005599 	 14.226143 	 16.400538
   71 	 0.009095 	 14.784771 	 16.400538
   72 	 0.002328 	 15.324741 	 16.400538
   73 	 0.002328 	 15.035322 	 16.400538
   74 	 0.009095 	 14.782886 	 16.400538
   75 	 0.002328 	 14.498655 	 16.400538
   76 	 0.009447 	 15.327349 	 16.400538
   77 	 0.186696 	 15.872538 	 16.400538
   78 	 0.005599 	 14.245270 	 16.400538
   79 	 0.009095 	 14.501375 	 16.400538
 