   0 	 0.000318 	 0.057961 	 1.516339
    1 	 0.001135 	 0.908991 	 16.400538
    2 	 0.001371 	 3.505795 	 16.400538
    3 	 0.001511 	 11.164282 	 16.400538
    4 	 16.400538 	 16.400538 	 16.400538
    5 	 16.400538 	 16.400538 	 16.400538
    6 	 0.042090 	 16.127897 	 16.400538
    7 	 16.400538 	 16.400538 	 16.400538
    8 	 16.400538 	 16.400538 	 16.400538
    9 	 16.400538 	 16.400538 	 16.400538
   10 	 16.400538 	 16.400538 	 16.400538
   11 	 16.400538 	 16.400538 	 16.400538
   12 	 16.400538 	 16.400538 	 16.400538
   13 	 16.400538 	 16.400538 	 16.400538
   14 	 16.400538 	 16.400538 	 16.400538
   15 	 16.400538 	 16.400538 	 16.400538
   16 	 16.400538 	 16.400538 	 16.400538
   17 	 16.400538 	 16.400538 	 16.400538
   18 	 16.400538 	 16.400538 	 16.400538
   19 	 16.400538 	 16.400538 	 16.400538
   20 	 16.400538 	 16.400538 	 16.400538
   21 	 16.400538 	 16.400538 	 16.400538
   22 	 16.400538 	 16.400538 	 16.400538
   23 	 16.400538 	 16.400538 	 16.400538
   24 	 16.400538 	 16.400538 	 16.400538
   25 	 16.400538 	 16.400538 	 16.400538
   26 	 16.400538 	 16.400538 	 16.400538
   27 	 16.400538 	 16.400538 	 16.400538
   28 	 16.400538 	 16.400538 	 16.400538
   29 	 16.400538 	 16.400538 	 16.400538
   30 	 16.400538 	 16.400538 	 16.400538
   31 	 16.400538 	 16.400538 	 16.400538
   32 	 16.400538 	 16.400538 	 16.400538
   33 	 16.400538 	 16.400538 	 16.400538
   34 	 16.400538 	 16.400538 	 16.400538
   35 	 16.400538 	 16.400538 	 16.400538
   36 	 16.400538 	 16.400538 	 16.400538
   37 	 16.400538 	 16.400538 	 16.400538
   38 	 16.400538 	 16.400538 	 16.400538
   39 	 16.400538 	 16.400538 	 16.400538
   40 	 16.400538 	 16.400538 	 16.400538
   41 	 16.400538 	 16.400538 	 16.400538
   42 	 16.400538 	 16.400538 	 16.400538
   43 	 16.400538 	 16.400538 	 16.400538
   44 	 16.400538 	 16.400538 	 16.400538
   45 	 16.400538 	 16.400538 	 16.400538
   46 	 16.400538 	 16.400538 	 16.400538
   47 	 16.400538 	 16.400538 	 16.400538
   48 	 16.400538 	 16.400538 	 16.400538
   49 	 16.400538 	 16.400538 	 16.400538
   50 	 16.400538 	 16.400538 	 16.400538
   51 	 16.400538 	 16.400538 	 16.400538
   52 	 16.400538 	 16.400538 	 16.400538
   53 	 16.400538 	 16.400538 	 16.400538
   54 	 16.400538 	 16.400538 	 16.400538
   55 	 16.400538 	 16.400538 	 16.400538
   56 	 16.400538 	 16.400538 	 16.400538
   57 	 16.400538 	 16.400538 	 16.400538
   58 	 16.400538 	 16.400538 	 16.400538
   59 	 16.400538 	 16.400538 	 16.400538
   60 	 16.400538 	 16.400538 	 16.400538
   61 	 16.400538 	 16.400538 	 16.400538
   62 	 16.400538 	 16.400538 	 16.400538
   63 	 16.400538 	 16.400538 	 16.400538
   64 	 16.400538 	 16.400538 	 16.400538
   65 	 16.400538 	 16.400538 	 16.400538
   66 	 16.400538 	 16.400538 	 16.400538
   67 	 16.400538 	 16.400538 	 16.400538
   68 	 16.400538 	 16.400538 	 16.400538
   69 	 16.400538 	 16.400538 	 16.400538
   70 	 16.400538 	 16.400538 	 16.400538
   71 	 16.400538 	 16.400538 	 16.400538
   72 	 16.400538 	 16.400538 	 16.400538
   73 	 16.400538 	 16.400538 	 16.400538
   74 	 16.400538 	 16.400538 	 16.400538
   75 	 16.400538 	 16.400538 	 16.400538
   76 	 16.400538 	 16.400538 	 16.400538
   77 	 0.186696 	 16.130307 	 16.400538
   78 	 16.400538 	 16.400538 	 16.400538
   79 	 16.400538 	 16.400538 	 16.400538
 