   0 	 0.000361 	 0.066277 	 1.516339
    1 	 0.001230 	 0.592383 	 1.796500
    2 	 0.025716 	 1.118280 	 1.796500
    3 	 0.010024 	 1.245472 	 1.516339
    4 	 0.028700 	 1.409515 	 1.516339
    5 	 1.516339 	 1.516339 	 1.516339
    6 	 1.516339 	 1.516339 	 1.516339
    7 	 1.516339 	 1.516339 	 1.516339
    8 	 1.516339 	 1.516339 	 1.516339
    9 	 0.002213 	 1.491104 	 1.516339
   10 	 1.516339 	 1.516339 	 1.516339
   11 	 1.516339 	 1.516339 	 1.516339
   12 	 1.516339 	 1.516339 	 1.516339
   13 	 1.516339 	 1.516339 	 1.516339
   14 	 1.516339 	 1.516339 	 1.516339
   15 	 1.516339 	 1.516339 	 1.516339
   16 	 1.516339 	 1.516339 	 1.516339
   17 	 1.516339 	 1.516339 	 1.516339
   18 	 1.516339 	 1.516339 	 1.516339
   19 	 1.516339 	 1.516339 	 1.516339
   20 	 1.516339 	 1.516339 	 1.516339
   21 	 1.516339 	 1.516339 	 1.516339
   22 	 1.516339 	 1.516339 	 1.516339
   23 	 1.516339 	 1.516339 	 1.516339
   24 	 1.516339 	 1.516339 	 1.516339
   25 	 1.516339 	 1.516339 	 1.516339
   26 	 1.516339 	 1.516339 	 1.516339
   27 	 0.118089 	 1.493035 	 1.516339
   28 	 1.516339 	 1.516339 	 1.516339
   29 	 1.516339 	 1.516339 	 1.516339
   30 	 1.516339 	 1.516339 	 1.516339
   31 	 1.516339 	 1.516339 	 1.516339
   32 	 1.516339 	 1.516339 	 1.516339
   33 	 1.516339 	 1.516339 	 1.516339
   34 	 1.516339 	 1.516339 	 1.516339
   35 	 1.516339 	 1.516339 	 1.516339
   36 	 1.516339 	 1.516339 	 1.516339
   37 	 1.516339 	 1.516339 	 1.516339
   38 	 1.516339 	 1.516339 	 1.516339
   39 	 1.516339 	 1.516339 	 1.516339
   40 	 1.516339 	 1.516339 	 1.516339
   41 	 1.516339 	 1.516339 	 1.516339
   42 	 1.516339 	 1.516339 	 1.516339
   43 	 1.516339 	 1.516339 	 1.516339
   44 	 1.516339 	 1.516339 	 1.516339
   45 	 1.516339 	 1.516339 	 1.516339
   46 	 1.516339 	 1.516339 	 1.516339
   47 	 1.516339 	 1.516339 	 1.516339
   48 	 1.516339 	 1.516339 	 1.516339
   49 	 1.516339 	 1.516339 	 1.516339
   50 	 1.516339 	 1.516339 	 1.516339
   51 	 1.516339 	 1.516339 	 1.516339
   52 	 1.516339 	 1.516339 	 1.516339
   53 	 1.516339 	 1.516339 	 1.516339
   54 	 1.516339 	 1.516339 	 1.516339
   55 	 1.516339 	 1.516339 	 1.516339
   56 	 1.516339 	 1.516339 	 1.516339
   57 	 1.516339 	 1.516339 	 1.516339
   58 	 1.516339 	 1.516339 	 1.516339
   59 	 1.516339 	 1.516339 	 1.516339
   60 	 1.516339 	 1.516339 	 1.516339
   61 	 1.516339 	 1.516339 	 1.516339
   62 	 1.516339 	 1.516339 	 1.516339
   63 	 1.516339 	 1.516339 	 1.516339
   64 	 1.516339 	 1.516339 	 1.516339
   65 	 1.516339 	 1.516339 	 1.516339
   66 	 1.516339 	 1.516339 	 1.516339
   67 	 1.516339 	 1.516339 	 1.516339
   68 	 1.516339 	 1.516339 	 1.516339
   69 	 1.516339 	 1.516339 	 1.516339
   70 	 1.516339 	 1.516339 	 1.516339
   71 	 1.516339 	 1.516339 	 1.516339
   72 	 1.516339 	 1.516339 	 1.516339
   73 	 1.516339 	 1.516339 	 1.516339
   74 	 1.516339 	 1.516339 	 1.516339
   75 	 1.516339 	 1.516339 	 1.516339
   76 	 1.516339 	 1.516339 	 1.516339
   77 	 1.516339 	 1.516339 	 1.516339
   78 	 0.011163 	 1.491253 	 1.516339
   79 	 1.516339 	 1.516339 	 1.516339
 