   0 	 0.000304 	 0.038091 	 1.000000
    1 	 0.001135 	 0.750074 	 16.400538
    2 	 0.005677 	 3.243821 	 16.400538
    3 	 0.008432 	 11.871510 	 16.400538
    4 	 16.400538 	 16.400538 	 16.400538
    5 	 16.400538 	 16.400538 	 16.400538
    6 	 16.400538 	 16.400538 	 16.400538
    7 	 16.400538 	 16.400538 	 16.400538
    8 	 16.400538 	 16.400538 	 16.400538
    9 	 16.400538 	 16.400538 	 16.400538
   10 	 16.400538 	 16.400538 	 16.400538
   11 	 16.400538 	 16.400538 	 16.400538
   12 	 16.400538 	 16.400538 	 16.400538
   13 	 16.400538 	 16.400538 	 16.400538
   14 	 16.400538 	 16.400538 	 16.400538
   15 	 16.400538 	 16.400538 	 16.400538
   16 	 16.400538 	 16.400538 	 16.400538
   17 	 16.400538 	 16.400538 	 16.400538
   18 	 0.042090 	 16.127897 	 16.400538
   19 	 16.400538 	 16.400538 	 16.400538
   20 	 16.400538 	 16.400538 	 16.400538
   21 	 16.400538 	 16.400538 	 16.400538
   22 	 16.400538 	 16.400538 	 16.400538
   23 	 16.400538 	 16.400538 	 16.400538
   24 	 16.400538 	 16.400538 	 16.400538
   25 	 16.400538 	 16.400538 	 16.400538
   26 	 16.400538 	 16.400538 	 16.400538
   27 	 0.026436 	 16.127636 	 16.400538
   28 	 16.400538 	 16.400538 	 16.400538
   29 	 16.400538 	 16.400538 	 16.400538
   30 	 16.400538 	 16.400538 	 16.400538
   31 	 16.400538 	 16.400538 	 16.400538
   32 	 16.400538 	 16.400538 	 16.400538
   33 	 0.042090 	 16.127897 	 16.400538
   34 	 16.400538 	 16.400538 	 16.400538
   35 	 16.400538 	 16.400538 	 16.400538
   36 	 16.400538 	 16.400538 	 16.400538
   37 	 16.400538 	 16.400538 	 16.400538
   38 	 0.009447 	 16.127353 	 16.400538
   39 	 16.400538 	 16.400538 	 16.400538
   40 	 16.400538 	 16.400538 	 16.400538
   41 	 16.400538 	 16.400538 	 16.400538
   42 	 16.400538 	 16.400538 	 16.400538
   43 	 16.400538 	 16.400538 	 16.400538
   44 	 16.400538 	 16.400538 	 16.400538
   45 	 16.400538 	 16.400538 	 16.400538
   46 	 16.400538 	 16.400538 	 16.400538
   47 	 16.400538 	 16.400538 	 16.400538
   48 	 0.108574 	 16.129005 	 16.400538
   49 	 16.400538 	 16.400538 	 16.400538
   50 	 16.400538 	 16.400538 	 16.400538
   51 	 0.005599 	 16.127289 	 16.400538
   52 	 0.026436 	 16.127636 	 16.400538
   53 	 16.400538 	 16.400538 	 16.400538
   54 	 16.400538 	 16.400538 	 16.400538
   55 	 16.400538 	 16.400538 	 16.400538
   56 	 16.400538 	 16.400538 	 16.400538
   57 	 16.400538 	 16.400538 	 16.400538
   58 	 0.009447 	 16.127353 	 16.400538
   59 	 16.400538 	 16.400538 	 16.400538
   60 	 16.400538 	 16.400538 	 16.400538
   61 	 16.400538 	 16.400538 	 16.400538
   62 	 0.042090 	 16.127897 	 16.400538
   63 	 16.400538 	 16.400538 	 16.400538
   64 	 16.400538 	 16.400538 	 16.400538
   65 	 16.400538 	 16.400538 	 16.400538
   66 	 16.400538 	 16.400538 	 16.400538
   67 	 16.400538 	 16.400538 	 16.400538
   68 	 0.002328 	 16.127234 	 16.400538
   69 	 16.400538 	 16.400538 	 16.400538
   70 	 16.400538 	 16.400538 	 16.400538
   71 	 16.400538 	 16.400538 	 16.400538
   72 	 16.400538 	 16.400538 	 16.400538
   73 	 16.400538 	 16.400538 	 16.400538
   74 	 16.400538 	 16.400538 	 16.400538
   75 	 16.400538 	 16.400538 	 16.400538
   76 	 16.400538 	 16.400538 	 16.400538
   77 	 16.400538 	 16.400538 	 16.400538
   78 	 16.400538 	 16.400538 	 16.400538
   79 	 0.009447 	 16.127353 	 16.400538
 