   0 	 0.000304 	 0.047390 	 1.137476
    1 	 0.000891 	 0.362614 	 1.137476
    2 	 0.006721 	 0.904081 	 1.137476
    3 	 0.056975 	 1.039260 	 1.137476
    4 	 0.375696 	 1.124779 	 1.137476
    5 	 1.137476 	 1.137476 	 1.137476
    6 	 1.137476 	 1.137476 	 1.137476
    7 	 1.137476 	 1.137476 	 1.137476
    8 	 1.137476 	 1.137476 	 1.137476
    9 	 1.137476 	 1.137476 	 1.137476
   10 	 1.137476 	 1.137476 	 1.137476
   11 	 0.001283 	 1.118539 	 1.137476
   12 	 1.137476 	 1.137476 	 1.137476
   13 	 0.043073 	 1.119236 	 1.137476
   14 	 1.137476 	 1.137476 	 1.137476
   15 	 1.137476 	 1.137476 	 1.137476
   16 	 0.056975 	 1.119467 	 1.137476
   17 	 1.137476 	 1.137476 	 1.137476
   18 	 1.137476 	 1.137476 	 1.137476
   19 	 1.137476 	 1.137476 	 1.137476
   20 	 1.137476 	 1.137476 	 1.137476
   21 	 1.137476 	 1.137476 	 1.137476
   22 	 1.137476 	 1.137476 	 1.137476
   23 	 1.137476 	 1.137476 	 1.137476
   24 	 1.137476 	 1.137476 	 1.137476
   25 	 1.137476 	 1.137476 	 1.137476
   26 	 0.001283 	 1.118539 	 1.137476
   27 	 1.137476 	 1.137476 	 1.137476
   28 	 1.137476 	 1.137476 	 1.137476
   29 	 1.137476 	 1.137476 	 1.137476
   30 	 1.137476 	 1.137476 	 1.137476
   31 	 1.137476 	 1.137476 	 1.137476
   32 	 0.008011 	 1.118651 	 1.137476
   33 	 1.137476 	 1.137476 	 1.137476
   34 	 1.137476 	 1.137476 	 1.137476
   35 	 1.137476 	 1.137476 	 1.137476
   36 	 1.137476 	 1.137476 	 1.137476
   37 	 1.137476 	 1.137476 	 1.137476
   38 	 1.137476 	 1.137476 	 1.137476
   39 	 1.137476 	 1.137476 	 1.137476
   40 	 0.001283 	 1.099877 	 1.137476
   41 	 1.137476 	 1.137476 	 1.137476
   42 	 1.137476 	 1.137476 	 1.137476
   43 	 1.137476 	 1.137476 	 1.137476
   44 	 1.137476 	 1.137476 	 1.137476
   45 	 1.137476 	 1.137476 	 1.137476
   46 	 1.137476 	 1.137476 	 1.137476
   47 	 1.137476 	 1.137476 	 1.137476
   48 	 1.137476 	 1.137476 	 1.137476
   49 	 1.137476 	 1.137476 	 1.137476
   50 	 1.137476 	 1.137476 	 1.137476
   51 	 1.137476 	 1.137476 	 1.137476
   52 	 1.137476 	 1.137476 	 1.137476
   53 	 1.137476 	 1.137476 	 1.137476
   54 	 1.137476 	 1.137476 	 1.137476
   55 	 1.137476 	 1.137476 	 1.137476
   56 	 1.137476 	 1.137476 	 1.137476
   57 	 1.137476 	 1.137476 	 1.137476
   58 	 1.137476 	 1.137476 	 1.137476
   59 	 1.137476 	 1.137476 	 1.137476
   60 	 1.137476 	 1.137476 	 1.137476
   61 	 1.137476 	 1.137476 	 1.137476
   62 	 1.137476 	 1.137476 	 1.137476
   63 	 1.137476 	 1.137476 	 1.137476
   64 	 1.137476 	 1.137476 	 1.137476
   65 	 1.137476 	 1.137476 	 1.137476
   66 	 1.137476 	 1.137476 	 1.137476
   67 	 0.375696 	 1.124779 	 1.137476
   68 	 1.137476 	 1.137476 	 1.137476
   69 	 1.137476 	 1.137476 	 1.137476
   70 	 1.137476 	 1.137476 	 1.137476
   71 	 1.137476 	 1.137476 	 1.137476
   72 	 1.137476 	 1.137476 	 1.137476
   73 	 1.137476 	 1.137476 	 1.137476
   74 	 1.137476 	 1.137476 	 1.137476
   75 	 1.137476 	 1.137476 	 1.137476
   76 	 1.137476 	 1.137476 	 1.137476
   77 	 1.137476 	 1.137476 	 1.137476
   78 	 1.137476 	 1.137476 	 1.137476
   79 	 1.137476 	 1.137476 	 1.137476
 