   0 	 0.017043 	 0.056650 	 0.574449
    1 	 0.019453 	 0.153478 	 0.574449
    2 	 0.030423 	 0.378221 	 0.574449
    3 	 0.030423 	 0.518019 	 0.574449
    4 	 0.030423 	 0.558166 	 0.574449
    5 	 0.030423 	 0.565382 	 0.574449
    6 	 0.086421 	 0.566315 	 0.574449
    7 	 0.574449 	 0.574449 	 0.574449
    8 	 0.574449 	 0.574449 	 0.574449
    9 	 0.574449 	 0.577395 	 0.751202
   10 	 0.574449 	 0.574449 	 0.574449
   11 	 0.574449 	 0.574449 	 0.574449
   12 	 0.574449 	 0.574449 	 0.574449
   13 	 0.574449 	 0.574449 	 0.574449
   14 	 0.574449 	 0.574449 	 0.574449
   15 	 0.574449 	 0.574449 	 0.574449
   16 	 0.574449 	 0.574449 	 0.574449
   17 	 0.574449 	 0.574449 	 0.574449
   18 	 0.574449 	 0.574449 	 0.574449
   19 	 0.574449 	 0.574449 	 0.574449
   20 	 0.574449 	 0.574449 	 0.574449
   21 	 0.574449 	 0.574449 	 0.574449
   22 	 0.046725 	 0.565653 	 0.574449
   23 	 0.574449 	 0.574449 	 0.574449
   24 	 0.574449 	 0.574449 	 0.574449
   25 	 0.574449 	 0.574449 	 0.574449
   26 	 0.574449 	 0.574449 	 0.574449
   27 	 0.574449 	 0.574449 	 0.574449
   28 	 0.574449 	 0.574449 	 0.574449
   29 	 0.574449 	 0.574449 	 0.574449
   30 	 0.574449 	 0.574449 	 0.574449
   31 	 0.574449 	 0.574449 	 0.574449
   32 	 0.574449 	 0.574449 	 0.574449
   33 	 0.574449 	 0.574449 	 0.574449
   34 	 0.055173 	 0.565794 	 0.574449
   35 	 0.574449 	 0.574449 	 0.574449
   36 	 0.574449 	 0.574449 	 0.574449
   37 	 0.574449 	 0.574449 	 0.574449
   38 	 0.574449 	 0.574449 	 0.574449
   39 	 0.574449 	 0.574449 	 0.574449
   40 	 0.574449 	 0.574449 	 0.574449
   41 	 0.574449 	 0.574449 	 0.574449
   42 	 0.574449 	 0.574449 	 0.574449
   43 	 0.574449 	 0.574449 	 0.574449
   44 	 0.574449 	 0.574449 	 0.574449
   45 	 0.574449 	 0.574449 	 0.574449
   46 	 0.574449 	 0.574449 	 0.574449
   47 	 0.574449 	 0.574449 	 0.574449
   48 	 0.574449 	 0.574449 	 0.574449
   49 	 0.574449 	 0.574449 	 0.574449
   50 	 0.574449 	 0.574449 	 0.574449
   51 	 0.574449 	 0.574449 	 0.574449
   52 	 0.574449 	 0.574449 	 0.574449
   53 	 0.574449 	 0.574449 	 0.574449
   54 	 0.574449 	 0.574449 	 0.574449
   55 	 0.574449 	 0.574449 	 0.574449
   56 	 0.574449 	 0.574449 	 0.574449
   57 	 0.574449 	 0.574449 	 0.574449
   58 	 0.574449 	 0.574449 	 0.574449
   59 	 0.574449 	 0.574449 	 0.574449
   60 	 0.574449 	 0.574449 	 0.574449
   61 	 0.574449 	 0.574449 	 0.574449
   62 	 0.574449 	 0.574449 	 0.574449
   63 	 0.574449 	 0.574449 	 0.574449
   64 	 0.574449 	 0.574449 	 0.574449
   65 	 0.574449 	 0.574449 	 0.574449
   66 	 0.574449 	 0.574449 	 0.574449
   67 	 0.574449 	 0.574449 	 0.574449
   68 	 0.574449 	 0.574449 	 0.574449
   69 	 0.574449 	 0.574449 	 0.574449
   70 	 0.574449 	 0.574449 	 0.574449
   71 	 0.574449 	 0.574449 	 0.574449
   72 	 0.574449 	 0.574449 	 0.574449
   73 	 0.574449 	 0.574449 	 0.574449
   74 	 0.574449 	 0.574449 	 0.574449
   75 	 0.574449 	 0.574449 	 0.574449
   76 	 0.574449 	 0.574449 	 0.574449
   77 	 0.574449 	 0.574449 	 0.574449
   78 	 0.574449 	 0.574449 	 0.574449
   79 	 0.574449 	 0.574449 	 0.574449
 