   0 	 0.016552 	 0.066819 	 0.390625
    1 	 0.017284 	 0.094277 	 0.390625
    2 	 0.017284 	 0.160856 	 0.390625
    3 	 0.029683 	 0.217185 	 0.390625
    4 	 0.033675 	 0.300461 	 2.441407
    5 	 0.031914 	 0.632325 	 2.441407
    6 	 0.036991 	 1.525981 	 2.441407
    7 	 0.143612 	 2.035983 	 2.441407
    8 	 0.180845 	 2.275861 	 2.441407
    9 	 1.085069 	 2.418802 	 2.441407
   10 	 2.441407 	 2.441407 	 2.441407
   11 	 2.441407 	 2.441407 	 2.441407
   12 	 2.441407 	 2.441407 	 2.441407
   13 	 2.441407 	 2.441407 	 2.441407
   14 	 2.441407 	 2.441407 	 2.441407
   15 	 2.441407 	 2.441407 	 2.441407
   16 	 2.441407 	 2.441407 	 2.441407
   17 	 2.441407 	 2.441407 	 2.441407
   18 	 2.441407 	 2.441407 	 2.441407
   19 	 2.441407 	 2.441407 	 2.441407
   20 	 2.441407 	 2.441407 	 2.441407
   21 	 2.441407 	 2.441407 	 2.441407
   22 	 2.441407 	 2.441407 	 2.441407
   23 	 0.037560 	 2.401343 	 2.441407
   24 	 2.441407 	 2.441407 	 2.441407
   25 	 2.441407 	 2.441407 	 2.441407
   26 	 2.441407 	 2.441407 	 2.441407
   27 	 0.143612 	 2.403111 	 2.441407
   28 	 2.441407 	 2.441407 	 2.441407
   29 	 2.441407 	 2.441407 	 2.441407
   30 	 2.441407 	 2.441407 	 2.441407
   31 	 2.441407 	 2.441407 	 2.441407
   32 	 2.441407 	 2.441407 	 2.441407
   33 	 2.441407 	 2.441407 	 2.441407
   34 	 2.441407 	 2.441407 	 2.441407
   35 	 2.441407 	 2.441407 	 2.441407
   36 	 2.441407 	 2.441407 	 2.441407
   37 	 2.441407 	 2.441407 	 2.441407
   38 	 2.441407 	 2.441407 	 2.441407
   39 	 2.441407 	 2.441407 	 2.441407
   40 	 2.441407 	 2.441407 	 2.441407
   41 	 2.441407 	 2.441407 	 2.441407
   42 	 2.441407 	 2.441407 	 2.441407
   43 	 2.441407 	 2.441407 	 2.441407
   44 	 2.441407 	 2.441407 	 2.441407
   45 	 2.441407 	 2.441407 	 2.441407
   46 	 2.441407 	 2.441407 	 2.441407
   47 	 2.441407 	 2.441407 	 2.441407
   48 	 2.441407 	 2.441407 	 2.441407
   49 	 2.441407 	 2.441407 	 2.441407
   50 	 0.143612 	 2.403111 	 2.441407
   51 	 2.441407 	 2.441407 	 2.441407
   52 	 2.441407 	 2.441407 	 2.441407
   53 	 2.441407 	 2.441407 	 2.441407
   54 	 2.441407 	 2.441407 	 2.441407
   55 	 2.441407 	 2.441407 	 2.441407
   56 	 2.441407 	 2.441407 	 2.441407
   57 	 2.441407 	 2.441407 	 2.441407
   58 	 2.441407 	 2.441407 	 2.441407
   59 	 2.441407 	 2.441407 	 2.441407
   60 	 2.441407 	 2.441407 	 2.441407
   61 	 2.441407 	 2.441407 	 2.441407
   62 	 2.441407 	 2.441407 	 2.441407
   63 	 2.441407 	 2.441407 	 2.441407
   64 	 2.441407 	 2.441407 	 2.441407
   65 	 2.441407 	 2.441407 	 2.441407
   66 	 2.441407 	 2.441407 	 2.441407
   67 	 2.441407 	 2.441407 	 2.441407
   68 	 2.441407 	 2.441407 	 2.441407
   69 	 2.441407 	 2.441407 	 2.441407
   70 	 2.441407 	 2.441407 	 2.441407
   71 	 2.441407 	 2.441407 	 2.441407
   72 	 2.441407 	 2.441407 	 2.441407
   73 	 2.441407 	 2.441407 	 2.441407
   74 	 1.085069 	 2.410664 	 2.441407
   75 	 1.085069 	 2.398457 	 2.441407
   76 	 1.085069 	 2.418802 	 2.441407
   77 	 2.441407 	 2.441407 	 2.441407
   78 	 2.441407 	 2.441407 	 2.441407
   79 	 2.441407 	 2.441407 	 2.441407
 