   0 	 0.018744 	 0.060213 	 0.406901
    1 	 0.023646 	 0.110653 	 0.406901
    2 	 0.028388 	 0.156375 	 0.406901
    3 	 0.046064 	 0.258721 	 0.406901
    4 	 0.109726 	 0.340636 	 0.813802
    5 	 0.109726 	 0.370167 	 0.813802
    6 	 0.232515 	 0.415420 	 0.813802
    7 	 0.232515 	 0.459217 	 0.813802
    8 	 0.232515 	 0.503782 	 0.813802
    9 	 0.406901 	 0.623915 	 0.813802
   10 	 0.406901 	 0.698514 	 0.813802
   11 	 0.406901 	 0.698514 	 0.813802
   12 	 0.406901 	 0.759549 	 0.813802
   13 	 0.406901 	 0.766331 	 0.813802
   14 	 0.406901 	 0.773112 	 0.813802
   15 	 0.406901 	 0.807021 	 0.813802
   16 	 0.221946 	 0.803938 	 0.813802
   17 	 0.813802 	 0.813802 	 0.813802
   18 	 0.813802 	 0.813802 	 0.813802
   19 	 0.813802 	 0.813802 	 0.813802
   20 	 0.813802 	 0.813802 	 0.813802
   21 	 0.813802 	 0.813802 	 0.813802
   22 	 0.047871 	 0.801037 	 0.813802
   23 	 0.813802 	 0.813802 	 0.813802
   24 	 0.813802 	 0.813802 	 0.813802
   25 	 0.813802 	 0.813802 	 0.813802
   26 	 0.813802 	 0.813802 	 0.813802
   27 	 0.813802 	 0.813802 	 0.813802
   28 	 0.813802 	 0.813802 	 0.813802
   29 	 0.813802 	 0.818323 	 1.085070
   30 	 0.813802 	 0.818323 	 1.085070
   31 	 0.813802 	 0.822845 	 1.085070
   32 	 0.813802 	 0.813802 	 0.813802
   33 	 0.047871 	 0.801037 	 0.813802
   34 	 0.813802 	 0.813802 	 0.813802
   35 	 0.813802 	 0.813802 	 0.813802
   36 	 0.813802 	 0.813802 	 0.813802
   37 	 0.813802 	 0.813802 	 0.813802
   38 	 0.813802 	 0.813802 	 0.813802
   39 	 0.813802 	 0.813802 	 0.813802
   40 	 0.813802 	 0.813802 	 0.813802
   41 	 0.813802 	 0.813802 	 0.813802
   42 	 0.813802 	 0.813802 	 0.813802
   43 	 0.813802 	 0.813802 	 0.813802
   44 	 0.813802 	 0.813802 	 0.813802
   45 	 0.813802 	 0.813802 	 0.813802
   46 	 0.813802 	 0.813802 	 0.813802
   47 	 0.813802 	 0.813802 	 0.813802
   48 	 0.813802 	 0.813802 	 0.813802
   49 	 0.813802 	 0.813802 	 0.813802
   50 	 0.813802 	 0.813802 	 0.813802
   51 	 0.813802 	 0.813802 	 0.813802
   52 	 0.813802 	 0.813802 	 0.813802
   53 	 0.813802 	 0.813802 	 0.813802
   54 	 0.813802 	 0.813802 	 0.813802
   55 	 0.813802 	 0.813802 	 0.813802
   56 	 0.813802 	 0.813802 	 0.813802
   57 	 0.813802 	 0.813802 	 0.813802
   58 	 0.813802 	 0.813802 	 0.813802
   59 	 0.047871 	 0.801037 	 0.813802
   60 	 0.813802 	 0.813802 	 0.813802
   61 	 0.813802 	 0.813802 	 0.813802
   62 	 0.090422 	 0.789690 	 0.813802
   63 	 0.813802 	 0.813802 	 0.813802
   64 	 0.813802 	 0.813802 	 0.813802
   65 	 0.813802 	 0.813802 	 0.813802
   66 	 0.813802 	 0.813802 	 0.813802
   67 	 0.813802 	 0.813802 	 0.813802
   68 	 0.813802 	 0.813802 	 0.813802
   69 	 0.813802 	 0.813802 	 0.813802
   70 	 0.813802 	 0.813802 	 0.813802
   71 	 0.813802 	 0.813802 	 0.813802
   72 	 0.813802 	 0.813802 	 0.813802
   73 	 0.813802 	 0.813802 	 0.813802
   74 	 0.813802 	 0.813802 	 0.813802
   75 	 0.813802 	 0.813802 	 0.813802
   76 	 0.813802 	 0.813802 	 0.813802
   77 	 0.813802 	 0.813802 	 0.813802
   78 	 0.813802 	 0.813802 	 0.813802
   79 	 0.813802 	 0.813802 	 0.813802
 