   0 	 0.013832 	 0.048777 	 0.406901
    1 	 0.013832 	 0.109094 	 0.406901
    2 	 0.024113 	 0.245673 	 0.488281
    3 	 0.024113 	 0.355901 	 0.813802
    4 	 0.063413 	 0.391215 	 0.813802
    5 	 0.063413 	 0.399559 	 0.813802
    6 	 0.045211 	 0.385901 	 0.443892
    7 	 0.047406 	 0.395769 	 0.443892
    8 	 0.064248 	 0.402423 	 0.443892
    9 	 0.406901 	 0.408134 	 0.443892
   10 	 0.055173 	 0.396527 	 0.443892
   11 	 0.406901 	 0.408134 	 0.443892
   12 	 0.336746 	 0.409141 	 0.574449
   13 	 0.336746 	 0.410764 	 0.574449
   14 	 0.406901 	 0.412486 	 0.574449
   15 	 0.055173 	 0.412083 	 0.574449
   16 	 0.064248 	 0.415153 	 0.574449
   17 	 0.055173 	 0.412083 	 0.574449
   18 	 0.064248 	 0.413303 	 0.574449
   19 	 0.406901 	 0.429241 	 0.574449
   20 	 0.295928 	 0.430184 	 0.574449
   21 	 0.295928 	 0.458241 	 1.085070
   22 	 0.055173 	 0.489897 	 1.085070
   23 	 0.295928 	 0.559870 	 1.085070
   24 	 0.041913 	 0.604648 	 1.085070
   25 	 0.295928 	 0.690716 	 1.085070
   26 	 0.048585 	 0.774200 	 1.085070
   27 	 0.406901 	 0.872577 	 1.085070
   28 	 0.406901 	 0.954755 	 1.085070
   29 	 0.406901 	 1.031215 	 1.085070
   30 	 0.406901 	 1.045443 	 1.085070
   31 	 0.574449 	 1.076559 	 1.085070
   32 	 0.574449 	 1.076559 	 1.085070
   33 	 0.048585 	 1.050774 	 1.085070
   34 	 0.574449 	 1.076559 	 1.085070
   35 	 0.574449 	 1.076559 	 1.085070
   36 	 1.085070 	 1.085070 	 1.085070
   37 	 1.085070 	 1.085070 	 1.085070
   38 	 1.085070 	 1.085070 	 1.085070
   39 	 0.093006 	 1.054421 	 1.085070
   40 	 1.085070 	 1.085070 	 1.085070
   41 	 1.085070 	 1.085070 	 1.085070
   42 	 1.085070 	 1.085070 	 1.085070
   43 	 1.085070 	 1.099537 	 1.953125
   44 	 1.085070 	 1.128472 	 1.953125
   45 	 1.085070 	 1.186343 	 1.953125
   46 	 1.085070 	 1.229746 	 1.953125
   47 	 1.085070 	 1.374421 	 1.953125
   48 	 1.085070 	 1.533565 	 1.953125
   49 	 1.085070 	 1.562500 	 1.953125
   50 	 1.085070 	 1.779514 	 1.953125
   51 	 1.085070 	 1.851852 	 1.953125
   52 	 1.085070 	 1.938658 	 1.953125
   53 	 1.085070 	 1.938658 	 1.953125
   54 	 1.953125 	 1.953125 	 1.953125
   55 	 1.953125 	 1.953125 	 1.953125
   56 	 1.953125 	 1.953125 	 1.953125
   57 	 1.953125 	 1.953125 	 1.953125
   58 	 1.953125 	 1.953125 	 1.953125
   59 	 1.953125 	 1.953125 	 1.953125
   60 	 1.953125 	 1.953125 	 1.953125
   61 	 1.953125 	 1.953125 	 1.953125
   62 	 1.953125 	 1.953125 	 1.953125
   63 	 1.953125 	 1.953125 	 1.953125
   64 	 1.953125 	 1.953125 	 1.953125
   65 	 1.953125 	 1.953125 	 1.953125
   66 	 1.953125 	 1.953125 	 1.953125
   67 	 1.953125 	 2.083333 	 9.765615
   68 	 1.953125 	 2.473958 	 9.765615
   69 	 1.953125 	 4.166664 	 9.765615
   70 	 1.953125 	 7.161451 	 9.765615
   71 	 1.953125 	 9.114574 	 9.765615
   72 	 1.953125 	 9.505198 	 9.765615
   73 	 9.765615 	 9.765615 	 9.765615
   74 	 9.765615 	 9.765615 	 9.765615
   75 	 9.765615 	 9.765615 	 9.765615
   76 	 9.765615 	 9.765615 	 9.765615
   77 	 1.953125 	 9.635406 	 9.765615
   78 	 9.765615 	 9.765615 	 9.765615
   79 	 9.765615 	 9.765615 	 9.765615
 