   0 	 0.017952 	 0.091288 	 1.953125
    1 	 0.017952 	 0.771505 	 1.953125
    2 	 0.043989 	 1.671501 	 1.953125
    3 	 0.465030 	 1.928324 	 1.953125
    4 	 0.465030 	 1.903522 	 1.953125
    5 	 1.953125 	 1.953125 	 1.953125
    6 	 1.953125 	 2.001953 	 4.882807
    7 	 1.953125 	 2.197265 	 4.882807
    8 	 1.953125 	 2.441405 	 4.882807
    9 	 1.953125 	 2.880858 	 4.882807
   10 	 1.953125 	 3.466794 	 4.882807
   11 	 1.953125 	 3.906247 	 4.882807
   12 	 1.953125 	 4.345699 	 4.882807
   13 	 1.953125 	 4.687495 	 4.882807
   14 	 0.037851 	 4.557918 	 4.882807
   15 	 4.882807 	 4.882807 	 4.882807
   16 	 4.882807 	 4.882807 	 4.882807
   17 	 4.882807 	 4.882807 	 4.882807
   18 	 4.882807 	 4.882807 	 4.882807
   19 	 4.882807 	 4.882807 	 4.882807
   20 	 4.882807 	 4.882807 	 4.882807
   21 	 0.043211 	 4.802147 	 4.882807
   22 	 4.882807 	 4.882807 	 4.882807
   23 	 4.882807 	 4.882807 	 4.882807
   24 	 4.882807 	 4.882807 	 4.882807
   25 	 4.882807 	 4.882807 	 4.882807
   26 	 4.882807 	 4.882807 	 4.882807
   27 	 3.255205 	 4.855681 	 4.882807
   28 	 4.882807 	 4.882807 	 4.882807
   29 	 4.882807 	 4.882807 	 4.882807
   30 	 4.882807 	 4.882807 	 4.882807
   31 	 4.882807 	 4.964187 	 9.765615
   32 	 4.882807 	 5.045568 	 9.765615
   33 	 4.882807 	 5.289708 	 9.765615
   34 	 4.882807 	 5.452468 	 9.765615
   35 	 4.882807 	 5.533848 	 9.765615
   36 	 4.882807 	 6.429030 	 9.765615
   37 	 4.882807 	 7.405591 	 9.765615
   38 	 4.882807 	 7.812492 	 9.765615
   39 	 4.882807 	 7.893872 	 9.765615
   40 	 4.882807 	 8.707673 	 9.765615
   41 	 4.882807 	 9.195954 	 9.765615
   42 	 4.882807 	 9.358714 	 9.765615
   43 	 4.882807 	 9.440094 	 9.765615
   44 	 4.882807 	 9.684234 	 9.765615
   45 	 9.765615 	 9.765615 	 9.765615
   46 	 9.765615 	 9.765615 	 9.765615
   47 	 9.765615 	 9.765615 	 9.765615
   48 	 9.765615 	 9.765615 	 9.765615
   49 	 9.765615 	 9.765615 	 9.765615
   50 	 9.765615 	 9.765615 	 9.765615
   51 	 9.765615 	 9.765615 	 9.765615
   52 	 9.765615 	 9.765615 	 9.765615
   53 	 0.037999 	 9.603488 	 9.765615
   54 	 9.765615 	 9.765615 	 9.765615
   55 	 1.953125 	 9.635406 	 9.765615
   56 	 9.765615 	 9.765615 	 9.765615
   57 	 9.765615 	 9.765615 	 9.765615
   58 	 9.765615 	 9.765615 	 9.765615
   59 	 0.574449 	 9.612428 	 9.765615
   60 	 9.765615 	 9.765615 	 9.765615
   61 	 9.765615 	 9.765615 	 9.765615
   62 	 9.765615 	 9.765615 	 9.765615
   63 	 9.765615 	 9.765615 	 9.765615
   64 	 0.037999 	 9.603488 	 9.765615
   65 	 9.765615 	 9.765615 	 9.765615
   66 	 9.765615 	 9.765615 	 9.765615
   67 	 9.765615 	 9.765615 	 9.765615
   68 	 4.882807 	 9.684234 	 9.765615
   69 	 4.882807 	 9.684234 	 9.765615
   70 	 9.765615 	 9.765615 	 9.765615
   71 	 9.765615 	 9.765615 	 9.765615
   72 	 9.765615 	 9.765615 	 9.765615
   73 	 9.765615 	 9.765615 	 9.765615
   74 	 9.765615 	 9.765615 	 9.765615
   75 	 9.765615 	 9.765615 	 9.765615
   76 	 9.765615 	 9.765615 	 9.765615
   77 	 9.765615 	 9.765615 	 9.765615
   78 	 9.765615 	 9.765615 	 9.765615
   79 	 9.765615 	 9.765615 	 9.765615
 