   0 	 0.018152 	 0.108045 	 1.627604
    1 	 0.021896 	 0.628598 	 1.627604
    2 	 0.048828 	 1.361631 	 1.627604
    3 	 0.406901 	 1.529448 	 1.627604
    4 	 0.406901 	 1.588698 	 1.627604
    5 	 0.513980 	 1.609044 	 1.627604
    6 	 1.627604 	 1.627604 	 1.627604
    7 	 1.627604 	 1.627604 	 1.627604
    8 	 1.627604 	 1.627604 	 1.627604
    9 	 1.627604 	 1.627604 	 1.627604
   10 	 1.627604 	 1.627604 	 1.627604
   11 	 1.627604 	 1.627604 	 1.627604
   12 	 1.627604 	 1.627604 	 1.627604
   13 	 1.627604 	 1.627604 	 1.627604
   14 	 1.627604 	 1.627604 	 1.627604
   15 	 1.627604 	 1.627604 	 1.627604
   16 	 0.325521 	 1.605903 	 1.627604
   17 	 1.627604 	 1.627604 	 1.627604
   18 	 1.627604 	 1.627604 	 1.627604
   19 	 1.627604 	 1.627604 	 1.627604
   20 	 1.627604 	 1.627604 	 1.627604
   21 	 1.627604 	 1.627604 	 1.627604
   22 	 1.627604 	 1.627604 	 1.627604
   23 	 1.627604 	 1.627604 	 1.627604
   24 	 1.627604 	 1.627604 	 1.627604
   25 	 1.627604 	 1.627604 	 1.627604
   26 	 1.627604 	 1.627604 	 1.627604
   27 	 1.627604 	 1.627604 	 1.627604
   28 	 1.627604 	 1.627604 	 1.627604
   29 	 1.627604 	 1.627604 	 1.627604
   30 	 1.627604 	 1.627604 	 1.627604
   31 	 1.627604 	 1.627604 	 1.627604
   32 	 1.627604 	 1.627604 	 1.627604
   33 	 1.627604 	 1.627604 	 1.627604
   34 	 1.627604 	 1.627604 	 1.627604
   35 	 1.627604 	 1.627604 	 1.627604
   36 	 1.627604 	 1.627604 	 1.627604
   37 	 1.627604 	 1.627604 	 1.627604
   38 	 1.627604 	 1.654731 	 3.255205
   39 	 1.627604 	 1.708984 	 3.255205
   40 	 1.627604 	 1.898871 	 3.255205
   41 	 1.627604 	 2.034504 	 3.255205
   42 	 1.627604 	 2.224391 	 3.255205
   43 	 1.627604 	 2.631291 	 3.255205
   44 	 1.627604 	 2.739798 	 3.255205
   45 	 1.627604 	 3.065318 	 3.255205
   46 	 1.627604 	 3.092445 	 3.255205
   47 	 1.627604 	 3.200952 	 3.255205
   48 	 0.361690 	 3.179853 	 3.255205
   49 	 3.255205 	 3.255205 	 3.255205
   50 	 3.255205 	 3.255205 	 3.255205
   51 	 3.255205 	 3.255205 	 3.255205
   52 	 0.043020 	 3.201669 	 3.255205
   53 	 3.255205 	 3.255205 	 3.255205
   54 	 3.255205 	 3.255205 	 3.255205
   55 	 3.255205 	 3.255205 	 3.255205
   56 	 3.255205 	 3.255205 	 3.255205
   57 	 3.255205 	 3.255205 	 3.255205
   58 	 0.887784 	 3.215748 	 3.255205
   59 	 3.255205 	 3.255205 	 3.255205
   60 	 3.255205 	 3.255205 	 3.255205
   61 	 3.255205 	 3.255205 	 3.255205
   62 	 3.255205 	 3.255205 	 3.255205
   63 	 3.255205 	 3.255205 	 3.255205
   64 	 3.255205 	 3.255205 	 3.255205
   65 	 3.255205 	 3.255205 	 3.255205
   66 	 3.255205 	 3.255205 	 3.255205
   67 	 0.887784 	 3.215748 	 3.255205
   68 	 3.255205 	 3.255205 	 3.255205
   69 	 3.255205 	 3.255205 	 3.255205
   70 	 3.255205 	 3.255205 	 3.255205
   71 	 3.255205 	 3.255205 	 3.255205
   72 	 3.255205 	 3.255205 	 3.255205
   73 	 3.255205 	 3.255205 	 3.255205
   74 	 3.255205 	 3.255205 	 3.255205
   75 	 3.255205 	 3.255205 	 3.255205
   76 	 3.255205 	 3.282332 	 4.882807
   77 	 3.255205 	 3.282332 	 4.882807
   78 	 3.255205 	 3.282332 	 4.882807
   79 	 3.255205 	 3.309458 	 4.882807
 