   0 	 0.018999 	 0.048433 	 0.147964
    1 	 0.018999 	 0.061911 	 0.336746
    2 	 0.019971 	 0.113734 	 0.336746
    3 	 0.021750 	 0.207118 	 0.375601
    4 	 0.034146 	 0.253002 	 0.375601
    5 	 0.021701 	 0.307579 	 0.390625
    6 	 0.062201 	 0.324292 	 0.390625
    7 	 0.046064 	 0.325412 	 0.443892
    8 	 0.046064 	 0.334334 	 0.443892
    9 	 0.069260 	 0.337056 	 0.574449
   10 	 0.069260 	 0.333237 	 0.443892
   11 	 0.069260 	 0.349264 	 0.443892
   12 	 0.078125 	 0.354086 	 0.443892
   13 	 0.034753 	 0.351844 	 0.443892
   14 	 0.336746 	 0.379275 	 0.697545
   15 	 0.034753 	 0.389426 	 0.697545
   16 	 0.157510 	 0.477061 	 0.697545
   17 	 0.052503 	 0.552278 	 0.697545
   18 	 0.041032 	 0.600380 	 0.697545
   19 	 0.047406 	 0.634447 	 0.697545
   20 	 0.390625 	 0.679747 	 0.697545
   21 	 0.390625 	 0.692429 	 0.697545
   22 	 0.390625 	 0.692429 	 0.697545
   23 	 0.336746 	 0.681050 	 0.697545
   24 	 0.697545 	 0.697545 	 0.697545
   25 	 0.697545 	 0.697545 	 0.697545
   26 	 0.697545 	 0.697545 	 0.697545
   27 	 0.697545 	 0.697545 	 0.697545
   28 	 0.697545 	 0.697545 	 0.697545
   29 	 0.697545 	 0.697545 	 0.697545
   30 	 0.041032 	 0.682375 	 0.697545
   31 	 0.697545 	 0.697545 	 0.697545
   32 	 0.212296 	 0.689457 	 0.697545
   33 	 0.212296 	 0.689457 	 0.697545
   34 	 0.697545 	 0.697545 	 0.697545
   35 	 0.697545 	 0.697545 	 0.697545
   36 	 0.697545 	 0.697545 	 0.697545
   37 	 0.697545 	 0.697545 	 0.697545
   38 	 0.697545 	 0.697545 	 0.697545
   39 	 0.697545 	 0.697545 	 0.697545
   40 	 0.697545 	 0.697545 	 0.697545
   41 	 0.697545 	 0.697545 	 0.697545
   42 	 0.697545 	 0.697545 	 0.697545
   43 	 0.697545 	 0.697545 	 0.697545
   44 	 0.697545 	 0.697545 	 0.697545
   45 	 0.697545 	 0.697545 	 0.697545
   46 	 0.697545 	 0.697545 	 0.697545
   47 	 0.697545 	 0.697545 	 0.697545
   48 	 0.697545 	 0.697545 	 0.697545
   49 	 0.697545 	 0.697545 	 0.697545
   50 	 0.697545 	 0.697545 	 0.697545
   51 	 0.047406 	 0.686709 	 0.697545
   52 	 0.697545 	 0.697545 	 0.697545
   53 	 0.697545 	 0.697545 	 0.697545
   54 	 0.077505 	 0.682983 	 0.697545
   55 	 0.443892 	 0.693317 	 0.697545
   56 	 0.443892 	 0.689090 	 0.697545
   57 	 0.443892 	 0.693317 	 0.697545
   58 	 0.697545 	 0.697545 	 0.697545
   59 	 0.697545 	 0.697545 	 0.697545
   60 	 0.088778 	 0.679311 	 0.697545
   61 	 0.088778 	 0.687399 	 0.697545
   62 	 0.697545 	 0.697545 	 0.697545
   63 	 0.697545 	 0.697545 	 0.697545
   64 	 0.697545 	 0.697545 	 0.697545
   65 	 0.697545 	 0.697545 	 0.697545
   66 	 0.697545 	 0.697545 	 0.697545
   67 	 0.697545 	 0.697545 	 0.697545
   68 	 0.697545 	 0.697545 	 0.697545
   69 	 0.697545 	 0.697545 	 0.697545
   70 	 0.697545 	 0.697545 	 0.697545
   71 	 0.697545 	 0.700715 	 0.887784
   72 	 0.697545 	 0.697545 	 0.697545
   73 	 0.697545 	 0.697545 	 0.697545
   74 	 0.256990 	 0.690202 	 0.697545
   75 	 0.697545 	 0.697545 	 0.697545
   76 	 0.697545 	 0.697545 	 0.697545
   77 	 0.697545 	 0.697545 	 0.697545
   78 	 0.697545 	 0.697545 	 0.697545
   79 	 0.697545 	 0.697545 	 0.697545
 