   0 	 0.017886 	 0.075634 	 0.887784
    1 	 0.018152 	 0.287596 	 3.255205
    2 	 0.036713 	 1.145362 	 3.255205
    3 	 0.238186 	 2.280710 	 3.255205
    4 	 0.574449 	 2.919530 	 3.255205
    5 	 0.887784 	 3.188621 	 3.255205
    6 	 3.255205 	 3.255205 	 3.255205
    7 	 3.255205 	 3.255205 	 3.255205
    8 	 3.255205 	 3.255205 	 3.255205
    9 	 0.043020 	 3.201669 	 3.255205
   10 	 3.255205 	 3.255205 	 3.255205
   11 	 3.255205 	 3.255205 	 3.255205
   12 	 3.255205 	 3.255205 	 3.255205
   13 	 3.255205 	 3.255205 	 3.255205
   14 	 3.255205 	 3.255205 	 3.255205
   15 	 3.255205 	 3.255205 	 3.255205
   16 	 0.117658 	 3.202913 	 3.255205
   17 	 3.255205 	 3.255205 	 3.255205
   18 	 3.255205 	 3.255205 	 3.255205
   19 	 3.255205 	 3.255205 	 3.255205
   20 	 3.255205 	 3.255205 	 3.255205
   21 	 3.255205 	 3.255205 	 3.255205
   22 	 3.255205 	 3.255205 	 3.255205
   23 	 3.255205 	 3.255205 	 3.255205
   24 	 3.255205 	 3.255205 	 3.255205
   25 	 3.255205 	 3.255205 	 3.255205
   26 	 3.255205 	 3.255205 	 3.255205
   27 	 3.255205 	 3.255205 	 3.255205
   28 	 3.255205 	 3.255205 	 3.255205
   29 	 3.255205 	 3.255205 	 3.255205
   30 	 3.255205 	 3.255205 	 3.255205
   31 	 3.255205 	 3.255205 	 3.255205
   32 	 3.255205 	 3.255205 	 3.255205
   33 	 3.255205 	 3.255205 	 3.255205
   34 	 3.255205 	 3.282332 	 4.882807
   35 	 3.255205 	 3.282332 	 4.882807
   36 	 3.255205 	 3.282332 	 4.882807
   37 	 0.887784 	 3.270001 	 4.882807
   38 	 3.255205 	 3.309458 	 4.882807
   39 	 3.255205 	 3.336585 	 4.882807
   40 	 3.255205 	 3.417965 	 4.882807
   41 	 3.255205 	 3.472219 	 4.882807
   42 	 3.255205 	 3.607852 	 4.882807
   43 	 3.255205 	 3.716359 	 4.882807
   44 	 3.255205 	 3.851993 	 4.882807
   45 	 3.255205 	 4.069006 	 4.882807
   46 	 3.255205 	 4.286020 	 4.882807
   47 	 3.255205 	 4.448780 	 4.882807
   48 	 1.627604 	 4.530160 	 4.882807
   49 	 3.255205 	 4.747174 	 4.882807
   50 	 3.255205 	 4.828554 	 4.882807
   51 	 3.255205 	 4.828554 	 4.882807
   52 	 3.255205 	 4.801427 	 4.882807
   53 	 3.255205 	 4.855681 	 4.882807
   54 	 0.147964 	 4.776767 	 4.882807
   55 	 3.255205 	 4.855681 	 4.882807
   56 	 4.882807 	 4.882807 	 4.882807
   57 	 4.882807 	 4.882807 	 4.882807
   58 	 4.882807 	 4.882807 	 4.882807
   59 	 4.882807 	 4.882807 	 4.882807
   60 	 4.882807 	 4.882807 	 4.882807
   61 	 4.882807 	 4.882807 	 4.882807
   62 	 0.119093 	 4.803412 	 4.882807
   63 	 0.375601 	 4.807687 	 4.882807
   64 	 0.375601 	 4.807687 	 4.882807
   65 	 4.882807 	 4.882807 	 4.882807
   66 	 4.882807 	 4.882807 	 4.882807
   67 	 4.882807 	 4.882807 	 4.882807
   68 	 4.882807 	 4.882807 	 4.882807
   69 	 0.976562 	 4.817703 	 4.882807
   70 	 4.882807 	 4.882807 	 4.882807
   71 	 4.882807 	 4.882807 	 4.882807
   72 	 0.542535 	 4.810469 	 4.882807
   73 	 4.882807 	 4.882807 	 4.882807
   74 	 4.882807 	 4.882807 	 4.882807
   75 	 4.882807 	 4.882807 	 4.882807
   76 	 4.882807 	 4.882807 	 4.882807
   77 	 4.882807 	 4.882807 	 4.882807
   78 	 4.882807 	 4.882807 	 4.882807
   79 	 4.882807 	 4.882807 	 4.882807
 