   0 	 0.018601 	 0.066884 	 0.375601
    1 	 0.018744 	 0.121995 	 0.375601
    2 	 0.033675 	 0.217864 	 0.697545
    3 	 0.056449 	 0.286413 	 0.697545
    4 	 0.041032 	 0.313419 	 0.697545
    5 	 0.066888 	 0.330529 	 0.697545
    6 	 0.047406 	 0.359102 	 0.697545
    7 	 0.047406 	 0.397640 	 0.697545
    8 	 0.147964 	 0.450769 	 0.697545
    9 	 0.180845 	 0.514108 	 0.887784
   10 	 0.180845 	 0.567034 	 0.887784
   11 	 0.157510 	 0.616236 	 0.887784
   12 	 0.279018 	 0.635937 	 0.887784
   13 	 0.325521 	 0.681686 	 0.887784
   14 	 0.325521 	 0.699654 	 0.887784
   15 	 0.336746 	 0.711867 	 0.887784
   16 	 0.041032 	 0.717535 	 0.887784
   17 	 0.041032 	 0.710858 	 0.887784
   18 	 0.256990 	 0.739931 	 0.887784
   19 	 0.256990 	 0.749443 	 0.887784
   20 	 0.256990 	 0.766298 	 0.887784
   21 	 0.697545 	 0.773640 	 0.887784
   22 	 0.443892 	 0.794889 	 0.887784
   23 	 0.041032 	 0.769844 	 0.887784
   24 	 0.041032 	 0.804721 	 0.887784
   25 	 0.513980 	 0.818363 	 0.887784
   26 	 0.513980 	 0.843617 	 0.887784
   27 	 0.513980 	 0.853018 	 0.887784
   28 	 0.697545 	 0.865589 	 0.887784
   29 	 0.697545 	 0.881443 	 0.887784
   30 	 0.513980 	 0.875213 	 0.887784
   31 	 0.697545 	 0.881443 	 0.887784
   32 	 0.697545 	 0.884613 	 0.887784
   33 	 0.697545 	 0.884613 	 0.887784
   34 	 0.697545 	 0.878272 	 0.887784
   35 	 0.887784 	 0.887784 	 0.887784
   36 	 0.887784 	 0.887784 	 0.887784
   37 	 0.887784 	 0.887784 	 0.887784
   38 	 0.887784 	 0.887784 	 0.887784
   39 	 0.887784 	 0.887784 	 0.887784
   40 	 0.887784 	 0.887784 	 0.887784
   41 	 0.887784 	 0.887784 	 0.887784
   42 	 0.887784 	 0.887784 	 0.887784
   43 	 0.887784 	 0.887784 	 0.887784
   44 	 0.887784 	 0.887784 	 0.887784
   45 	 0.887784 	 0.887784 	 0.887784
   46 	 0.887784 	 0.887784 	 0.887784
   47 	 0.887784 	 0.887784 	 0.887784
   48 	 0.887784 	 0.887784 	 0.887784
   49 	 0.887784 	 0.887784 	 0.887784
   50 	 0.887784 	 0.887784 	 0.887784
   51 	 0.041556 	 0.873680 	 0.887784
   52 	 0.887784 	 0.887784 	 0.887784
   53 	 0.887784 	 0.887784 	 0.887784
   54 	 0.887784 	 0.887784 	 0.887784
   55 	 0.887784 	 0.887784 	 0.887784
   56 	 0.887784 	 0.887784 	 0.887784
   57 	 0.887784 	 0.887784 	 0.887784
   58 	 0.887784 	 0.887784 	 0.887784
   59 	 0.887784 	 0.887784 	 0.887784
   60 	 0.887784 	 0.887784 	 0.887784
   61 	 0.887784 	 0.887784 	 0.887784
   62 	 0.887784 	 0.887784 	 0.887784
   63 	 0.887784 	 0.887784 	 0.887784
   64 	 0.887784 	 0.887784 	 0.887784
   65 	 0.887784 	 0.887784 	 0.887784
   66 	 0.079395 	 0.874311 	 0.887784
   67 	 0.887784 	 0.887784 	 0.887784
   68 	 0.887784 	 0.887784 	 0.887784
   69 	 0.887784 	 0.887784 	 0.887784
   70 	 0.887784 	 0.887784 	 0.887784
   71 	 0.887784 	 0.887784 	 0.887784
   72 	 0.887784 	 0.887784 	 0.887784
   73 	 0.887784 	 0.887784 	 0.887784
   74 	 0.887784 	 0.887784 	 0.887784
   75 	 0.887784 	 0.887784 	 0.887784
   76 	 0.887784 	 0.887784 	 0.887784
   77 	 0.887784 	 0.927241 	 3.255205
   78 	 0.887784 	 1.085069 	 3.255205
   79 	 0.887784 	 1.531427 	 3.255205
 