   0 	 0.016608 	 0.064571 	 0.751202
    1 	 0.020911 	 0.251804 	 0.751202
    2 	 0.042459 	 0.571045 	 2.441407
    3 	 0.080708 	 0.749847 	 2.441407
    4 	 0.465030 	 1.071327 	 2.441407
    5 	 0.049825 	 1.641270 	 2.441407
    6 	 0.049825 	 1.749562 	 2.441407
    7 	 0.751202 	 2.055268 	 2.441407
    8 	 0.271267 	 2.237539 	 2.441407
    9 	 1.953125 	 2.408855 	 2.441407
   10 	 0.271267 	 2.280455 	 2.441407
   11 	 2.441407 	 2.441407 	 2.441407
   12 	 2.441407 	 2.441407 	 2.441407
   13 	 2.441407 	 2.441407 	 2.441407
   14 	 0.049825 	 2.289350 	 2.441407
   15 	 2.441407 	 2.441407 	 2.441407
   16 	 2.441407 	 2.441407 	 2.441407
   17 	 0.049825 	 2.209630 	 2.441407
   18 	 2.441407 	 2.441407 	 2.441407
   19 	 0.049825 	 2.361688 	 2.441407
   20 	 2.441407 	 2.441407 	 2.441407
   21 	 0.271267 	 2.369069 	 2.441407
   22 	 0.271267 	 2.296731 	 2.441407
   23 	 0.271267 	 2.369069 	 2.441407
   24 	 2.441407 	 2.441407 	 2.441407
   25 	 0.049825 	 2.361688 	 2.441407
   26 	 2.441407 	 2.441407 	 2.441407
   27 	 0.271267 	 2.369069 	 2.441407
   28 	 0.049825 	 2.361688 	 2.441407
   29 	 2.441407 	 2.441407 	 2.441407
   30 	 0.143612 	 2.403111 	 2.441407
   31 	 0.271267 	 2.369069 	 2.441407
   32 	 2.441407 	 2.441407 	 2.441407
   33 	 0.271267 	 2.369069 	 2.441407
   34 	 2.441407 	 2.441407 	 2.441407
   35 	 2.441407 	 2.441407 	 2.441407
   36 	 2.441407 	 2.441407 	 2.441407
   37 	 2.441407 	 2.441407 	 2.441407
   38 	 2.441407 	 2.441407 	 2.441407
   39 	 2.441407 	 2.441407 	 2.441407
   40 	 2.441407 	 2.441407 	 2.441407
   41 	 2.441407 	 2.441407 	 2.441407
   42 	 2.441407 	 2.441407 	 2.441407
   43 	 2.441407 	 2.441407 	 2.441407
   44 	 2.441407 	 2.441407 	 2.441407
   45 	 2.441407 	 2.441407 	 2.441407
   46 	 2.441407 	 2.441407 	 2.441407
   47 	 0.271267 	 2.369069 	 2.441407
   48 	 0.049825 	 2.365378 	 2.441407
   49 	 0.049825 	 2.361688 	 2.441407
   50 	 0.271267 	 2.369069 	 2.441407
   51 	 2.441407 	 2.441407 	 2.441407
   52 	 2.441407 	 2.441407 	 2.441407
   53 	 0.049825 	 2.361688 	 2.441407
   54 	 2.441407 	 2.567384 	 10.000000
   55 	 1.953125 	 2.685222 	 10.000000
   56 	 0.271267 	 3.502858 	 10.000000
   57 	 2.441407 	 5.212891 	 10.000000
   58 	 2.441407 	 8.110352 	 10.000000
   59 	 2.441407 	 9.874023 	 10.000000
   60 	 10.000000 	 10.000000 	 10.000000
   61 	 10.000000 	 10.000000 	 10.000000
   62 	 10.000000 	 10.000000 	 10.000000
   63 	 10.000000 	 10.000000 	 10.000000
   64 	 10.000000 	 10.000000 	 10.000000
   65 	 10.000000 	 10.000000 	 10.000000
   66 	 10.000000 	 10.000000 	 10.000000
   67 	 10.000000 	 10.000000 	 10.000000
   68 	 10.000000 	 10.000000 	 10.000000
   69 	 10.000000 	 10.000000 	 10.000000
   70 	 10.000000 	 10.000000 	 10.000000
   71 	 10.000000 	 10.000000 	 10.000000
   72 	 10.000000 	 10.000000 	 10.000000
   73 	 10.000000 	 10.000000 	 10.000000
   74 	 10.000000 	 10.000000 	 10.000000
   75 	 10.000000 	 10.000000 	 10.000000
   76 	 10.000000 	 10.000000 	 10.000000
   77 	 10.000000 	 10.000000 	 10.000000
   78 	 10.000000 	 10.000000 	 10.000000
   79 	 10.000000 	 10.000000 	 10.000000
 