   0 	 0.020177 	 0.050407 	 0.256990
    1 	 0.018962 	 0.074632 	 0.488281
    2 	 0.024723 	 0.157243 	 0.488281
    3 	 0.031914 	 0.269159 	 0.488281
    4 	 0.043403 	 0.355358 	 0.488281
    5 	 0.174386 	 0.403551 	 0.610352
    6 	 0.174386 	 0.430539 	 0.610352
    7 	 0.256990 	 0.445939 	 0.610352
    8 	 0.256990 	 0.463498 	 0.610352
    9 	 0.256990 	 0.482940 	 0.610352
   10 	 0.046064 	 0.487104 	 0.610352
   11 	 0.406901 	 0.504558 	 0.610352
   12 	 0.406901 	 0.507270 	 0.610352
   13 	 0.488281 	 0.510661 	 0.610352
   14 	 0.488281 	 0.508627 	 0.610352
   15 	 0.488281 	 0.508627 	 0.610352
   16 	 0.488281 	 0.524903 	 0.610352
   17 	 0.049825 	 0.512998 	 0.610352
   18 	 0.065984 	 0.513795 	 0.610352
   19 	 0.488281 	 0.537110 	 0.610352
   20 	 0.488281 	 0.537110 	 0.610352
   21 	 0.488281 	 0.541179 	 0.610352
   22 	 0.488281 	 0.543213 	 0.610352
   23 	 0.488281 	 0.547282 	 0.610352
   24 	 0.488281 	 0.557455 	 0.610352
   25 	 0.488281 	 0.561524 	 0.610352
   26 	 0.488281 	 0.577201 	 0.610352
   27 	 0.488281 	 0.585339 	 0.610352
   28 	 0.488281 	 0.595512 	 0.610352
   29 	 0.488281 	 0.594315 	 0.610352
   30 	 0.488281 	 0.590246 	 0.610352
   31 	 0.488281 	 0.591084 	 0.610352
   32 	 0.488281 	 0.598384 	 0.610352
   33 	 0.488281 	 0.582946 	 0.610352
   34 	 0.488281 	 0.599222 	 0.610352
   35 	 0.488281 	 0.601256 	 0.610352
   36 	 0.488281 	 0.603052 	 0.610352
   37 	 0.488281 	 0.604248 	 0.610352
   38 	 0.488281 	 0.604248 	 0.610352
   39 	 0.488281 	 0.608317 	 0.610352
   40 	 0.488281 	 0.608317 	 0.610352
   41 	 0.035903 	 0.598743 	 0.610352
   42 	 0.488281 	 0.606283 	 0.610352
   43 	 0.610352 	 0.610352 	 0.610352
   44 	 0.610352 	 0.610352 	 0.610352
   45 	 0.610352 	 0.610352 	 0.610352
   46 	 0.610352 	 0.610352 	 0.610352
   47 	 0.610352 	 0.610352 	 0.610352
   48 	 0.610352 	 0.610352 	 0.610352
   49 	 0.610352 	 0.610352 	 0.610352
   50 	 0.610352 	 0.610352 	 0.610352
   51 	 0.610352 	 0.610352 	 0.610352
   52 	 0.610352 	 0.610352 	 0.610352
   53 	 0.610352 	 0.610352 	 0.610352
   54 	 0.271267 	 0.604700 	 0.610352
   55 	 0.271267 	 0.604700 	 0.610352
   56 	 0.610352 	 0.610352 	 0.610352
   57 	 0.610352 	 0.610352 	 0.610352
   58 	 0.610352 	 0.610352 	 0.610352
   59 	 0.610352 	 0.610352 	 0.610352
   60 	 0.610352 	 0.610352 	 0.610352
   61 	 0.610352 	 0.610352 	 0.610352
   62 	 0.610352 	 0.610352 	 0.610352
   63 	 0.610352 	 0.610352 	 0.610352
   64 	 0.610352 	 0.610352 	 0.610352
   65 	 0.610352 	 0.610352 	 0.610352
   66 	 0.610352 	 0.610352 	 0.610352
   67 	 0.610352 	 0.610352 	 0.610352
   68 	 0.610352 	 0.610352 	 0.610352
   69 	 0.067817 	 0.601310 	 0.610352
   70 	 0.610352 	 0.610352 	 0.610352
   71 	 0.610352 	 0.610352 	 0.610352
   72 	 0.610352 	 0.610352 	 0.610352
   73 	 0.610352 	 0.610352 	 0.610352
   74 	 0.610352 	 0.610352 	 0.610352
   75 	 0.610352 	 0.610352 	 0.610352
   76 	 0.610352 	 0.610352 	 0.610352
   77 	 0.488281 	 0.608317 	 0.610352
   78 	 0.488281 	 0.608317 	 0.610352
   79 	 0.610352 	 0.610352 	 0.610352
 