   0 	 0.016440 	 0.068692 	 0.513980
    1 	 0.020559 	 0.118596 	 1.085070
    2 	 0.020822 	 0.337554 	 1.627604
    3 	 0.039860 	 0.784710 	 1.627604
    4 	 0.039860 	 1.025019 	 1.627604
    5 	 0.465030 	 1.130526 	 1.627604
    6 	 0.465030 	 1.239261 	 1.627604
    7 	 0.238186 	 1.301473 	 1.627604
    8 	 0.047871 	 1.352998 	 1.627604
    9 	 1.085070 	 1.437717 	 1.627604
   10 	 1.085070 	 1.473886 	 1.627604
   11 	 1.085070 	 1.564308 	 1.627604
   12 	 1.085070 	 1.537182 	 1.627604
   13 	 1.085070 	 1.564308 	 1.627604
   14 	 1.085070 	 1.582393 	 1.627604
   15 	 1.085070 	 1.582393 	 1.627604
   16 	 1.085070 	 1.573351 	 1.627604
   17 	 1.085070 	 1.600477 	 1.627604
   18 	 1.627604 	 1.627604 	 1.627604
   19 	 1.627604 	 1.627604 	 1.627604
   20 	 1.627604 	 1.627604 	 1.627604
   21 	 1.627604 	 1.627604 	 1.627604
   22 	 1.627604 	 1.627604 	 1.627604
   23 	 1.627604 	 1.627604 	 1.627604
   24 	 1.627604 	 1.627604 	 1.627604
   25 	 1.627604 	 1.627604 	 1.627604
   26 	 1.627604 	 1.627604 	 1.627604
   27 	 1.627604 	 1.627604 	 1.627604
   28 	 1.627604 	 1.627604 	 1.627604
   29 	 1.627604 	 1.627604 	 1.627604
   30 	 1.627604 	 1.627604 	 1.627604
   31 	 1.627604 	 1.627604 	 1.627604
   32 	 1.627604 	 1.627604 	 1.627604
   33 	 1.627604 	 1.627604 	 1.627604
   34 	 1.627604 	 1.627604 	 1.627604
   35 	 1.627604 	 1.627604 	 1.627604
   36 	 1.627604 	 1.627604 	 1.627604
   37 	 1.627604 	 1.627604 	 1.627604
   38 	 1.627604 	 1.627604 	 1.627604
   39 	 1.627604 	 1.627604 	 1.627604
   40 	 1.627604 	 1.627604 	 1.627604
   41 	 1.627604 	 1.627604 	 1.627604
   42 	 1.627604 	 1.627604 	 1.627604
   43 	 1.627604 	 1.627604 	 1.627604
   44 	 1.627604 	 1.627604 	 1.627604
   45 	 1.627604 	 1.627604 	 1.627604
   46 	 1.627604 	 1.627604 	 1.627604
   47 	 0.113554 	 1.602370 	 1.627604
   48 	 1.627604 	 1.627604 	 1.627604
   49 	 1.627604 	 1.627604 	 1.627604
   50 	 1.627604 	 1.627604 	 1.627604
   51 	 1.627604 	 1.627604 	 1.627604
   52 	 1.627604 	 1.627604 	 1.627604
   53 	 1.627604 	 1.627604 	 1.627604
   54 	 1.627604 	 1.627604 	 1.627604
   55 	 1.627604 	 1.627604 	 1.627604
   56 	 1.627604 	 1.627604 	 1.627604
   57 	 0.113554 	 1.602370 	 1.627604
   58 	 1.627604 	 1.627604 	 1.627604
   59 	 1.627604 	 1.627604 	 1.627604
   60 	 1.627604 	 1.627604 	 1.627604
   61 	 1.627604 	 1.627604 	 1.627604
   62 	 0.095741 	 1.602073 	 1.627604
   63 	 1.627604 	 1.627604 	 1.627604
   64 	 1.627604 	 1.627604 	 1.627604
   65 	 1.627604 	 1.627604 	 1.627604
   66 	 1.627604 	 1.627604 	 1.627604
   67 	 1.627604 	 1.627604 	 1.627604
   68 	 1.627604 	 1.627604 	 1.627604
   69 	 1.627604 	 1.627604 	 1.627604
   70 	 1.627604 	 1.627604 	 1.627604
   71 	 1.627604 	 1.627604 	 1.627604
   72 	 1.627604 	 1.627604 	 1.627604
   73 	 1.627604 	 1.627604 	 1.627604
   74 	 1.627604 	 1.627604 	 1.627604
   75 	 1.627604 	 1.627604 	 1.627604
   76 	 1.627604 	 1.627604 	 1.627604
   77 	 1.627604 	 1.627604 	 1.627604
   78 	 1.627604 	 1.627604 	 1.627604
   79 	 1.627604 	 1.627604 	 1.627604
 