   0 	 0.020177 	 0.050407 	 0.256990
    1 	 0.021184 	 0.103550 	 0.697545
    2 	 0.027052 	 0.193769 	 1.085070
    3 	 0.027665 	 0.341618 	 1.953125
    4 	 0.033791 	 0.890255 	 4.882807
    5 	 0.043211 	 1.501494 	 4.882807
    6 	 0.195313 	 1.884048 	 9.765615
    7 	 0.150240 	 2.750237 	 9.765615
    8 	 0.037999 	 4.405199 	 9.765615
    9 	 0.976562 	 5.951600 	 9.765615
   10 	 0.976562 	 7.031243 	 9.765615
   11 	 4.882807 	 7.975252 	 9.765615
   12 	 4.882807 	 8.544913 	 9.765615
   13 	 4.882807 	 9.277334 	 9.765615
   14 	 4.882807 	 9.684234 	 9.765615
   15 	 9.765615 	 9.765615 	 9.765615
   16 	 0.390625 	 9.609365 	 9.765615
   17 	 0.037999 	 9.446987 	 9.765615
   18 	 9.765615 	 9.765615 	 9.765615
   19 	 9.765615 	 9.765615 	 9.765615
   20 	 9.765615 	 9.765615 	 9.765615
   21 	 9.765615 	 9.765615 	 9.765615
   22 	 9.765615 	 9.765615 	 9.765615
   23 	 9.765615 	 9.765615 	 9.765615
   24 	 9.765615 	 9.765615 	 9.765615
   25 	 4.882807 	 9.684234 	 9.765615
   26 	 4.882807 	 9.684234 	 9.765615
   27 	 9.765615 	 9.765615 	 9.765615
   28 	 9.765615 	 9.765615 	 9.765615
   29 	 9.765615 	 9.765615 	 9.765615
   30 	 9.765615 	 9.765615 	 9.765615
   31 	 9.765615 	 9.765615 	 9.765615
   32 	 9.765615 	 9.765615 	 9.765615
   33 	 9.765615 	 9.765615 	 9.765615
   34 	 1.953125 	 9.635406 	 9.765615
   35 	 1.953125 	 9.635406 	 9.765615
   36 	 9.765615 	 9.765615 	 9.765615
   37 	 9.765615 	 9.765615 	 9.765615
   38 	 9.765615 	 9.765615 	 9.765615
   39 	 9.765615 	 9.765615 	 9.765615
   40 	 9.765615 	 9.769521 	 10.000000
   41 	 9.765615 	 9.777334 	 10.000000
   42 	 9.765615 	 9.781240 	 10.000000
   43 	 9.765615 	 9.789053 	 10.000000
   44 	 9.765615 	 9.785147 	 10.000000
   45 	 9.765615 	 9.781240 	 10.000000
   46 	 9.765615 	 9.781240 	 10.000000
   47 	 9.765615 	 9.785147 	 10.000000
   48 	 9.765615 	 9.800772 	 10.000000
   49 	 9.765615 	 9.792960 	 10.000000
   50 	 9.765615 	 9.781240 	 10.000000
   51 	 9.765615 	 9.781240 	 10.000000
   52 	 9.765615 	 9.785147 	 10.000000
   53 	 9.765615 	 9.765615 	 9.765615
   54 	 9.765615 	 9.765615 	 9.765615
   55 	 9.765615 	 9.765615 	 9.765615
   56 	 9.765615 	 9.765615 	 9.765615
   57 	 9.765615 	 9.765615 	 9.765615
   58 	 9.765615 	 9.765615 	 9.765615
   59 	 9.765615 	 9.765615 	 9.765615
   60 	 9.765615 	 9.765615 	 9.765615
   61 	 9.765615 	 9.765615 	 9.765615
   62 	 9.765615 	 9.765615 	 9.765615
   63 	 9.765615 	 9.765615 	 9.765615
   64 	 9.765615 	 9.765615 	 9.765615
   65 	 9.765615 	 9.765615 	 9.765615
   66 	 9.765615 	 9.765615 	 9.765615
   67 	 9.765615 	 9.769521 	 10.000000
   68 	 9.765615 	 9.781240 	 10.000000
   69 	 9.765615 	 9.792960 	 10.000000
   70 	 9.765615 	 9.792960 	 10.000000
   71 	 9.765615 	 9.792960 	 10.000000
   72 	 9.765615 	 9.785147 	 10.000000
   73 	 9.765615 	 9.781240 	 10.000000
   74 	 9.765615 	 9.777334 	 10.000000
   75 	 1.085069 	 9.628752 	 10.000000
   76 	 1.085069 	 9.628752 	 10.000000
   77 	 9.765615 	 9.769521 	 10.000000
   78 	 9.765615 	 9.769521 	 10.000000
   79 	 9.765615 	 9.769521 	 10.000000
 