   0 	 0.016385 	 0.095068 	 1.085069
    1 	 0.020473 	 0.327298 	 1.627604
    2 	 0.033675 	 0.691107 	 1.627604
    3 	 0.019930 	 0.898859 	 3.255205
    4 	 0.036303 	 0.875477 	 3.255205
    5 	 0.035128 	 1.316213 	 10.000000
    6 	 0.037851 	 2.011245 	 10.000000
    7 	 0.141531 	 4.621082 	 10.000000
    8 	 0.036851 	 6.582302 	 10.000000
    9 	 0.574449 	 8.783161 	 10.000000
   10 	 0.037999 	 9.077428 	 10.000000
   11 	 9.765615 	 9.984374 	 10.000000
   12 	 9.765615 	 9.988281 	 10.000000
   13 	 9.765615 	 9.968749 	 10.000000
   14 	 9.765615 	 9.957029 	 10.000000
   15 	 9.765615 	 9.949216 	 10.000000
   16 	 9.765615 	 9.925778 	 10.000000
   17 	 9.765615 	 9.933591 	 10.000000
   18 	 9.765615 	 9.945310 	 10.000000
   19 	 9.765615 	 9.972655 	 10.000000
   20 	 9.765615 	 9.972655 	 10.000000
   21 	 9.765615 	 9.984374 	 10.000000
   22 	 9.765615 	 9.996094 	 10.000000
   23 	 9.765615 	 9.992187 	 10.000000
   24 	 9.765615 	 9.996094 	 10.000000
   25 	 9.765615 	 9.988281 	 10.000000
   26 	 9.765615 	 9.992187 	 10.000000
   27 	 9.765615 	 9.992187 	 10.000000
   28 	 9.765615 	 9.992187 	 10.000000
   29 	 9.765615 	 9.980468 	 10.000000
   30 	 9.765615 	 9.988281 	 10.000000
   31 	 9.765615 	 9.976561 	 10.000000
   32 	 9.765615 	 9.972655 	 10.000000
   33 	 9.765615 	 9.968749 	 10.000000
   34 	 9.765615 	 9.976561 	 10.000000
   35 	 9.765615 	 9.992187 	 10.000000
   36 	 9.765615 	 9.980468 	 10.000000
   37 	 9.765615 	 9.976561 	 10.000000
   38 	 9.765615 	 9.984374 	 10.000000
   39 	 9.765615 	 9.980468 	 10.000000
   40 	 9.765615 	 9.976561 	 10.000000
   41 	 9.765615 	 9.988281 	 10.000000
   42 	 9.765615 	 9.988281 	 10.000000
   43 	 9.765615 	 9.988281 	 10.000000
   44 	 9.765615 	 9.996094 	 10.000000
   45 	 9.765615 	 9.996094 	 10.000000
   46 	 9.765615 	 9.996094 	 10.000000
   47 	 10.000000 	 10.000000 	 10.000000
   48 	 10.000000 	 10.000000 	 10.000000
   49 	 10.000000 	 10.000000 	 10.000000
   50 	 10.000000 	 10.000000 	 10.000000
   51 	 0.610352 	 9.843506 	 10.000000
   52 	 10.000000 	 10.000000 	 10.000000
   53 	 10.000000 	 10.000000 	 10.000000
   54 	 9.765615 	 9.996094 	 10.000000
   55 	 9.765615 	 9.992187 	 10.000000
   56 	 9.765615 	 9.988281 	 10.000000
   57 	 0.038147 	 9.818343 	 10.000000
   58 	 9.765615 	 9.992187 	 10.000000
   59 	 2.441407 	 9.854491 	 10.000000
   60 	 9.765615 	 9.980468 	 10.000000
   61 	 0.152588 	 9.808532 	 10.000000
   62 	 0.574449 	 9.819469 	 10.000000
   63 	 9.765615 	 9.972655 	 10.000000
   64 	 9.765615 	 9.957029 	 10.000000
   65 	 9.765615 	 9.960936 	 10.000000
   66 	 9.765615 	 9.957029 	 10.000000
   67 	 9.765615 	 9.941404 	 10.000000
   68 	 9.765615 	 9.933591 	 10.000000
   69 	 9.765615 	 9.937497 	 10.000000
   70 	 9.765615 	 9.937497 	 10.000000
   71 	 9.765615 	 9.949216 	 10.000000
   72 	 9.765615 	 9.957029 	 10.000000
   73 	 9.765615 	 9.949216 	 10.000000
   74 	 9.765615 	 9.925778 	 10.000000
   75 	 9.765615 	 9.925778 	 10.000000
   76 	 9.765615 	 9.925778 	 10.000000
   77 	 9.765615 	 9.945310 	 10.000000
   78 	 9.765615 	 9.968749 	 10.000000
   79 	 9.765615 	 9.945310 	 10.000000
 