   0 	 0.014425 	 0.046528 	 0.145756
    1 	 0.021184 	 0.083110 	 0.813802
    2 	 0.021558 	 0.360478 	 1.220704
    3 	 0.036303 	 0.601039 	 2.441407
    4 	 0.047637 	 0.783956 	 1.220704
    5 	 0.217014 	 1.008575 	 2.441407
    6 	 0.048828 	 1.129164 	 2.441407
    7 	 0.046725 	 1.495948 	 2.441407
    8 	 0.037560 	 2.091214 	 10.000000
    9 	 0.813802 	 3.773926 	 10.000000
   10 	 1.220704 	 6.830241 	 10.000000
   11 	 1.220704 	 9.097819 	 10.000000
   12 	 0.038147 	 9.707993 	 10.000000
   13 	 2.441407 	 9.874023 	 10.000000
   14 	 10.000000 	 10.000000 	 10.000000
   15 	 10.000000 	 10.000000 	 10.000000
   16 	 10.000000 	 10.000000 	 10.000000
   17 	 10.000000 	 10.000000 	 10.000000
   18 	 0.152588 	 9.835876 	 10.000000
   19 	 10.000000 	 10.000000 	 10.000000
   20 	 10.000000 	 10.000000 	 10.000000
   21 	 10.000000 	 10.000000 	 10.000000
   22 	 10.000000 	 10.000000 	 10.000000
   23 	 0.152588 	 9.835876 	 10.000000
   24 	 10.000000 	 10.000000 	 10.000000
   25 	 10.000000 	 10.000000 	 10.000000
   26 	 0.038147 	 9.833969 	 10.000000
   27 	 10.000000 	 10.000000 	 10.000000
   28 	 10.000000 	 10.000000 	 10.000000
   29 	 10.000000 	 10.000000 	 10.000000
   30 	 10.000000 	 10.000000 	 10.000000
   31 	 10.000000 	 10.000000 	 10.000000
   32 	 10.000000 	 10.000000 	 10.000000
   33 	 10.000000 	 10.000000 	 10.000000
   34 	 9.765615 	 9.996094 	 10.000000
   35 	 9.765615 	 9.996094 	 10.000000
   36 	 0.152588 	 9.835876 	 10.000000
   37 	 0.152588 	 9.835876 	 10.000000
   38 	 10.000000 	 10.000000 	 10.000000
   39 	 10.000000 	 10.000000 	 10.000000
   40 	 10.000000 	 10.000000 	 10.000000
   41 	 2.441407 	 9.874023 	 10.000000
   42 	 2.441407 	 9.874023 	 10.000000
   43 	 2.441407 	 9.874023 	 10.000000
   44 	 0.610352 	 9.717529 	 10.000000
   45 	 10.000000 	 10.000000 	 10.000000
   46 	 10.000000 	 10.000000 	 10.000000
   47 	 10.000000 	 10.000000 	 10.000000
   48 	 10.000000 	 10.000000 	 10.000000
   49 	 10.000000 	 10.000000 	 10.000000
   50 	 10.000000 	 10.000000 	 10.000000
   51 	 10.000000 	 10.000000 	 10.000000
   52 	 10.000000 	 10.000000 	 10.000000
   53 	 10.000000 	 10.000000 	 10.000000
   54 	 10.000000 	 10.000000 	 10.000000
   55 	 10.000000 	 10.000000 	 10.000000
   56 	 0.152588 	 9.835876 	 10.000000
   57 	 10.000000 	 10.000000 	 10.000000
   58 	 10.000000 	 10.000000 	 10.000000
   59 	 10.000000 	 10.000000 	 10.000000
   60 	 10.000000 	 10.000000 	 10.000000
   61 	 10.000000 	 10.000000 	 10.000000
   62 	 10.000000 	 10.000000 	 10.000000
   63 	 10.000000 	 10.000000 	 10.000000
   64 	 10.000000 	 10.000000 	 10.000000
   65 	 10.000000 	 10.000000 	 10.000000
   66 	 0.152588 	 9.835876 	 10.000000
   67 	 10.000000 	 10.000000 	 10.000000
   68 	 10.000000 	 10.000000 	 10.000000
   69 	 10.000000 	 10.000000 	 10.000000
   70 	 10.000000 	 10.000000 	 10.000000
   71 	 10.000000 	 10.000000 	 10.000000
   72 	 10.000000 	 10.000000 	 10.000000
   73 	 10.000000 	 10.000000 	 10.000000
   74 	 0.610352 	 9.843506 	 10.000000
   75 	 2.441407 	 9.874023 	 10.000000
   76 	 10.000000 	 10.000000 	 10.000000
   77 	 10.000000 	 10.000000 	 10.000000
   78 	 10.000000 	 10.000000 	 10.000000
   79 	 9.765615 	 9.996094 	 10.000000
 