   0 	 0.017043 	 0.055127 	 0.238186
    1 	 0.015726 	 0.096207 	 0.279018
    2 	 0.019570 	 0.180898 	 1.085070
    3 	 0.021558 	 0.298981 	 1.085070
    4 	 0.035511 	 0.583954 	 1.627604
    5 	 0.090422 	 0.917365 	 1.953125
    6 	 0.037416 	 0.955446 	 1.953125
    7 	 0.048585 	 1.160514 	 1.953125
    8 	 0.238186 	 1.329173 	 4.882807
    9 	 0.048828 	 1.381165 	 4.882807
   10 	 0.574449 	 1.754102 	 4.882807
   11 	 0.325521 	 2.097548 	 9.765615
   12 	 0.697545 	 3.248747 	 9.765615
   13 	 0.976562 	 4.617256 	 10.000000
   14 	 1.085070 	 6.202324 	 10.000000
   15 	 1.627604 	 7.341031 	 10.000000
   16 	 4.882807 	 8.432936 	 10.000000
   17 	 4.882807 	 9.006503 	 10.000000
   18 	 4.882807 	 9.180983 	 10.000000
   19 	 4.882807 	 8.762363 	 10.000000
   20 	 4.882807 	 9.417310 	 10.000000
   21 	 4.882807 	 9.615228 	 10.000000
   22 	 4.882807 	 9.700515 	 10.000000
   23 	 9.765615 	 9.890620 	 10.000000
   24 	 0.610352 	 9.757565 	 10.000000
   25 	 9.765615 	 9.917965 	 10.000000
   26 	 9.765615 	 9.933591 	 10.000000
   27 	 9.765615 	 9.949216 	 10.000000
   28 	 9.765615 	 9.964842 	 10.000000
   29 	 2.441407 	 9.842772 	 10.000000
   30 	 9.765615 	 9.968749 	 10.000000
   31 	 9.765615 	 9.960936 	 10.000000
   32 	 9.765615 	 9.960936 	 10.000000
   33 	 9.765615 	 9.976561 	 10.000000
   34 	 9.765615 	 9.968749 	 10.000000
   35 	 9.765615 	 9.968749 	 10.000000
   36 	 9.765615 	 9.972655 	 10.000000
   37 	 9.765615 	 9.980468 	 10.000000
   38 	 9.765615 	 9.980468 	 10.000000
   39 	 9.765615 	 9.992187 	 10.000000
   40 	 9.765615 	 9.996094 	 10.000000
   41 	 10.000000 	 10.000000 	 10.000000
   42 	 10.000000 	 10.000000 	 10.000000
   43 	 10.000000 	 10.000000 	 10.000000
   44 	 10.000000 	 10.000000 	 10.000000
   45 	 10.000000 	 10.000000 	 10.000000
   46 	 10.000000 	 10.000000 	 10.000000
   47 	 10.000000 	 10.000000 	 10.000000
   48 	 10.000000 	 10.000000 	 10.000000
   49 	 10.000000 	 10.000000 	 10.000000
   50 	 10.000000 	 10.000000 	 10.000000
   51 	 10.000000 	 10.000000 	 10.000000
   52 	 10.000000 	 10.000000 	 10.000000
   53 	 10.000000 	 10.000000 	 10.000000
   54 	 10.000000 	 10.000000 	 10.000000
   55 	 10.000000 	 10.000000 	 10.000000
   56 	 0.610352 	 9.843506 	 10.000000
   57 	 10.000000 	 10.000000 	 10.000000
   58 	 10.000000 	 10.000000 	 10.000000
   59 	 10.000000 	 10.000000 	 10.000000
   60 	 10.000000 	 10.000000 	 10.000000
   61 	 10.000000 	 10.000000 	 10.000000
   62 	 10.000000 	 10.000000 	 10.000000
   63 	 0.076294 	 9.834605 	 10.000000
   64 	 10.000000 	 10.000000 	 10.000000
   65 	 10.000000 	 10.000000 	 10.000000
   66 	 10.000000 	 10.000000 	 10.000000
   67 	 10.000000 	 10.000000 	 10.000000
   68 	 10.000000 	 10.000000 	 10.000000
   69 	 2.441407 	 9.874023 	 10.000000
   70 	 10.000000 	 10.000000 	 10.000000
   71 	 10.000000 	 10.000000 	 10.000000
   72 	 10.000000 	 10.000000 	 10.000000
   73 	 10.000000 	 10.000000 	 10.000000
   74 	 10.000000 	 10.000000 	 10.000000
   75 	 10.000000 	 10.000000 	 10.000000
   76 	 0.610352 	 9.717529 	 10.000000
   77 	 10.000000 	 10.000000 	 10.000000
   78 	 10.000000 	 10.000000 	 10.000000
   79 	 10.000000 	 10.000000 	 10.000000
 