   0 	 0.014425 	 0.078114 	 0.887784
    1 	 0.021184 	 0.249038 	 0.887784
    2 	 0.029956 	 0.597371 	 3.255205
    3 	 0.040354 	 0.996369 	 3.255205
    4 	 0.037273 	 1.407578 	 3.255205
    5 	 0.157510 	 2.256415 	 3.255205
    6 	 0.035511 	 2.681413 	 3.255205
    7 	 0.887784 	 3.176291 	 3.255205
    8 	 3.255205 	 3.255205 	 3.255205
    9 	 3.255205 	 3.255205 	 3.255205
   10 	 0.191483 	 3.104856 	 3.255205
   11 	 0.117658 	 3.202913 	 3.255205
   12 	 3.255205 	 3.255205 	 3.255205
   13 	 0.887784 	 3.215748 	 3.255205
   14 	 3.255205 	 3.255205 	 3.255205
   15 	 3.255205 	 3.255205 	 3.255205
   16 	 3.255205 	 3.255205 	 3.255205
   17 	 3.255205 	 3.255205 	 3.255205
   18 	 3.255205 	 3.255205 	 3.255205
   19 	 3.255205 	 3.255205 	 3.255205
   20 	 0.361690 	 3.234106 	 4.882807
   21 	 0.361690 	 3.206980 	 3.255205
   22 	 3.255205 	 3.255205 	 3.255205
   23 	 3.255205 	 3.255205 	 3.255205
   24 	 3.255205 	 3.255205 	 3.255205
   25 	 3.255205 	 3.255205 	 3.255205
   26 	 3.255205 	 3.255205 	 3.255205
   27 	 3.255205 	 3.255205 	 3.255205
   28 	 3.255205 	 3.255205 	 3.255205
   29 	 3.255205 	 3.255205 	 3.255205
   30 	 3.255205 	 3.255205 	 3.255205
   31 	 3.255205 	 3.255205 	 3.255205
   32 	 3.255205 	 3.255205 	 3.255205
   33 	 3.255205 	 3.255205 	 3.255205
   34 	 3.255205 	 3.255205 	 3.255205
   35 	 0.887784 	 3.215748 	 3.255205
   36 	 3.255205 	 3.255205 	 3.255205
   37 	 3.255205 	 3.255205 	 3.255205
   38 	 3.255205 	 3.255205 	 3.255205
   39 	 3.255205 	 3.255205 	 3.255205
   40 	 3.255205 	 3.255205 	 3.255205
   41 	 0.117658 	 3.202913 	 3.255205
   42 	 3.255205 	 3.255205 	 3.255205
   43 	 3.255205 	 3.255205 	 3.255205
   44 	 3.255205 	 3.255205 	 3.255205
   45 	 3.255205 	 3.255205 	 3.255205
   46 	 3.255205 	 3.255205 	 3.255205
   47 	 3.255205 	 3.255205 	 3.255205
   48 	 3.255205 	 3.255205 	 3.255205
   49 	 3.255205 	 3.255205 	 3.255205
   50 	 3.255205 	 3.255205 	 3.255205
   51 	 3.255205 	 3.255205 	 3.255205
   52 	 3.255205 	 3.255205 	 3.255205
   53 	 1.627604 	 3.228078 	 3.255205
   54 	 1.627604 	 3.173825 	 3.255205
   55 	 1.627604 	 3.228078 	 3.255205
   56 	 3.255205 	 3.255205 	 3.255205
   57 	 3.255205 	 3.255205 	 3.255205
   58 	 3.255205 	 3.255205 	 3.255205
   59 	 3.255205 	 3.255205 	 3.255205
   60 	 0.887784 	 3.215748 	 3.255205
   61 	 3.255205 	 3.255205 	 3.255205
   62 	 3.255205 	 3.255205 	 3.255205
   63 	 3.255205 	 3.255205 	 3.255205
   64 	 3.255205 	 3.255205 	 3.255205
   65 	 3.255205 	 3.255205 	 3.255205
   66 	 3.255205 	 3.255205 	 3.255205
   67 	 3.255205 	 3.255205 	 3.255205
   68 	 0.887784 	 3.215748 	 3.255205
   69 	 3.255205 	 3.255205 	 3.255205
   70 	 0.361690 	 3.206980 	 3.255205
   71 	 3.255205 	 3.255205 	 3.255205
   72 	 3.255205 	 3.282332 	 4.882807
   73 	 3.255205 	 3.282332 	 4.882807
   74 	 3.255205 	 3.255205 	 3.255205
   75 	 3.255205 	 3.255205 	 3.255205
   76 	 3.255205 	 3.255205 	 3.255205
   77 	 0.043020 	 3.201669 	 3.255205
   78 	 3.255205 	 3.255205 	 3.255205
   79 	 3.255205 	 3.255205 	 3.255205
 