   0 	 0.000304 	 0.108836 	 3.272400
    1 	 0.001165 	 1.556512 	 16.400538
    2 	 0.001796 	 2.337419 	 16.400538
    3 	 0.000969 	 2.409382 	 16.400538
    4 	 0.001371 	 4.086607 	 16.400538
    5 	 0.001511 	 4.033278 	 16.400538
    6 	 0.001371 	 7.272828 	 16.400538
    7 	 0.001511 	 13.418518 	 16.400538
    8 	 0.108574 	 16.129005 	 16.400538
    9 	 0.934378 	 16.142768 	 16.400538
   10 	 16.400538 	 16.400538 	 16.400538
   11 	 16.400538 	 16.400538 	 16.400538
   12 	 16.400538 	 16.400538 	 16.400538
   13 	 0.240560 	 16.131205 	 16.400538
   14 	 16.400538 	 16.400538 	 16.400538
   15 	 0.240560 	 15.861872 	 16.400538
   16 	 16.400538 	 16.400538 	 16.400538
   17 	 16.400538 	 16.400538 	 16.400538
   18 	 16.400538 	 16.400538 	 16.400538
   19 	 16.400538 	 16.400538 	 16.400538
   20 	 16.400538 	 16.400538 	 16.400538
   21 	 16.400538 	 16.400538 	 16.400538
   22 	 0.009095 	 15.854445 	 16.400538
   23 	 16.400538 	 16.400538 	 16.400538
   24 	 16.400538 	 16.400538 	 16.400538
   25 	 0.009447 	 16.127353 	 16.400538
   26 	 16.400538 	 16.400538 	 16.400538
   27 	 16.400538 	 16.400538 	 16.400538
   28 	 16.400538 	 16.400538 	 16.400538
   29 	 16.400538 	 16.400538 	 16.400538
   30 	 16.400538 	 16.400538 	 16.400538
   31 	 16.400538 	 16.400538 	 16.400538
   32 	 0.005599 	 15.585315 	 16.400538
   33 	 16.400538 	 16.400538 	 16.400538
   34 	 16.400538 	 16.400538 	 16.400538
   35 	 0.009447 	 16.127353 	 16.400538
   36 	 16.400538 	 16.400538 	 16.400538
   37 	 16.400538 	 16.400538 	 16.400538
   38 	 16.400538 	 16.400538 	 16.400538
   39 	 16.400538 	 16.400538 	 16.400538
   40 	 0.009447 	 16.127353 	 16.400538
   41 	 0.108574 	 16.129005 	 16.400538
   42 	 16.400538 	 16.400538 	 16.400538
   43 	 16.400538 	 16.400538 	 16.400538
   44 	 0.002328 	 16.127234 	 16.400538
   45 	 16.400538 	 16.400538 	 16.400538
   46 	 16.400538 	 16.400538 	 16.400538
   47 	 0.186696 	 15.589846 	 16.400538
   48 	 0.186696 	 16.130307 	 16.400538
   49 	 0.005599 	 15.596618 	 16.400538
   50 	 0.026436 	 16.127636 	 16.400538
   51 	 0.026436 	 16.127636 	 16.400538
   52 	 0.186696 	 16.130307 	 16.400538
   53 	 16.400538 	 16.400538 	 16.400538
   54 	 16.400538 	 16.400538 	 16.400538
   55 	 16.400538 	 16.400538 	 16.400538
   56 	 16.400538 	 16.400538 	 16.400538
   57 	 16.400538 	 16.400538 	 16.400538
   58 	 16.400538 	 16.400538 	 16.400538
   59 	 0.042090 	 16.127897 	 16.400538
   60 	 0.026436 	 16.127636 	 16.400538
   61 	 16.400538 	 16.400538 	 16.400538
   62 	 16.400538 	 16.400538 	 16.400538
   63 	 16.400538 	 16.400538 	 16.400538
   64 	 16.400538 	 16.400538 	 16.400538
   65 	 0.186696 	 16.130307 	 16.400538
   66 	 16.400538 	 16.400538 	 16.400538
   67 	 0.186696 	 16.130307 	 16.400538
   68 	 16.400538 	 16.400538 	 16.400538
   69 	 0.108574 	 16.129005 	 16.400538
   70 	 16.400538 	 16.400538 	 16.400538
   71 	 0.009447 	 16.127353 	 16.400538
   72 	 0.002328 	 16.127234 	 16.400538
   73 	 16.400538 	 16.400538 	 16.400538
   74 	 16.400538 	 16.400538 	 16.400538
   75 	 0.009447 	 16.127353 	 16.400538
   76 	 16.400538 	 16.400538 	 16.400538
   77 	 0.042090 	 16.127897 	 16.400538
   78 	 16.400538 	 16.400538 	 16.400538
   79 	 16.400538 	 16.400538 	 16.400538
 