   0 	 0.000278 	 0.348823 	 16.400538
    1 	 0.003911 	 12.102808 	 16.400538
    2 	 16.400538 	 16.400538 	 16.400538
    3 	 16.400538 	 16.400538 	 16.400538
    4 	 16.400538 	 16.400538 	 16.400538
    5 	 16.400538 	 16.400538 	 16.400538
    6 	 16.400538 	 16.400538 	 16.400538
    7 	 16.400538 	 16.400538 	 16.400538
    8 	 16.400538 	 16.400538 	 16.400538
    9 	 0.005599 	 15.857956 	 16.400538
   10 	 0.005599 	 15.855756 	 16.400538
   11 	 0.009447 	 15.855820 	 16.400538
   12 	 16.400538 	 16.400538 	 16.400538
   13 	 16.400538 	 16.400538 	 16.400538
   14 	 0.002328 	 15.857004 	 16.400538
   15 	 16.400538 	 16.400538 	 16.400538
   16 	 0.240560 	 16.131205 	 16.400538
   17 	 0.108574 	 15.859672 	 16.400538
   18 	 0.026436 	 16.127636 	 16.400538
   19 	 16.400538 	 16.400538 	 16.400538
   20 	 16.400538 	 16.400538 	 16.400538
   21 	 16.400538 	 16.400538 	 16.400538
   22 	 16.400538 	 16.400538 	 16.400538
   23 	 16.400538 	 16.400538 	 16.400538
   24 	 0.009776 	 16.127358 	 16.400538
   25 	 16.400538 	 16.400538 	 16.400538
   26 	 16.400538 	 16.400538 	 16.400538
   27 	 16.400538 	 16.400538 	 16.400538
   28 	 16.400538 	 16.400538 	 16.400538
   29 	 0.009447 	 16.127353 	 16.400538
   30 	 16.400538 	 16.400538 	 16.400538
   31 	 0.002328 	 15.857004 	 16.400538
   32 	 0.009447 	 15.581810 	 16.400538
   33 	 16.400538 	 16.400538 	 16.400538
   34 	 16.400538 	 16.400538 	 16.400538
   35 	 0.042090 	 16.127897 	 16.400538
   36 	 0.005599 	 15.857058 	 16.400538
   37 	 0.005599 	 15.585315 	 16.400538
   38 	 16.400538 	 16.400538 	 16.400538
   39 	 16.400538 	 16.400538 	 16.400538
   40 	 16.400538 	 16.400538 	 16.400538
   41 	 16.400538 	 16.400538 	 16.400538
   42 	 16.400538 	 16.400538 	 16.400538
   43 	 0.186696 	 15.860974 	 16.400538
   44 	 0.009095 	 15.857116 	 16.400538
   45 	 16.400538 	 16.400538 	 16.400538
   46 	 0.009447 	 16.127353 	 16.400538
   47 	 0.240560 	 16.131205 	 16.400538
   48 	 16.400538 	 16.400538 	 16.400538
   49 	 0.005599 	 15.869519 	 16.400538
   50 	 16.400538 	 16.400538 	 16.400538
   51 	 0.240560 	 16.131205 	 16.400538
   52 	 16.400538 	 16.400538 	 16.400538
   53 	 16.400538 	 16.400538 	 16.400538
   54 	 0.042090 	 16.127897 	 16.400538
   55 	 16.400538 	 16.400538 	 16.400538
   56 	 16.400538 	 16.400538 	 16.400538
   57 	 16.400538 	 16.400538 	 16.400538
   58 	 16.400538 	 16.400538 	 16.400538
   59 	 16.400538 	 16.400538 	 16.400538
   60 	 0.240560 	 16.131205 	 16.400538
   61 	 0.186696 	 16.130307 	 16.400538
   62 	 0.009095 	 16.127347 	 16.400538
   63 	 16.400538 	 16.400538 	 16.400538
   64 	 0.009447 	 16.127353 	 16.400538
   65 	 16.400538 	 16.400538 	 16.400538
   66 	 0.009095 	 16.127347 	 16.400538
   67 	 16.400538 	 16.400538 	 16.400538
   68 	 0.005599 	 16.127289 	 16.400538
   69 	 16.400538 	 16.400538 	 16.400538
   70 	 16.400538 	 16.400538 	 16.400538
   71 	 16.400538 	 16.400538 	 16.400538
   72 	 0.009095 	 16.127347 	 16.400538
   73 	 16.400538 	 16.400538 	 16.400538
   74 	 0.009095 	 15.854162 	 16.400538
   75 	 16.400538 	 16.400538 	 16.400538
   76 	 0.108574 	 16.129005 	 16.400538
   77 	 0.186696 	 16.130307 	 16.400538
   78 	 0.186696 	 16.130307 	 16.400538
   79 	 16.400538 	 16.400538 	 16.400538
 