   0 	 0.000303 	 0.380458 	 16.400538
    1 	 0.001809 	 9.623994 	 16.400538
    2 	 0.005599 	 15.308556 	 16.400538
    3 	 16.400538 	 16.400538 	 16.400538
    4 	 0.009447 	 16.127353 	 16.400538
    5 	 16.400538 	 16.400538 	 16.400538
    6 	 0.240560 	 16.131205 	 16.400538
    7 	 0.009447 	 15.858020 	 16.400538
    8 	 0.042090 	 16.127897 	 16.400538
    9 	 16.400538 	 16.400538 	 16.400538
   10 	 0.026436 	 16.127636 	 16.400538
   11 	 0.009095 	 16.127347 	 16.400538
   12 	 16.400538 	 16.400538 	 16.400538
   13 	 0.042090 	 16.127897 	 16.400538
   14 	 16.400538 	 16.400538 	 16.400538
   15 	 0.026436 	 16.127636 	 16.400538
   16 	 0.009447 	 16.127353 	 16.400538
   17 	 0.934378 	 16.142768 	 16.400538
   18 	 16.400538 	 16.400538 	 16.400538
   19 	 0.005599 	 16.127289 	 16.400538
   20 	 0.934378 	 16.142768 	 16.400538
   21 	 16.400538 	 16.400538 	 16.400538
   22 	 0.108574 	 16.129005 	 16.400538
   23 	 16.400538 	 16.400538 	 16.400538
   24 	 0.108574 	 16.129005 	 16.400538
   25 	 16.400538 	 16.400538 	 16.400538
   26 	 0.002328 	 16.127234 	 16.400538
   27 	 16.400538 	 16.400538 	 16.400538
   28 	 0.009095 	 15.858014 	 16.400538
   29 	 16.400538 	 16.400538 	 16.400538
   30 	 16.400538 	 16.400538 	 16.400538
   31 	 0.042090 	 16.127897 	 16.400538
   32 	 16.400538 	 16.400538 	 16.400538
   33 	 16.400538 	 16.400538 	 16.400538
   34 	 16.400538 	 16.400538 	 16.400538
   35 	 0.002328 	 15.600132 	 16.400538
   36 	 0.009447 	 15.869584 	 16.400538
   37 	 16.400538 	 16.400538 	 16.400538
   38 	 16.400538 	 16.400538 	 16.400538
   39 	 16.400538 	 16.400538 	 16.400538
   40 	 16.400538 	 16.400538 	 16.400538
   41 	 16.400538 	 16.400538 	 16.400538
   42 	 16.400538 	 16.400538 	 16.400538
   43 	 0.108574 	 16.129005 	 16.400538
   44 	 16.400538 	 16.400538 	 16.400538
   45 	 16.400538 	 16.400538 	 16.400538
   46 	 16.400538 	 16.400538 	 16.400538
   47 	 0.934378 	 16.142768 	 16.400538
   48 	 16.400538 	 16.400538 	 16.400538
   49 	 16.400538 	 16.400538 	 16.400538
   50 	 16.400538 	 16.400538 	 16.400538
   51 	 0.042090 	 15.857666 	 16.400538
   52 	 0.009447 	 16.127353 	 16.400538
   53 	 16.400538 	 16.400538 	 16.400538
   54 	 1.000000 	 16.143862 	 16.400538
   55 	 0.240560 	 16.131205 	 16.400538
   56 	 16.400538 	 16.400538 	 16.400538
   57 	 16.400538 	 16.400538 	 16.400538
   58 	 16.400538 	 16.400538 	 16.400538
   59 	 16.400538 	 16.400538 	 16.400538
   60 	 0.186696 	 16.130307 	 16.400538
   61 	 0.009447 	 16.127353 	 16.400538
   62 	 16.400538 	 16.400538 	 16.400538
   63 	 0.934378 	 16.142768 	 16.400538
   64 	 0.186696 	 16.130307 	 16.400538
   65 	 0.186696 	 16.130307 	 16.400538
   66 	 16.400538 	 16.400538 	 16.400538
   67 	 16.400538 	 16.400538 	 16.400538
   68 	 16.400538 	 16.400538 	 16.400538
   69 	 16.400538 	 16.400538 	 16.400538
   70 	 16.400538 	 16.400538 	 16.400538
   71 	 0.026436 	 15.588072 	 16.400538
   72 	 0.009447 	 15.857122 	 16.400538
   73 	 16.400538 	 16.400538 	 16.400538
   74 	 0.934378 	 16.142768 	 16.400538
   75 	 16.400538 	 16.400538 	 16.400538
   76 	 16.400538 	 16.400538 	 16.400538
   77 	 16.400538 	 16.400538 	 16.400538
   78 	 16.400538 	 16.400538 	 16.400538
   79 	 0.934378 	 16.142768 	 16.400538
 