   0 	 0.000380 	 0.029972 	 0.641999
    1 	 0.000807 	 0.253516 	 0.641999
    2 	 0.002656 	 0.587979 	 0.848770
    3 	 0.077073 	 0.607583 	 0.641999
    4 	 0.239166 	 0.635285 	 0.641999
    5 	 0.239166 	 0.635285 	 0.641999
    6 	 0.239166 	 0.628571 	 0.641999
    7 	 0.167371 	 0.634088 	 0.641999
    8 	 0.641999 	 0.641999 	 0.641999
    9 	 0.641999 	 0.641999 	 0.641999
   10 	 0.025716 	 0.631727 	 0.641999
   11 	 0.391576 	 0.637825 	 0.641999
   12 	 0.007773 	 0.627254 	 0.641999
   13 	 0.391576 	 0.637825 	 0.641999
   14 	 0.641999 	 0.641999 	 0.641999
   15 	 0.001566 	 0.631325 	 0.641999
   16 	 0.033432 	 0.631856 	 0.641999
   17 	 0.002656 	 0.631343 	 0.641999
   18 	 0.641999 	 0.641999 	 0.641999
   19 	 0.641999 	 0.641999 	 0.641999
   20 	 0.239166 	 0.635285 	 0.641999
   21 	 0.239166 	 0.635285 	 0.641999
   22 	 0.641999 	 0.641999 	 0.641999
   23 	 0.641999 	 0.641999 	 0.641999
   24 	 0.153800 	 0.633862 	 0.641999
   25 	 0.391576 	 0.637825 	 0.641999
   26 	 0.153800 	 0.621341 	 0.641999
   27 	 0.025716 	 0.627554 	 0.641999
   28 	 0.641999 	 0.641999 	 0.641999
   29 	 0.007773 	 0.631428 	 0.641999
   30 	 0.641999 	 0.641999 	 0.641999
   31 	 0.239166 	 0.635285 	 0.641999
   32 	 0.003353 	 0.617927 	 0.641999
   33 	 0.001566 	 0.620754 	 0.641999
   34 	 0.007773 	 0.631428 	 0.641999
   35 	 0.001566 	 0.631325 	 0.641999
   36 	 0.007773 	 0.631428 	 0.641999
   37 	 0.153800 	 0.633862 	 0.641999
   38 	 0.641999 	 0.641999 	 0.641999
   39 	 0.025716 	 0.631727 	 0.641999
   40 	 0.239166 	 0.635285 	 0.641999
   41 	 0.003353 	 0.624641 	 0.641999
   42 	 0.641999 	 0.641999 	 0.641999
   43 	 0.033432 	 0.625142 	 0.641999
   44 	 0.239166 	 0.631111 	 0.641999
   45 	 0.391576 	 0.633651 	 0.641999
   46 	 0.167371 	 0.629914 	 0.641999
   47 	 0.239166 	 0.631111 	 0.641999
   48 	 0.025716 	 0.631727 	 0.641999
   49 	 0.641999 	 0.641999 	 0.641999
   50 	 0.002656 	 0.621072 	 0.641999
   51 	 0.641999 	 0.641999 	 0.641999
   52 	 0.641999 	 0.641999 	 0.641999
   53 	 0.641999 	 0.641999 	 0.641999
   54 	 0.239166 	 0.635285 	 0.641999
   55 	 0.641999 	 0.641999 	 0.641999
   56 	 0.641999 	 0.641999 	 0.641999
   57 	 0.641999 	 0.641999 	 0.641999
   58 	 0.391576 	 0.637825 	 0.641999
   59 	 0.391576 	 0.637825 	 0.641999
   60 	 0.641999 	 0.641999 	 0.641999
   61 	 0.641999 	 0.641999 	 0.641999
   62 	 0.025716 	 0.631727 	 0.641999
   63 	 0.641999 	 0.641999 	 0.641999
   64 	 0.033432 	 0.631856 	 0.641999
   65 	 0.033432 	 0.631856 	 0.641999
   66 	 0.001566 	 0.631325 	 0.641999
   67 	 0.239166 	 0.635285 	 0.641999
   68 	 0.001566 	 0.620681 	 0.641999
   69 	 0.641999 	 0.641999 	 0.641999
   70 	 0.153800 	 0.633862 	 0.641999
   71 	 0.391576 	 0.637825 	 0.641999
   72 	 0.007773 	 0.627254 	 0.641999
   73 	 0.641999 	 0.641999 	 0.641999
   74 	 0.391576 	 0.637825 	 0.641999
   75 	 0.391576 	 0.637825 	 0.641999
   76 	 0.391576 	 0.637825 	 0.641999
   77 	 0.391576 	 0.633651 	 0.641999
   78 	 0.391576 	 0.637825 	 0.641999
   79 	 0.391576 	 0.633651 	 0.641999
 