   0 	 0.000348 	 0.042160 	 1.000000
    1 	 0.000984 	 0.287945 	 1.516339
    2 	 0.000731 	 0.792297 	 1.516339
    3 	 0.028700 	 0.963266 	 1.017260
    4 	 0.140645 	 0.988554 	 1.017260
    5 	 1.000000 	 1.002877 	 1.017260
    6 	 0.002236 	 0.954585 	 1.017260
    7 	 1.000000 	 1.001726 	 1.017260
    8 	 1.000000 	 1.001438 	 1.017260
    9 	 1.000000 	 1.005655 	 1.270281
   10 	 1.000000 	 1.010160 	 1.270281
   11 	 1.000000 	 1.006231 	 1.270281
   12 	 0.009447 	 0.968995 	 1.017260
   13 	 1.000000 	 1.001726 	 1.017260
   14 	 0.140645 	 0.987979 	 1.017260
   15 	 0.140645 	 0.989129 	 1.017260
   16 	 0.000565 	 0.986795 	 1.017260
   17 	 1.000000 	 1.004027 	 1.017260
   18 	 1.000000 	 1.003452 	 1.017260
   19 	 0.000565 	 0.988233 	 1.017260
   20 	 0.009095 	 0.988951 	 1.017260
   21 	 1.000000 	 1.004603 	 1.017260
   22 	 1.000000 	 1.004603 	 1.017260
   23 	 1.000000 	 1.005178 	 1.017260
   24 	 1.000000 	 1.003740 	 1.017260
   25 	 1.000000 	 1.006041 	 1.017260
   26 	 0.000565 	 0.972467 	 1.017260
   27 	 0.000565 	 0.989384 	 1.017260
   28 	 1.000000 	 1.008055 	 1.017260
   29 	 1.000000 	 1.013422 	 1.270281
   30 	 0.009095 	 0.996620 	 1.270281
   31 	 1.000000 	 1.018215 	 1.270281
   32 	 0.391576 	 1.004433 	 1.270281
   33 	 0.002379 	 0.983970 	 1.270281
   34 	 0.391576 	 1.014436 	 1.270281
   35 	 0.391576 	 1.006421 	 1.270281
   36 	 0.028700 	 0.990389 	 1.270281
   37 	 1.000000 	 1.020275 	 1.270281
   38 	 0.009447 	 0.991190 	 1.059646
   39 	 0.002236 	 0.980644 	 1.059646
   40 	 0.003724 	 1.000448 	 1.059646
   41 	 1.000000 	 1.018334 	 1.059646
   42 	 0.028700 	 1.001858 	 1.059646
   43 	 0.028700 	 0.992084 	 1.059646
   44 	 0.379018 	 1.009004 	 1.059646
   45 	 1.000000 	 1.019066 	 1.059646
   46 	 0.391576 	 1.006937 	 1.059646
   47 	 1.000000 	 1.014383 	 1.017260
   48 	 1.000000 	 1.013808 	 1.017260
   49 	 1.000000 	 1.013233 	 1.017260
   50 	 0.002236 	 0.977793 	 1.017260
   51 	 1.000000 	 1.011219 	 1.017260
   52 	 1.000000 	 1.011219 	 1.017260
   53 	 0.132387 	 0.997622 	 1.017260
   54 	 1.000000 	 1.012370 	 1.017260
   55 	 0.391576 	 1.003092 	 1.017260
   56 	 1.000000 	 1.013808 	 1.017260
   57 	 1.000000 	 1.013233 	 1.017260
   58 	 1.000000 	 1.011794 	 1.017260
   59 	 0.009095 	 0.996718 	 1.017260
   60 	 1.000000 	 1.015822 	 1.017260
   61 	 1.000000 	 1.015534 	 1.017260
   62 	 1.000000 	 1.014959 	 1.017260
   63 	 0.010820 	 0.999048 	 1.017260
   64 	 1.000000 	 1.015534 	 1.017260
   65 	 1.000000 	 1.015534 	 1.017260
   66 	 0.048813 	 0.989253 	 1.017260
   67 	 1.000000 	 1.015534 	 1.017260
   68 	 0.003724 	 0.998354 	 1.017260
   69 	 1.000000 	 1.015246 	 1.017260
   70 	 0.000962 	 0.998308 	 1.017260
   71 	 0.002236 	 0.998617 	 1.017260
   72 	 0.391576 	 1.005969 	 1.017260
   73 	 0.391576 	 1.006832 	 1.017260
   74 	 1.017260 	 1.017260 	 1.017260
   75 	 1.017260 	 1.017260 	 1.017260
   76 	 1.017260 	 1.017260 	 1.017260
   77 	 1.017260 	 1.017260 	 1.017260
   78 	 1.017260 	 1.017260 	 1.017260
   79 	 0.048813 	 1.001119 	 1.017260
 