   0 	 0.000367 	 0.015876 	 0.187858
    1 	 0.000600 	 0.058470 	 0.240560
    2 	 0.001461 	 0.067622 	 0.240560
    3 	 0.001213 	 0.131138 	 0.240560
    4 	 0.001394 	 0.174773 	 0.934378
    5 	 0.000986 	 0.236133 	 0.934378
    6 	 0.024729 	 0.766152 	 16.400538
    7 	 0.193565 	 12.371324 	 16.400538
    8 	 16.400538 	 16.400538 	 16.400538
    9 	 0.002328 	 15.854593 	 16.400538
   10 	 16.400538 	 16.400538 	 16.400538
   11 	 0.108574 	 16.129005 	 16.400538
   12 	 16.400538 	 16.400538 	 16.400538
   13 	 16.400538 	 16.400538 	 16.400538
   14 	 16.400538 	 16.400538 	 16.400538
   15 	 16.400538 	 16.400538 	 16.400538
   16 	 16.400538 	 16.400538 	 16.400538
   17 	 16.400538 	 16.400538 	 16.400538
   18 	 16.400538 	 16.400538 	 16.400538
   19 	 16.400538 	 16.400538 	 16.400538
   20 	 16.400538 	 16.400538 	 16.400538
   21 	 0.026436 	 16.127636 	 16.400538
   22 	 0.002328 	 15.853931 	 16.400538
   23 	 0.934378 	 16.142768 	 16.400538
   24 	 16.400538 	 16.400538 	 16.400538
   25 	 16.400538 	 16.400538 	 16.400538
   26 	 16.400538 	 16.400538 	 16.400538
   27 	 16.400538 	 16.400538 	 16.400538
   28 	 0.042090 	 16.127897 	 16.400538
   29 	 0.009095 	 16.127347 	 16.400538
   30 	 0.002328 	 16.127234 	 16.400538
   31 	 16.400538 	 16.400538 	 16.400538
   32 	 0.009095 	 16.127347 	 16.400538
   33 	 0.005599 	 16.127289 	 16.400538
   34 	 16.400538 	 16.400538 	 16.400538
   35 	 16.400538 	 16.400538 	 16.400538
   36 	 16.400538 	 16.400538 	 16.400538
   37 	 0.240560 	 16.131205 	 16.400538
   38 	 16.400538 	 16.400538 	 16.400538
   39 	 0.005599 	 16.127289 	 16.400538
   40 	 16.400538 	 16.400538 	 16.400538
   41 	 16.400538 	 16.400538 	 16.400538
   42 	 16.400538 	 16.400538 	 16.400538
   43 	 0.108574 	 16.129005 	 16.400538
   44 	 16.400538 	 16.400538 	 16.400538
   45 	 0.240560 	 16.131205 	 16.400538
   46 	 16.400538 	 16.400538 	 16.400538
   47 	 16.400538 	 16.400538 	 16.400538
   48 	 0.005599 	 16.127289 	 16.400538
   49 	 0.002328 	 15.853931 	 16.400538
   50 	 0.009095 	 16.127347 	 16.400538
   51 	 16.400538 	 16.400538 	 16.400538
   52 	 16.400538 	 16.400538 	 16.400538
   53 	 16.400538 	 16.400538 	 16.400538
   54 	 16.400538 	 16.400538 	 16.400538
   55 	 0.186696 	 16.130307 	 16.400538
   56 	 16.400538 	 16.400538 	 16.400538
   57 	 16.400538 	 16.400538 	 16.400538
   58 	 16.400538 	 16.400538 	 16.400538
   59 	 16.400538 	 16.400538 	 16.400538
   60 	 0.026436 	 16.127636 	 16.400538
   61 	 0.009447 	 16.127353 	 16.400538
   62 	 16.400538 	 16.400538 	 16.400538
   63 	 16.400538 	 16.400538 	 16.400538
   64 	 0.240560 	 16.131205 	 16.400538
   65 	 0.108574 	 16.129005 	 16.400538
   66 	 0.005599 	 16.127289 	 16.400538
   67 	 0.240560 	 16.131205 	 16.400538
   68 	 0.887332 	 15.884215 	 16.400538
   69 	 16.400538 	 16.400538 	 16.400538
   70 	 0.009095 	 16.127347 	 16.400538
   71 	 16.400538 	 16.400538 	 16.400538
   72 	 0.042090 	 16.127897 	 16.400538
   73 	 16.400538 	 16.400538 	 16.400538
   74 	 16.400538 	 16.400538 	 16.400538
   75 	 16.400538 	 16.400538 	 16.400538
   76 	 16.400538 	 16.400538 	 16.400538
   77 	 16.400538 	 16.400538 	 16.400538
   78 	 16.400538 	 16.400538 	 16.400538
   79 	 0.002328 	 15.582517 	 16.400538
 