   0 	 0.000278 	 0.297027 	 16.400538
    1 	 0.002860 	 12.314630 	 16.400538
    2 	 0.005599 	 16.127289 	 16.400538
    3 	 0.009095 	 16.127347 	 16.400538
    4 	 16.400538 	 16.400538 	 16.400538
    5 	 16.400538 	 16.400538 	 16.400538
    6 	 16.400538 	 16.400538 	 16.400538
    7 	 16.400538 	 16.400538 	 16.400538
    8 	 16.400538 	 16.400538 	 16.400538
    9 	 16.400538 	 16.400538 	 16.400538
   10 	 16.400538 	 16.400538 	 16.400538
   11 	 16.400538 	 16.400538 	 16.400538
   12 	 16.400538 	 16.400538 	 16.400538
   13 	 16.400538 	 16.400538 	 16.400538
   14 	 0.042090 	 15.858564 	 16.400538
   15 	 0.108574 	 15.858774 	 16.400538
   16 	 0.186696 	 16.130307 	 16.400538
   17 	 16.400538 	 16.400538 	 16.400538
   18 	 0.026436 	 16.127636 	 16.400538
   19 	 16.400538 	 16.400538 	 16.400538
   20 	 16.400538 	 16.400538 	 16.400538
   21 	 0.009095 	 15.857116 	 16.400538
   22 	 0.005599 	 15.857058 	 16.400538
   23 	 16.400538 	 16.400538 	 16.400538
   24 	 16.400538 	 16.400538 	 16.400538
   25 	 0.108574 	 16.129005 	 16.400538
   26 	 16.400538 	 16.400538 	 16.400538
   27 	 0.005599 	 15.855756 	 16.400538
   28 	 16.400538 	 16.400538 	 16.400538
   29 	 0.005599 	 16.127289 	 16.400538
   30 	 16.400538 	 16.400538 	 16.400538
   31 	 0.026436 	 16.127636 	 16.400538
   32 	 0.009095 	 15.854162 	 16.400538
   33 	 16.400538 	 16.400538 	 16.400538
   34 	 0.186696 	 16.130307 	 16.400538
   35 	 16.400538 	 16.400538 	 16.400538
   36 	 0.009095 	 15.854162 	 16.400538
   37 	 16.400538 	 16.400538 	 16.400538
   38 	 0.009447 	 16.127353 	 16.400538
   39 	 16.400538 	 16.400538 	 16.400538
   40 	 16.400538 	 16.400538 	 16.400538
   41 	 16.400538 	 16.400538 	 16.400538
   42 	 16.400538 	 16.400538 	 16.400538
   43 	 0.042090 	 16.127897 	 16.400538
   44 	 0.002328 	 16.127234 	 16.400538
   45 	 16.400538 	 16.400538 	 16.400538
   46 	 0.026436 	 15.857405 	 16.400538
   47 	 0.186696 	 15.872538 	 16.400538
   48 	 16.400538 	 16.400538 	 16.400538
   49 	 0.002328 	 15.599234 	 16.400538
   50 	 0.108574 	 16.129005 	 16.400538
   51 	 0.005599 	 16.127289 	 16.400538
   52 	 16.400538 	 16.400538 	 16.400538
   53 	 0.934378 	 16.142768 	 16.400538
   54 	 0.005599 	 16.127289 	 16.400538
   55 	 16.400538 	 16.400538 	 16.400538
   56 	 0.026436 	 15.856103 	 16.400538
   57 	 16.400538 	 16.400538 	 16.400538
   58 	 0.108574 	 15.858774 	 16.400538
   59 	 16.400538 	 16.400538 	 16.400538
   60 	 0.009095 	 15.869578 	 16.400538
   61 	 0.934378 	 16.142768 	 16.400538
   62 	 16.400538 	 16.400538 	 16.400538
   63 	 16.400538 	 16.400538 	 16.400538
   64 	 0.186696 	 16.130307 	 16.400538
   65 	 16.400538 	 16.400538 	 16.400538
   66 	 0.934378 	 16.142768 	 16.400538
   67 	 0.002328 	 16.127234 	 16.400538
   68 	 16.400538 	 16.400538 	 16.400538
   69 	 0.934378 	 16.142768 	 16.400538
   70 	 16.400538 	 16.400538 	 16.400538
   71 	 0.186696 	 16.130307 	 16.400538
   72 	 16.400538 	 16.400538 	 16.400538
   73 	 0.240560 	 16.131205 	 16.400538
   74 	 0.005599 	 15.854387 	 16.400538
   75 	 16.400538 	 16.400538 	 16.400538
   76 	 0.009447 	 16.127353 	 16.400538
   77 	 16.400538 	 16.400538 	 16.400538
   78 	 16.400538 	 16.400538 	 16.400538
   79 	 16.400538 	 16.400538 	 16.400538
 