   0 	 0.000267 	 0.072244 	 1.137476
    1 	 0.000565 	 1.091003 	 16.400538
    2 	 0.000789 	 4.496562 	 16.400538
    3 	 0.000992 	 7.776169 	 16.400538
    4 	 0.001409 	 10.702273 	 16.400538
    5 	 0.001409 	 13.132513 	 16.400538
    6 	 16.400538 	 16.400538 	 16.400538
    7 	 0.002328 	 16.127234 	 16.400538
    8 	 0.186696 	 15.872538 	 16.400538
    9 	 0.934378 	 16.142768 	 16.400538
   10 	 0.934378 	 16.142768 	 16.400538
   11 	 0.934378 	 16.142768 	 16.400538
   12 	 16.400538 	 16.400538 	 16.400538
   13 	 0.108574 	 16.129005 	 16.400538
   14 	 0.009095 	 15.855814 	 16.400538
   15 	 16.400538 	 16.400538 	 16.400538
   16 	 16.400538 	 16.400538 	 16.400538
   17 	 0.186696 	 15.860974 	 16.400538
   18 	 16.400538 	 16.400538 	 16.400538
   19 	 0.026436 	 16.127636 	 16.400538
   20 	 16.400538 	 16.400538 	 16.400538
   21 	 0.042090 	 16.127897 	 16.400538
   22 	 0.934378 	 16.142768 	 16.400538
   23 	 16.400538 	 16.400538 	 16.400538
   24 	 16.400538 	 16.400538 	 16.400538
   25 	 0.009447 	 15.855820 	 16.400538
   26 	 16.400538 	 16.400538 	 16.400538
   27 	 16.400538 	 16.400538 	 16.400538
   28 	 16.400538 	 16.400538 	 16.400538
   29 	 0.186696 	 16.130307 	 16.400538
   30 	 0.009447 	 16.127353 	 16.400538
   31 	 16.400538 	 16.400538 	 16.400538
   32 	 0.002328 	 16.127234 	 16.400538
   33 	 0.186696 	 16.130307 	 16.400538
   34 	 0.240560 	 16.131205 	 16.400538
   35 	 16.400538 	 16.400538 	 16.400538
   36 	 16.400538 	 16.400538 	 16.400538
   37 	 16.400538 	 16.400538 	 16.400538
   38 	 0.009447 	 15.854168 	 16.400538
   39 	 16.400538 	 16.400538 	 16.400538
   40 	 16.400538 	 16.400538 	 16.400538
   41 	 0.026436 	 15.857405 	 16.400538
   42 	 16.400538 	 16.400538 	 16.400538
   43 	 16.400538 	 16.400538 	 16.400538
   44 	 0.934378 	 16.142768 	 16.400538
   45 	 0.009095 	 16.127347 	 16.400538
   46 	 16.400538 	 16.400538 	 16.400538
   47 	 0.186696 	 16.130307 	 16.400538
   48 	 0.005599 	 15.854387 	 16.400538
   49 	 0.186696 	 16.130307 	 16.400538
   50 	 16.400538 	 16.400538 	 16.400538
   51 	 0.009095 	 15.857116 	 16.400538
   52 	 0.009447 	 16.127353 	 16.400538
   53 	 16.400538 	 16.400538 	 16.400538
   54 	 16.400538 	 16.400538 	 16.400538
   55 	 0.026436 	 15.855583 	 16.400538
   56 	 16.400538 	 16.400538 	 16.400538
   57 	 16.400538 	 16.400538 	 16.400538
   58 	 0.026436 	 16.127636 	 16.400538
   59 	 16.400538 	 16.400538 	 16.400538
   60 	 0.009095 	 15.855968 	 16.400538
   61 	 16.400538 	 16.400538 	 16.400538
   62 	 0.002328 	 16.127234 	 16.400538
   63 	 0.186696 	 16.130307 	 16.400538
   64 	 0.026436 	 16.127636 	 16.400538
   65 	 16.400538 	 16.400538 	 16.400538
   66 	 16.400538 	 16.400538 	 16.400538
   67 	 0.042090 	 16.127897 	 16.400538
   68 	 16.400538 	 16.400538 	 16.400538
   69 	 0.186696 	 16.130307 	 16.400538
   70 	 0.005599 	 16.127289 	 16.400538
   71 	 16.400538 	 16.400538 	 16.400538
   72 	 16.400538 	 16.400538 	 16.400538
   73 	 0.009095 	 16.127347 	 16.400538
   74 	 16.400538 	 16.400538 	 16.400538
   75 	 0.186696 	 15.872538 	 16.400538
   76 	 0.240560 	 16.131205 	 16.400538
   77 	 16.400538 	 16.400538 	 16.400538
   78 	 0.026436 	 16.127636 	 16.400538
   79 	 0.005599 	 16.127289 	 16.400538
 