   0 	 0.000426 	 0.330894 	 16.400538
    1 	 0.003415 	 12.356234 	 16.400538
    2 	 16.400538 	 16.400538 	 16.400538
    3 	 16.400538 	 16.400538 	 16.400538
    4 	 0.934378 	 16.142768 	 16.400538
    5 	 16.400538 	 16.400538 	 16.400538
    6 	 0.186696 	 16.130307 	 16.400538
    7 	 0.108574 	 16.129005 	 16.400538
    8 	 16.400538 	 16.400538 	 16.400538
    9 	 0.005599 	 16.127289 	 16.400538
   10 	 0.005599 	 16.127289 	 16.400538
   11 	 0.026436 	 15.858303 	 16.400538
   12 	 16.400538 	 16.400538 	 16.400538
   13 	 16.400538 	 16.400538 	 16.400538
   14 	 0.042090 	 16.127897 	 16.400538
   15 	 16.400538 	 16.400538 	 16.400538
   16 	 16.400538 	 16.400538 	 16.400538
   17 	 16.400538 	 16.400538 	 16.400538
   18 	 16.400538 	 16.400538 	 16.400538
   19 	 16.400538 	 16.400538 	 16.400538
   20 	 0.026436 	 16.127636 	 16.400538
   21 	 16.400538 	 16.400538 	 16.400538
   22 	 16.400538 	 16.400538 	 16.400538
   23 	 16.400538 	 16.400538 	 16.400538
   24 	 16.400538 	 16.400538 	 16.400538
   25 	 16.400538 	 16.400538 	 16.400538
   26 	 0.042090 	 16.127897 	 16.400538
   27 	 0.186696 	 15.872538 	 16.400538
   28 	 16.400538 	 16.400538 	 16.400538
   29 	 0.042090 	 15.858564 	 16.400538
   30 	 16.400538 	 16.400538 	 16.400538
   31 	 16.400538 	 16.400538 	 16.400538
   32 	 16.400538 	 16.400538 	 16.400538
   33 	 16.400538 	 16.400538 	 16.400538
   34 	 0.009447 	 16.127353 	 16.400538
   35 	 16.400538 	 16.400538 	 16.400538
   36 	 0.009095 	 15.855814 	 16.400538
   37 	 0.108574 	 15.857472 	 16.400538
   38 	 16.400538 	 16.400538 	 16.400538
   39 	 0.186696 	 15.860076 	 16.400538
   40 	 0.108574 	 15.871236 	 16.400538
   41 	 16.400538 	 16.400538 	 16.400538
   42 	 16.400538 	 16.400538 	 16.400538
   43 	 0.042090 	 15.855256 	 16.400538
   44 	 0.009095 	 16.127347 	 16.400538
   45 	 0.009095 	 15.326706 	 16.400538
   46 	 0.934378 	 16.142768 	 16.400538
   47 	 16.400538 	 16.400538 	 16.400538
   48 	 16.400538 	 16.400538 	 16.400538
   49 	 0.026436 	 15.856103 	 16.400538
   50 	 0.009447 	 16.127353 	 16.400538
   51 	 16.400538 	 16.400538 	 16.400538
   52 	 0.186696 	 16.130307 	 16.400538
   53 	 0.240560 	 15.861872 	 16.400538
   54 	 0.005599 	 15.857956 	 16.400538
   55 	 16.400538 	 16.400538 	 16.400538
   56 	 16.400538 	 16.400538 	 16.400538
   57 	 0.934378 	 16.142768 	 16.400538
   58 	 16.400538 	 16.400538 	 16.400538
   59 	 0.934378 	 16.142768 	 16.400538
   60 	 16.400538 	 16.400538 	 16.400538
   61 	 16.400538 	 16.400538 	 16.400538
   62 	 16.400538 	 16.400538 	 16.400538
   63 	 16.400538 	 16.400538 	 16.400538
   64 	 16.400538 	 16.400538 	 16.400538
   65 	 0.009095 	 16.127347 	 16.400538
   66 	 16.400538 	 16.400538 	 16.400538
   67 	 16.400538 	 16.400538 	 16.400538
   68 	 16.400538 	 16.400538 	 16.400538
   69 	 0.240560 	 16.131205 	 16.400538
   70 	 16.400538 	 16.400538 	 16.400538
   71 	 0.934378 	 16.142768 	 16.400538
   72 	 0.005599 	 16.127289 	 16.400538
   73 	 0.009447 	 16.127353 	 16.400538
   74 	 0.005599 	 15.857058 	 16.400538
   75 	 16.400538 	 16.400538 	 16.400538
   76 	 0.009095 	 16.127347 	 16.400538
   77 	 16.400538 	 16.400538 	 16.400538
   78 	 16.400538 	 16.400538 	 16.400538
   79 	 16.400538 	 16.400538 	 16.400538
 