   0 	 0.000348 	 0.036930 	 0.511952
    1 	 0.001587 	 0.253787 	 1.059646
    2 	 0.001043 	 0.303797 	 0.511952
    3 	 0.001433 	 0.389296 	 0.511952
    4 	 0.001419 	 0.387981 	 0.511952
    5 	 0.011256 	 0.403714 	 0.511952
    6 	 0.001433 	 0.405673 	 0.511952
    7 	 0.000789 	 0.419583 	 0.511952
    8 	 0.001051 	 0.430623 	 0.511952
    9 	 0.020353 	 0.462786 	 0.511952
   10 	 0.000784 	 0.468141 	 0.511952
   11 	 0.124078 	 0.494923 	 0.511952
   12 	 0.124078 	 0.495229 	 0.511952
   13 	 0.397109 	 0.510038 	 0.511952
   14 	 0.511952 	 0.511952 	 0.511952
   15 	 0.511952 	 0.511952 	 0.511952
   16 	 0.511952 	 0.511952 	 0.511952
   17 	 0.020353 	 0.503758 	 0.511952
   18 	 0.244762 	 0.507498 	 0.511952
   19 	 0.511952 	 0.511952 	 0.511952
   20 	 0.002860 	 0.486497 	 0.511952
   21 	 0.511952 	 0.511952 	 0.511952
   22 	 0.511952 	 0.511952 	 0.511952
   23 	 0.511952 	 0.511952 	 0.511952
   24 	 0.002329 	 0.503458 	 0.511952
   25 	 0.511952 	 0.511952 	 0.511952
   26 	 0.002860 	 0.503467 	 0.511952
   27 	 0.511952 	 0.511952 	 0.511952
   28 	 0.001433 	 0.498986 	 0.511952
   29 	 0.002860 	 0.495273 	 0.511952
   30 	 0.020353 	 0.495862 	 0.511952
   31 	 0.002860 	 0.503467 	 0.511952
   32 	 0.133142 	 0.505638 	 0.511952
   33 	 0.002329 	 0.495562 	 0.511952
   34 	 0.511952 	 0.511952 	 0.511952
   35 	 0.511952 	 0.511952 	 0.511952
   36 	 0.511952 	 0.511952 	 0.511952
   37 	 0.001433 	 0.495547 	 0.511952
   38 	 0.397109 	 0.510038 	 0.511952
   39 	 0.244762 	 0.505584 	 0.511952
   40 	 0.397109 	 0.510038 	 0.511952
   41 	 0.397109 	 0.510038 	 0.511952
   42 	 0.133142 	 0.501810 	 0.511952
   43 	 0.133142 	 0.501810 	 0.511952
   44 	 0.397109 	 0.508123 	 0.511952
   45 	 0.397109 	 0.508123 	 0.511952
   46 	 0.002329 	 0.495802 	 0.511952
   47 	 0.397109 	 0.504295 	 0.511952
   48 	 0.397109 	 0.500467 	 0.511952
   49 	 0.397109 	 0.506209 	 0.511952
   50 	 0.397109 	 0.510038 	 0.511952
   51 	 0.511952 	 0.511952 	 0.511952
   52 	 0.001433 	 0.498986 	 0.511952
   53 	 0.038204 	 0.504056 	 0.511952
   54 	 0.038204 	 0.502142 	 0.511952
   55 	 0.397109 	 0.510038 	 0.511952
   56 	 0.133142 	 0.503724 	 0.511952
   57 	 0.001433 	 0.491422 	 0.511952
   58 	 0.244512 	 0.505580 	 0.511952
   59 	 0.133142 	 0.503724 	 0.511952
   60 	 0.397109 	 0.506209 	 0.511952
   61 	 0.002329 	 0.503458 	 0.511952
   62 	 0.511952 	 0.511952 	 0.511952
   63 	 0.511952 	 0.511952 	 0.511952
   64 	 0.511952 	 0.511952 	 0.511952
   65 	 0.244762 	 0.507498 	 0.511952
   66 	 0.244762 	 0.507498 	 0.511952
   67 	 0.244762 	 0.507498 	 0.511952
   68 	 0.009725 	 0.503581 	 0.511952
   69 	 0.511952 	 0.511952 	 0.511952
   70 	 0.511952 	 0.511952 	 0.511952
   71 	 0.511952 	 0.511952 	 0.511952
   72 	 0.511952 	 0.511952 	 0.511952
   73 	 0.020353 	 0.503758 	 0.511952
   74 	 0.511952 	 0.511952 	 0.511952
   75 	 0.038204 	 0.497742 	 0.511952
   76 	 0.511952 	 0.511952 	 0.511952
   77 	 0.511952 	 0.511952 	 0.511952
   78 	 0.511952 	 0.511952 	 0.511952
   79 	 0.511952 	 0.511952 	 0.511952
 