   0 	 -1.000000 	 6.636188 	 100.000000
    1 	 -0.250000 	 90.019702 	 100.000000
    2 	 -1.000000 	 89.966667 	 100.000000
    3 	 -1.000000 	 90.002778 	 100.000000
    4 	 -1.000000 	 89.999167 	 100.000000
    5 	 -1.000000 	 73.366111 	 100.000000
    6 	 -0.500000 	 95.016667 	 100.000000
    7 	 -0.250000 	 93.366667 	 100.000000
    8 	 -1.000000 	 93.341667 	 100.000000
    9 	 -1.000000 	 86.657778 	 100.000000
   10 	 -1.000000 	 91.683333 	 100.000000
   11 	 -0.250000 	 96.668056 	 100.000000
   12 	 -0.200000 	 93.334722 	 100.000000
   13 	 100.000000 	 100.000000 	 100.000000
   14 	 -1.000000 	 86.666667 	 100.000000
   15 	 -0.250000 	 96.665833 	 100.000000
   16 	 -1.000000 	 91.652778 	 100.000000
   17 	 -0.500000 	 96.666667 	 100.000000
   18 	 -1.000000 	 79.970833 	 100.000000
   19 	 -0.142857 	 96.666667 	 100.000000
   20 	 -0.500000 	 96.666667 	 100.000000
   21 	 -0.333333 	 91.675397 	 100.000000
   22 	 -0.500000 	 83.330556 	 100.000000
   23 	 -0.500000 	 93.333333 	 100.000000
   24 	 -1.000000 	 90.001389 	 100.000000
   25 	 -0.500000 	 90.000000 	 100.000000
   26 	 -1.000000 	 84.983333 	 100.000000
   27 	 -1.000000 	 78.316667 	 100.000000
   28 	 -0.500000 	 90.000000 	 100.000000
   29 	 -0.333333 	 93.333333 	 100.000000
   30 	 -1.000000 	 90.000000 	 100.000000
   31 	 -0.500000 	 91.658333 	 100.000000
   32 	 -0.500000 	 86.716667 	 100.000000
   33 	 -1.000000 	 91.650000 	 100.000000
   34 	 -0.333333 	 95.019444 	 100.000000
   35 	 -1.000000 	 83.331944 	 100.000000
   36 	 -1.000000 	 81.683889 	 100.000000
   37 	 -0.200000 	 96.667500 	 100.000000
   38 	 -1.000000 	 76.663889 	 100.000000
   39 	 -0.500000 	 90.000000 	 100.000000
   40 	 -0.333333 	 89.998056 	 100.000000
   41 	 -1.000000 	 86.666667 	 100.000000
   42 	 -1.000000 	 93.331944 	 100.000000
   43 	 100.000000 	 100.000000 	 100.000000
   44 	 -0.333333 	 93.333333 	 100.000000
   45 	 100.000000 	 100.000000 	 100.000000
   46 	 -1.000000 	 93.333333 	 100.000000
   47 	 100.000000 	 100.000000 	 100.000000
   48 	 100.000000 	 100.000000 	 100.000000
   49 	 100.000000 	 100.000000 	 100.000000
   50 	 1.000000 	 98.350000 	 100.000000
   51 	 100.000000 	 100.000000 	 100.000000
   52 	 100.000000 	 100.000000 	 100.000000
   53 	 100.000000 	 100.000000 	 100.000000
   54 	 100.000000 	 100.000000 	 100.000000
   55 	 100.000000 	 100.000000 	 100.000000
   56 	 100.000000 	 100.000000 	 100.000000
   57 	 100.000000 	 100.000000 	 100.000000
   58 	 100.000000 	 100.000000 	 100.000000
   59 	 100.000000 	 100.000000 	 100.000000
   60 	 1.000000 	 98.350000 	 100.000000
   61 	 100.000000 	 100.000000 	 100.000000
   62 	 100.000000 	 100.000000 	 100.000000
   63 	 100.000000 	 100.000000 	 100.000000
   64 	 100.000000 	 100.000000 	 100.000000
   65 	 0.333333 	 98.338889 	 100.000000
   66 	 100.000000 	 100.000000 	 100.000000
   67 	 100.000000 	 100.000000 	 100.000000
   68 	 100.000000 	 100.000000 	 100.000000
   69 	 100.000000 	 100.000000 	 100.000000
   70 	 100.000000 	 100.000000 	 100.000000
   71 	 100.000000 	 100.000000 	 100.000000
   72 	 100.000000 	 100.000000 	 100.000000
   73 	 100.000000 	 100.000000 	 100.000000
   74 	 100.000000 	 100.000000 	 100.000000
   75 	 100.000000 	 100.000000 	 100.000000
   76 	 100.000000 	 100.000000 	 100.000000
   77 	 100.000000 	 100.000000 	 100.000000
   78 	 100.000000 	 100.000000 	 100.000000
   79 	 -0.250000 	 98.329167 	 100.000000
 