   0 	 -1.000000 	 3.240596 	 100.000000
    1 	 -1.000000 	 96.666667 	 100.000000
    2 	 -1.000000 	 86.658333 	 100.000000
    3 	 -1.000000 	 90.000000 	 100.000000
    4 	 -0.500000 	 89.997222 	 100.000000
    5 	 -1.000000 	 90.000000 	 100.000000
    6 	 -1.000000 	 90.000000 	 100.000000
    7 	 -1.000000 	 93.333333 	 100.000000
    8 	 -1.000000 	 88.350000 	 100.000000
    9 	 -1.000000 	 90.000000 	 100.000000
   10 	 -1.000000 	 90.000000 	 100.000000
   11 	 -1.000000 	 86.658333 	 100.000000
   12 	 -1.000000 	 73.331944 	 100.000000
   13 	 -0.333333 	 96.666667 	 100.000000
   14 	 100.000000 	 100.000000 	 100.000000
   15 	 -1.000000 	 96.666667 	 100.000000
   16 	 -1.000000 	 96.666667 	 100.000000
   17 	 -1.000000 	 96.658333 	 100.000000
   18 	 -1.000000 	 93.333333 	 100.000000
   19 	 -0.200000 	 96.666667 	 100.000000
   20 	 -0.250000 	 96.666667 	 100.000000
   21 	 -1.000000 	 83.331944 	 100.000000
   22 	 -1.000000 	 93.333333 	 100.000000
   23 	 -1.000000 	 96.666667 	 100.000000
   24 	 100.000000 	 100.000000 	 100.000000
   25 	 -0.500000 	 96.666667 	 100.000000
   26 	 100.000000 	 100.000000 	 100.000000
   27 	 -0.500000 	 96.663889 	 100.000000
   28 	 -1.000000 	 96.666667 	 100.000000
   29 	 -0.500000 	 94.995833 	 100.000000
   30 	 -1.000000 	 96.666667 	 100.000000
   31 	 100.000000 	 100.000000 	 100.000000
   32 	 100.000000 	 100.000000 	 100.000000
   33 	 100.000000 	 100.000000 	 100.000000
   34 	 100.000000 	 100.000000 	 100.000000
   35 	 -1.000000 	 93.333333 	 100.000000
   36 	 -0.333333 	 94.994444 	 100.000000
   37 	 -0.500000 	 96.666667 	 100.000000
   38 	 100.000000 	 100.000000 	 100.000000
   39 	 -1.000000 	 96.658333 	 100.000000
   40 	 -0.166667 	 96.666667 	 100.000000
   41 	 100.000000 	 100.000000 	 100.000000
   42 	 100.000000 	 100.000000 	 100.000000
   43 	 100.000000 	 100.000000 	 100.000000
   44 	 100.000000 	 100.000000 	 100.000000
   45 	 100.000000 	 100.000000 	 100.000000
   46 	 100.000000 	 100.000000 	 100.000000
   47 	 100.000000 	 100.000000 	 100.000000
   48 	 100.000000 	 100.000000 	 100.000000
   49 	 100.000000 	 100.000000 	 100.000000
   50 	 100.000000 	 100.000000 	 100.000000
   51 	 100.000000 	 100.000000 	 100.000000
   52 	 100.000000 	 100.000000 	 100.000000
   53 	 100.000000 	 100.000000 	 100.000000
   54 	 -1.000000 	 98.316667 	 100.000000
   55 	 100.000000 	 100.000000 	 100.000000
   56 	 100.000000 	 100.000000 	 100.000000
   57 	 100.000000 	 100.000000 	 100.000000
   58 	 100.000000 	 100.000000 	 100.000000
   59 	 100.000000 	 100.000000 	 100.000000
   60 	 100.000000 	 100.000000 	 100.000000
   61 	 1.000000 	 98.350000 	 100.000000
   62 	 100.000000 	 100.000000 	 100.000000
   63 	 100.000000 	 100.000000 	 100.000000
   64 	 100.000000 	 100.000000 	 100.000000
   65 	 100.000000 	 100.000000 	 100.000000
   66 	 100.000000 	 100.000000 	 100.000000
   67 	 1.000000 	 98.350000 	 100.000000
   68 	 100.000000 	 100.000000 	 100.000000
   69 	 100.000000 	 100.000000 	 100.000000
   70 	 100.000000 	 100.000000 	 100.000000
   71 	 100.000000 	 100.000000 	 100.000000
   72 	 100.000000 	 100.000000 	 100.000000
   73 	 100.000000 	 100.000000 	 100.000000
   74 	 100.000000 	 100.000000 	 100.000000
   75 	 100.000000 	 100.000000 	 100.000000
   76 	 100.000000 	 100.000000 	 100.000000
   77 	 100.000000 	 100.000000 	 100.000000
   78 	 100.000000 	 100.000000 	 100.000000
   79 	 100.000000 	 100.000000 	 100.000000
 