   0 	 -1.000000 	 4.960807 	 100.000000
    1 	 1.000000 	 98.350000 	 100.000000
    2 	 -1.000000 	 86.675000 	 100.000000
    3 	 -1.000000 	 83.302222 	 100.000000
    4 	 -1.000000 	 81.673611 	 100.000000
    5 	 -0.500000 	 93.333333 	 100.000000
    6 	 -1.000000 	 84.987500 	 100.000000
    7 	 -1.000000 	 91.647222 	 100.000000
    8 	 -1.000000 	 86.666667 	 100.000000
    9 	 -0.250000 	 96.666667 	 100.000000
   10 	 -0.200000 	 95.008333 	 100.000000
   11 	 -0.500000 	 86.666667 	 100.000000
   12 	 -1.000000 	 95.016667 	 100.000000
   13 	 -0.500000 	 90.000000 	 100.000000
   14 	 -1.000000 	 90.000000 	 100.000000
   15 	 -1.000000 	 88.316667 	 100.000000
   16 	 -0.500000 	 96.675000 	 100.000000
   17 	 -0.500000 	 90.001389 	 100.000000
   18 	 -0.200000 	 96.666667 	 100.000000
   19 	 -1.000000 	 98.316667 	 100.000000
   20 	 -0.333333 	 90.001389 	 100.000000
   21 	 -0.250000 	 96.666667 	 100.000000
   22 	 -0.500000 	 93.333333 	 100.000000
   23 	 -1.000000 	 96.666667 	 100.000000
   24 	 -0.500000 	 86.666667 	 100.000000
   25 	 -1.000000 	 93.333333 	 100.000000
   26 	 -0.333333 	 98.327778 	 100.000000
   27 	 -0.500000 	 83.338889 	 100.000000
   28 	 -1.000000 	 88.338889 	 100.000000
   29 	 -0.333333 	 96.666667 	 100.000000
   30 	 -1.000000 	 90.000000 	 100.000000
   31 	 -1.000000 	 86.666667 	 100.000000
   32 	 -1.000000 	 88.350000 	 100.000000
   33 	 -1.000000 	 93.333333 	 100.000000
   34 	 -1.000000 	 91.663452 	 100.000000
   35 	 -1.000000 	 96.658333 	 100.000000
   36 	 -0.250000 	 96.668056 	 100.000000
   37 	 -0.250000 	 96.666667 	 100.000000
   38 	 -1.000000 	 93.333333 	 100.000000
   39 	 100.000000 	 100.000000 	 100.000000
   40 	 -0.500000 	 95.013889 	 100.000000
   41 	 -0.500000 	 80.000000 	 100.000000
   42 	 -0.500000 	 86.668056 	 100.000000
   43 	 -0.500000 	 91.675000 	 100.000000
   44 	 -0.333333 	 93.333333 	 100.000000
   45 	 -0.500000 	 90.000000 	 100.000000
   46 	 -0.500000 	 93.330556 	 100.000000
   47 	 -0.500000 	 88.322222 	 100.000000
   48 	 -0.250000 	 96.666667 	 100.000000
   49 	 -1.000000 	 90.000000 	 100.000000
   50 	 -0.200000 	 96.666667 	 100.000000
   51 	 -0.500000 	 93.333333 	 100.000000
   52 	 -0.333333 	 90.001389 	 100.000000
   53 	 -0.500000 	 93.333333 	 100.000000
   54 	 -0.500000 	 93.333333 	 100.000000
   55 	 -1.000000 	 91.650000 	 100.000000
   56 	 -0.500000 	 93.333333 	 100.000000
   57 	 -0.333333 	 93.333333 	 100.000000
   58 	 -0.500000 	 96.666667 	 100.000000
   59 	 -0.142857 	 96.667063 	 100.000000
   60 	 -0.200000 	 93.333333 	 100.000000
   61 	 -0.500000 	 96.666667 	 100.000000
   62 	 -0.500000 	 83.333333 	 100.000000
   63 	 -1.000000 	 91.670000 	 100.000000
   64 	 -0.333333 	 85.005556 	 100.000000
   65 	 -0.500000 	 90.000000 	 100.000000
   66 	 -0.500000 	 86.667500 	 100.000000
   67 	 -0.333333 	 96.666667 	 100.000000
   68 	 -0.500000 	 90.000000 	 100.000000
   69 	 100.000000 	 100.000000 	 100.000000
   70 	 100.000000 	 100.000000 	 100.000000
   71 	 -1.000000 	 93.334722 	 100.000000
   72 	 100.000000 	 100.000000 	 100.000000
   73 	 -0.142857 	 96.666667 	 100.000000
   74 	 -0.500000 	 93.334722 	 100.000000
   75 	 100.000000 	 100.000000 	 100.000000
   76 	 -1.000000 	 96.666667 	 100.000000
   77 	 -0.250000 	 96.668056 	 100.000000
   78 	 100.000000 	 100.000000 	 100.000000
   79 	 100.000000 	 100.000000 	 100.000000
 