   0 	 -1.000000 	 6.700031 	 100.000000
    1 	 -0.500000 	 85.041667 	 100.000000
    2 	 -0.200000 	 93.334167 	 100.000000
    3 	 -1.000000 	 93.325000 	 100.000000
    4 	 -1.000000 	 91.661111 	 100.000000
    5 	 -1.000000 	 86.663889 	 100.000000
    6 	 -0.250000 	 93.333333 	 100.000000
    7 	 -1.000000 	 78.341667 	 100.000000
    8 	 -0.500000 	 76.667520 	 100.000000
    9 	 -0.333333 	 93.333889 	 100.000000
   10 	 -0.500000 	 93.333333 	 100.000000
   11 	 -1.000000 	 91.650000 	 100.000000
   12 	 -1.000000 	 94.986111 	 100.000000
   13 	 -0.500000 	 83.335000 	 100.000000
   14 	 -0.500000 	 93.334167 	 100.000000
   15 	 -0.333333 	 90.000000 	 100.000000
   16 	 -1.000000 	 83.300000 	 100.000000
   17 	 -0.250000 	 96.666667 	 100.000000
   18 	 -0.500000 	 83.346667 	 100.000000
   19 	 -1.000000 	 88.325000 	 100.000000
   20 	 -1.000000 	 96.666667 	 100.000000
   21 	 -1.000000 	 83.336111 	 100.000000
   22 	 -1.000000 	 93.333730 	 100.000000
   23 	 -0.250000 	 93.333333 	 100.000000
   24 	 -1.000000 	 93.300000 	 100.000000
   25 	 100.000000 	 100.000000 	 100.000000
   26 	 -1.000000 	 98.316667 	 100.000000
   27 	 -1.000000 	 93.333889 	 100.000000
   28 	 -0.250000 	 96.666667 	 100.000000
   29 	 100.000000 	 100.000000 	 100.000000
   30 	 -0.500000 	 96.666667 	 100.000000
   31 	 -0.333333 	 96.666667 	 100.000000
   32 	 -0.333333 	 93.333333 	 100.000000
   33 	 100.000000 	 100.000000 	 100.000000
   34 	 -0.500000 	 96.663889 	 100.000000
   35 	 -1.000000 	 86.666667 	 100.000000
   36 	 0.333333 	 98.338889 	 100.000000
   37 	 100.000000 	 100.000000 	 100.000000
   38 	 -1.000000 	 98.316667 	 100.000000
   39 	 100.000000 	 100.000000 	 100.000000
   40 	 -1.000000 	 98.316667 	 100.000000
   41 	 100.000000 	 100.000000 	 100.000000
   42 	 100.000000 	 100.000000 	 100.000000
   43 	 100.000000 	 100.000000 	 100.000000
   44 	 100.000000 	 100.000000 	 100.000000
   45 	 100.000000 	 100.000000 	 100.000000
   46 	 100.000000 	 100.000000 	 100.000000
   47 	 100.000000 	 100.000000 	 100.000000
   48 	 100.000000 	 100.000000 	 100.000000
   49 	 100.000000 	 100.000000 	 100.000000
   50 	 100.000000 	 100.000000 	 100.000000
   51 	 100.000000 	 100.000000 	 100.000000
   52 	 100.000000 	 100.000000 	 100.000000
   53 	 100.000000 	 100.000000 	 100.000000
   54 	 100.000000 	 100.000000 	 100.000000
   55 	 100.000000 	 100.000000 	 100.000000
   56 	 100.000000 	 100.000000 	 100.000000
   57 	 100.000000 	 100.000000 	 100.000000
   58 	 100.000000 	 100.000000 	 100.000000
   59 	 100.000000 	 100.000000 	 100.000000
   60 	 100.000000 	 100.000000 	 100.000000
   61 	 100.000000 	 100.000000 	 100.000000
   62 	 100.000000 	 100.000000 	 100.000000
   63 	 100.000000 	 100.000000 	 100.000000
   64 	 100.000000 	 100.000000 	 100.000000
   65 	 100.000000 	 100.000000 	 100.000000
   66 	 100.000000 	 100.000000 	 100.000000
   67 	 100.000000 	 100.000000 	 100.000000
   68 	 100.000000 	 100.000000 	 100.000000
   69 	 100.000000 	 100.000000 	 100.000000
   70 	 100.000000 	 100.000000 	 100.000000
   71 	 100.000000 	 100.000000 	 100.000000
   72 	 100.000000 	 100.000000 	 100.000000
   73 	 100.000000 	 100.000000 	 100.000000
   74 	 100.000000 	 100.000000 	 100.000000
   75 	 100.000000 	 100.000000 	 100.000000
   76 	 100.000000 	 100.000000 	 100.000000
   77 	 100.000000 	 100.000000 	 100.000000
   78 	 100.000000 	 100.000000 	 100.000000
   79 	 100.000000 	 100.000000 	 100.000000
 