   0 	 -1.000000 	 6.704131 	 100.000000
    1 	 -0.500000 	 88.350000 	 100.000000
    2 	 -0.500000 	 86.666898 	 100.000000
    3 	 -0.333333 	 90.000000 	 100.000000
    4 	 -0.500000 	 96.666667 	 100.000000
    5 	 -1.000000 	 80.000231 	 100.000000
    6 	 -0.500000 	 90.036111 	 100.000000
    7 	 -1.000000 	 83.342063 	 100.000000
    8 	 -1.000000 	 83.325000 	 100.000000
    9 	 -1.000000 	 98.316667 	 100.000000
   10 	 -0.500000 	 96.663889 	 100.000000
   11 	 -1.000000 	 90.033333 	 100.000000
   12 	 -1.000000 	 86.666667 	 100.000000
   13 	 -0.250000 	 96.666667 	 100.000000
   14 	 -1.000000 	 98.316667 	 100.000000
   15 	 -1.000000 	 79.990278 	 100.000000
   16 	 -0.500000 	 79.996429 	 100.000000
   17 	 -1.000000 	 91.652778 	 100.000000
   18 	 -0.500000 	 93.333333 	 100.000000
   19 	 -1.000000 	 76.666667 	 100.000000
   20 	 -0.250000 	 96.666667 	 100.000000
   21 	 -0.200000 	 93.333611 	 100.000000
   22 	 -0.500000 	 90.000833 	 100.000000
   23 	 -0.111111 	 95.016898 	 100.000000
   24 	 -0.500000 	 96.666667 	 100.000000
   25 	 -1.000000 	 94.983333 	 100.000000
   26 	 -0.250000 	 93.334722 	 100.000000
   27 	 -0.200000 	 96.667500 	 100.000000
   28 	 100.000000 	 100.000000 	 100.000000
   29 	 100.000000 	 100.000000 	 100.000000
   30 	 100.000000 	 100.000000 	 100.000000
   31 	 100.000000 	 100.000000 	 100.000000
   32 	 -0.500000 	 96.666667 	 100.000000
   33 	 -0.500000 	 91.686111 	 100.000000
   34 	 -0.500000 	 96.666667 	 100.000000
   35 	 100.000000 	 100.000000 	 100.000000
   36 	 100.000000 	 100.000000 	 100.000000
   37 	 100.000000 	 100.000000 	 100.000000
   38 	 100.000000 	 100.000000 	 100.000000
   39 	 100.000000 	 100.000000 	 100.000000
   40 	 -0.333333 	 96.669444 	 100.000000
   41 	 -0.200000 	 96.667500 	 100.000000
   42 	 -0.500000 	 96.675000 	 100.000000
   43 	 100.000000 	 100.000000 	 100.000000
   44 	 0.250000 	 98.337500 	 100.000000
   45 	 100.000000 	 100.000000 	 100.000000
   46 	 100.000000 	 100.000000 	 100.000000
   47 	 -0.500000 	 93.334167 	 100.000000
   48 	 100.000000 	 100.000000 	 100.000000
   49 	 100.000000 	 100.000000 	 100.000000
   50 	 100.000000 	 100.000000 	 100.000000
   51 	 100.000000 	 100.000000 	 100.000000
   52 	 100.000000 	 100.000000 	 100.000000
   53 	 100.000000 	 100.000000 	 100.000000
   54 	 100.000000 	 100.000000 	 100.000000
   55 	 100.000000 	 100.000000 	 100.000000
   56 	 100.000000 	 100.000000 	 100.000000
   57 	 100.000000 	 100.000000 	 100.000000
   58 	 100.000000 	 100.000000 	 100.000000
   59 	 100.000000 	 100.000000 	 100.000000
   60 	 100.000000 	 100.000000 	 100.000000
   61 	 100.000000 	 100.000000 	 100.000000
   62 	 100.000000 	 100.000000 	 100.000000
   63 	 100.000000 	 100.000000 	 100.000000
   64 	 100.000000 	 100.000000 	 100.000000
   65 	 100.000000 	 100.000000 	 100.000000
   66 	 100.000000 	 100.000000 	 100.000000
   67 	 100.000000 	 100.000000 	 100.000000
   68 	 100.000000 	 100.000000 	 100.000000
   69 	 100.000000 	 100.000000 	 100.000000
   70 	 100.000000 	 100.000000 	 100.000000
   71 	 100.000000 	 100.000000 	 100.000000
   72 	 100.000000 	 100.000000 	 100.000000
   73 	 100.000000 	 100.000000 	 100.000000
   74 	 100.000000 	 100.000000 	 100.000000
   75 	 100.000000 	 100.000000 	 100.000000
   76 	 100.000000 	 100.000000 	 100.000000
   77 	 100.000000 	 100.000000 	 100.000000
   78 	 100.000000 	 100.000000 	 100.000000
   79 	 100.000000 	 100.000000 	 100.000000
 