   0 	 -1.000000 	 8.240952 	 100.000000
    1 	 -0.200000 	 88.338730 	 100.000000
    2 	 -0.500000 	 90.007778 	 100.000000
    3 	 -1.000000 	 78.341369 	 100.000000
    4 	 -1.000000 	 83.331944 	 100.000000
    5 	 -1.000000 	 86.656944 	 100.000000
    6 	 -0.333333 	 89.998611 	 100.000000
    7 	 -1.000000 	 93.345833 	 100.000000
    8 	 -0.500000 	 83.334881 	 100.000000
    9 	 -0.333333 	 96.665278 	 100.000000
   10 	 -0.250000 	 96.666667 	 100.000000
   11 	 -0.333333 	 89.998611 	 100.000000
   12 	 -1.000000 	 86.659722 	 100.000000
   13 	 -0.200000 	 93.332778 	 100.000000
   14 	 -1.000000 	 86.675000 	 100.000000
   15 	 -1.000000 	 96.666667 	 100.000000
   16 	 -1.000000 	 78.292500 	 100.000000
   17 	 -1.000000 	 86.659722 	 100.000000
   18 	 -1.000000 	 89.966667 	 100.000000
   19 	 -0.500000 	 86.673611 	 100.000000
   20 	 -1.000000 	 86.667222 	 100.000000
   21 	 -1.000000 	 90.000000 	 100.000000
   22 	 -1.000000 	 86.666667 	 100.000000
   23 	 1.000000 	 98.350000 	 100.000000
   24 	 -1.000000 	 86.666667 	 100.000000
   25 	 1.000000 	 98.350000 	 100.000000
   26 	 100.000000 	 100.000000 	 100.000000
   27 	 -0.500000 	 93.331944 	 100.000000
   28 	 -1.000000 	 83.324167 	 100.000000
   29 	 100.000000 	 100.000000 	 100.000000
   30 	 1.000000 	 98.350000 	 100.000000
   31 	 -0.333333 	 90.000000 	 100.000000
   32 	 1.000000 	 98.350000 	 100.000000
   33 	 1.000000 	 98.350000 	 100.000000
   34 	 100.000000 	 100.000000 	 100.000000
   35 	 100.000000 	 100.000000 	 100.000000
   36 	 100.000000 	 100.000000 	 100.000000
   37 	 100.000000 	 100.000000 	 100.000000
   38 	 100.000000 	 100.000000 	 100.000000
   39 	 -0.200000 	 95.016111 	 100.000000
   40 	 -0.111111 	 96.666481 	 100.000000
   41 	 100.000000 	 100.000000 	 100.000000
   42 	 100.000000 	 100.000000 	 100.000000
   43 	 100.000000 	 100.000000 	 100.000000
   44 	 100.000000 	 100.000000 	 100.000000
   45 	 100.000000 	 100.000000 	 100.000000
   46 	 100.000000 	 100.000000 	 100.000000
   47 	 100.000000 	 100.000000 	 100.000000
   48 	 100.000000 	 100.000000 	 100.000000
   49 	 100.000000 	 100.000000 	 100.000000
   50 	 100.000000 	 100.000000 	 100.000000
   51 	 0.250000 	 98.337500 	 100.000000
   52 	 100.000000 	 100.000000 	 100.000000
   53 	 100.000000 	 100.000000 	 100.000000
   54 	 100.000000 	 100.000000 	 100.000000
   55 	 100.000000 	 100.000000 	 100.000000
   56 	 100.000000 	 100.000000 	 100.000000
   57 	 100.000000 	 100.000000 	 100.000000
   58 	 100.000000 	 100.000000 	 100.000000
   59 	 100.000000 	 100.000000 	 100.000000
   60 	 100.000000 	 100.000000 	 100.000000
   61 	 100.000000 	 100.000000 	 100.000000
   62 	 100.000000 	 100.000000 	 100.000000
   63 	 100.000000 	 100.000000 	 100.000000
   64 	 100.000000 	 100.000000 	 100.000000
   65 	 100.000000 	 100.000000 	 100.000000
   66 	 100.000000 	 100.000000 	 100.000000
   67 	 100.000000 	 100.000000 	 100.000000
   68 	 100.000000 	 100.000000 	 100.000000
   69 	 100.000000 	 100.000000 	 100.000000
   70 	 100.000000 	 100.000000 	 100.000000
   71 	 100.000000 	 100.000000 	 100.000000
   72 	 100.000000 	 100.000000 	 100.000000
   73 	 100.000000 	 100.000000 	 100.000000
   74 	 100.000000 	 100.000000 	 100.000000
   75 	 100.000000 	 100.000000 	 100.000000
   76 	 100.000000 	 100.000000 	 100.000000
   77 	 100.000000 	 100.000000 	 100.000000
   78 	 100.000000 	 100.000000 	 100.000000
   79 	 100.000000 	 100.000000 	 100.000000
 