   0 	 -1.000000 	 11.702652 	 100.000000
    1 	 -1.000000 	 83.323611 	 100.000000
    2 	 -0.500000 	 86.675000 	 100.000000
    3 	 -1.000000 	 93.325000 	 100.000000
    4 	 -1.000000 	 80.008333 	 100.000000
    5 	 -1.000000 	 83.334028 	 100.000000
    6 	 -1.000000 	 81.650000 	 100.000000
    7 	 -1.000000 	 84.982500 	 100.000000
    8 	 -1.000000 	 88.318056 	 100.000000
    9 	 -0.333333 	 86.665278 	 100.000000
   10 	 -1.000000 	 80.002778 	 100.000000
   11 	 -1.000000 	 84.983631 	 100.000000
   12 	 -1.000000 	 88.327778 	 100.000000
   13 	 -1.000000 	 90.008333 	 100.000000
   14 	 -0.500000 	 91.683333 	 100.000000
   15 	 -0.500000 	 89.994444 	 100.000000
   16 	 -0.333333 	 90.000000 	 100.000000
   17 	 -1.000000 	 86.666667 	 100.000000
   18 	 -1.000000 	 86.658631 	 100.000000
   19 	 -1.000000 	 86.658333 	 100.000000
   20 	 -0.125000 	 91.683631 	 100.000000
   21 	 -0.333333 	 89.997778 	 100.000000
   22 	 -1.000000 	 84.983333 	 100.000000
   23 	 1.000000 	 98.350000 	 100.000000
   24 	 -0.500000 	 90.000000 	 100.000000
   25 	 -0.500000 	 91.691667 	 100.000000
   26 	 -0.500000 	 86.663889 	 100.000000
   27 	 -1.000000 	 91.648611 	 100.000000
   28 	 -1.000000 	 96.666667 	 100.000000
   29 	 -0.333333 	 96.666667 	 100.000000
   30 	 -0.500000 	 93.341667 	 100.000000
   31 	 -1.000000 	 90.000000 	 100.000000
   32 	 -0.333333 	 95.019444 	 100.000000
   33 	 -0.500000 	 90.000000 	 100.000000
   34 	 -0.500000 	 90.000833 	 100.000000
   35 	 -0.166667 	 96.667222 	 100.000000
   36 	 -0.333333 	 96.666667 	 100.000000
   37 	 100.000000 	 100.000000 	 100.000000
   38 	 -0.500000 	 93.354167 	 100.000000
   39 	 -1.000000 	 90.000000 	 100.000000
   40 	 -0.333333 	 95.016667 	 100.000000
   41 	 100.000000 	 100.000000 	 100.000000
   42 	 -0.125000 	 96.666964 	 100.000000
   43 	 -1.000000 	 84.983333 	 100.000000
   44 	 -0.333333 	 93.333333 	 100.000000
   45 	 -1.000000 	 96.666667 	 100.000000
   46 	 -1.000000 	 84.972222 	 100.000000
   47 	 -0.333333 	 96.666667 	 100.000000
   48 	 -0.500000 	 93.341667 	 100.000000
   49 	 -1.000000 	 98.316667 	 100.000000
   50 	 -1.000000 	 89.991667 	 100.000000
   51 	 -1.000000 	 96.633333 	 100.000000
   52 	 -1.000000 	 91.650000 	 100.000000
   53 	 -1.000000 	 93.325000 	 100.000000
   54 	 -0.500000 	 91.670833 	 100.000000
   55 	 -0.200000 	 96.666667 	 100.000000
   56 	 -0.500000 	 93.341667 	 100.000000
   57 	 -0.333333 	 96.666667 	 100.000000
   58 	 -0.500000 	 96.675000 	 100.000000
   59 	 -1.000000 	 89.958333 	 100.000000
   60 	 -0.500000 	 96.666667 	 100.000000
   61 	 -1.000000 	 93.325000 	 100.000000
   62 	 -0.250000 	 96.666667 	 100.000000
   63 	 -0.500000 	 93.330556 	 100.000000
   64 	 -1.000000 	 81.657500 	 100.000000
   65 	 -1.000000 	 78.354167 	 100.000000
   66 	 -1.000000 	 88.313889 	 100.000000
   67 	 -1.000000 	 96.666667 	 100.000000
   68 	 -1.000000 	 83.326389 	 100.000000
   69 	 -0.500000 	 93.330556 	 100.000000
   70 	 -1.000000 	 89.993056 	 100.000000
   71 	 -0.500000 	 90.000000 	 100.000000
   72 	 100.000000 	 100.000000 	 100.000000
   73 	 -1.000000 	 88.316667 	 100.000000
   74 	 100.000000 	 100.000000 	 100.000000
   75 	 -1.000000 	 96.666667 	 100.000000
   76 	 100.000000 	 100.000000 	 100.000000
   77 	 -1.000000 	 93.333333 	 100.000000
   78 	 100.000000 	 100.000000 	 100.000000
   79 	 -0.250000 	 93.333333 	 100.000000
 