   0 	 -1.000000 	 11.619648 	 100.000000
    1 	 -1.000000 	 90.000000 	 100.000000
    2 	 -1.000000 	 91.683333 	 100.000000
    3 	 -1.000000 	 81.650000 	 100.000000
    4 	 -0.200000 	 90.001131 	 100.000000
    5 	 -0.500000 	 96.666667 	 100.000000
    6 	 -1.000000 	 83.333333 	 100.000000
    7 	 -0.500000 	 90.000000 	 100.000000
    8 	 -0.500000 	 86.677778 	 100.000000
    9 	 -1.000000 	 83.336111 	 100.000000
   10 	 100.000000 	 100.000000 	 100.000000
   11 	 -0.333333 	 93.333333 	 100.000000
   12 	 -1.000000 	 93.341667 	 100.000000
   13 	 100.000000 	 100.000000 	 100.000000
   14 	 100.000000 	 100.000000 	 100.000000
   15 	 -0.200000 	 96.667500 	 100.000000
   16 	 -0.250000 	 93.334167 	 100.000000
   17 	 100.000000 	 100.000000 	 100.000000
   18 	 100.000000 	 100.000000 	 100.000000
   19 	 1.000000 	 98.350000 	 100.000000
   20 	 -0.250000 	 98.329167 	 100.000000
   21 	 100.000000 	 100.000000 	 100.000000
   22 	 100.000000 	 100.000000 	 100.000000
   23 	 100.000000 	 100.000000 	 100.000000
   24 	 100.000000 	 100.000000 	 100.000000
   25 	 100.000000 	 100.000000 	 100.000000
   26 	 100.000000 	 100.000000 	 100.000000
   27 	 100.000000 	 100.000000 	 100.000000
   28 	 100.000000 	 100.000000 	 100.000000
   29 	 -1.000000 	 94.983333 	 100.000000
   30 	 100.000000 	 100.000000 	 100.000000
   31 	 -1.000000 	 94.986111 	 100.000000
   32 	 100.000000 	 100.000000 	 100.000000
   33 	 -0.333333 	 96.669444 	 100.000000
   34 	 100.000000 	 100.000000 	 100.000000
   35 	 -1.000000 	 96.666667 	 100.000000
   36 	 100.000000 	 100.000000 	 100.000000
   37 	 100.000000 	 100.000000 	 100.000000
   38 	 100.000000 	 100.000000 	 100.000000
   39 	 100.000000 	 100.000000 	 100.000000
   40 	 100.000000 	 100.000000 	 100.000000
   41 	 100.000000 	 100.000000 	 100.000000
   42 	 100.000000 	 100.000000 	 100.000000
   43 	 -0.333333 	 96.669444 	 100.000000
   44 	 100.000000 	 100.000000 	 100.000000
   45 	 100.000000 	 100.000000 	 100.000000
   46 	 -1.000000 	 96.666667 	 100.000000
   47 	 100.000000 	 100.000000 	 100.000000
   48 	 100.000000 	 100.000000 	 100.000000
   49 	 100.000000 	 100.000000 	 100.000000
   50 	 -1.000000 	 98.316667 	 100.000000
   51 	 -1.000000 	 96.666667 	 100.000000
   52 	 -1.000000 	 91.650000 	 100.000000
   53 	 100.000000 	 100.000000 	 100.000000
   54 	 100.000000 	 100.000000 	 100.000000
   55 	 100.000000 	 100.000000 	 100.000000
   56 	 -1.000000 	 96.633333 	 100.000000
   57 	 100.000000 	 100.000000 	 100.000000
   58 	 -1.000000 	 93.333333 	 100.000000
   59 	 -1.000000 	 96.666667 	 100.000000
   60 	 100.000000 	 100.000000 	 100.000000
   61 	 100.000000 	 100.000000 	 100.000000
   62 	 100.000000 	 100.000000 	 100.000000
   63 	 -1.000000 	 96.644444 	 100.000000
   64 	 -1.000000 	 94.983333 	 100.000000
   65 	 100.000000 	 100.000000 	 100.000000
   66 	 100.000000 	 100.000000 	 100.000000
   67 	 -0.333333 	 96.669444 	 100.000000
   68 	 100.000000 	 100.000000 	 100.000000
   69 	 100.000000 	 100.000000 	 100.000000
   70 	 -1.000000 	 94.986111 	 100.000000
   71 	 -1.000000 	 98.316667 	 100.000000
   72 	 100.000000 	 100.000000 	 100.000000
   73 	 -0.250000 	 98.329167 	 100.000000
   74 	 -1.000000 	 98.316667 	 100.000000
   75 	 -1.000000 	 96.666667 	 100.000000
   76 	 -1.000000 	 93.333333 	 100.000000
   77 	 -1.000000 	 93.336111 	 100.000000
   78 	 100.000000 	 100.000000 	 100.000000
   79 	 100.000000 	 100.000000 	 100.000000
 