   0 	 -0.500000 	 13.287078 	 100.000000
    1 	 -1.000000 	 86.666667 	 100.000000
    2 	 -0.500000 	 93.330556 	 100.000000
    3 	 -1.000000 	 86.700000 	 100.000000
    4 	 -0.500000 	 83.327778 	 100.000000
    5 	 100.000000 	 100.000000 	 100.000000
    6 	 -0.500000 	 96.666667 	 100.000000
    7 	 -0.500000 	 93.333333 	 100.000000
    8 	 -1.000000 	 88.325000 	 100.000000
    9 	 -0.500000 	 83.333333 	 100.000000
   10 	 -0.333333 	 96.666667 	 100.000000
   11 	 -0.333333 	 90.001389 	 100.000000
   12 	 -1.000000 	 91.640833 	 100.000000
   13 	 -0.500000 	 80.000397 	 100.000000
   14 	 -1.000000 	 90.025000 	 100.000000
   15 	 -1.000000 	 74.998056 	 100.000000
   16 	 -1.000000 	 86.666667 	 100.000000
   17 	 -1.000000 	 88.350000 	 100.000000
   18 	 -0.500000 	 83.334167 	 100.000000
   19 	 -1.000000 	 91.641667 	 100.000000
   20 	 -0.500000 	 86.661111 	 100.000000
   21 	 -1.000000 	 91.661111 	 100.000000
   22 	 -1.000000 	 94.983333 	 100.000000
   23 	 -0.500000 	 83.338492 	 100.000000
   24 	 -0.500000 	 93.342500 	 100.000000
   25 	 -1.000000 	 78.302778 	 100.000000
   26 	 -1.000000 	 96.666667 	 100.000000
   27 	 -1.000000 	 91.650000 	 100.000000
   28 	 -1.000000 	 94.983333 	 100.000000
   29 	 -1.000000 	 96.666667 	 100.000000
   30 	 -1.000000 	 90.000000 	 100.000000
   31 	 -0.200000 	 96.666667 	 100.000000
   32 	 -1.000000 	 89.997222 	 100.000000
   33 	 -0.500000 	 84.990278 	 100.000000
   34 	 -1.000000 	 83.333333 	 100.000000
   35 	 -1.000000 	 93.354167 	 100.000000
   36 	 1.000000 	 98.350000 	 100.000000
   37 	 -0.333333 	 90.000000 	 100.000000
   38 	 100.000000 	 100.000000 	 100.000000
   39 	 -0.500000 	 93.333333 	 100.000000
   40 	 -0.500000 	 96.666667 	 100.000000
   41 	 -1.000000 	 93.333333 	 100.000000
   42 	 -0.500000 	 96.666667 	 100.000000
   43 	 -0.250000 	 96.666667 	 100.000000
   44 	 -1.000000 	 96.666667 	 100.000000
   45 	 -1.000000 	 96.666667 	 100.000000
   46 	 -0.250000 	 98.329167 	 100.000000
   47 	 100.000000 	 100.000000 	 100.000000
   48 	 100.000000 	 100.000000 	 100.000000
   49 	 -1.000000 	 96.666667 	 100.000000
   50 	 -1.000000 	 91.650000 	 100.000000
   51 	 -0.200000 	 96.666111 	 100.000000
   52 	 100.000000 	 100.000000 	 100.000000
   53 	 100.000000 	 100.000000 	 100.000000
   54 	 -1.000000 	 96.666667 	 100.000000
   55 	 -1.000000 	 96.666667 	 100.000000
   56 	 0.250000 	 98.337500 	 100.000000
   57 	 100.000000 	 100.000000 	 100.000000
   58 	 100.000000 	 100.000000 	 100.000000
   59 	 100.000000 	 100.000000 	 100.000000
   60 	 -1.000000 	 96.666667 	 100.000000
   61 	 100.000000 	 100.000000 	 100.000000
   62 	 100.000000 	 100.000000 	 100.000000
   63 	 100.000000 	 100.000000 	 100.000000
   64 	 100.000000 	 100.000000 	 100.000000
   65 	 100.000000 	 100.000000 	 100.000000
   66 	 100.000000 	 100.000000 	 100.000000
   67 	 100.000000 	 100.000000 	 100.000000
   68 	 100.000000 	 100.000000 	 100.000000
   69 	 100.000000 	 100.000000 	 100.000000
   70 	 100.000000 	 100.000000 	 100.000000
   71 	 100.000000 	 100.000000 	 100.000000
   72 	 100.000000 	 100.000000 	 100.000000
   73 	 100.000000 	 100.000000 	 100.000000
   74 	 100.000000 	 100.000000 	 100.000000
   75 	 100.000000 	 100.000000 	 100.000000
   76 	 100.000000 	 100.000000 	 100.000000
   77 	 100.000000 	 100.000000 	 100.000000
   78 	 100.000000 	 100.000000 	 100.000000
   79 	 100.000000 	 100.000000 	 100.000000
 