   0 	 -1.000000 	 9.984399 	 100.000000
    1 	 -0.500000 	 95.016667 	 100.000000
    2 	 -0.500000 	 89.998611 	 100.000000
    3 	 -1.000000 	 76.663889 	 100.000000
    4 	 -1.000000 	 95.016667 	 100.000000
    5 	 -1.000000 	 84.973611 	 100.000000
    6 	 -0.500000 	 89.997454 	 100.000000
    7 	 -1.000000 	 91.650000 	 100.000000
    8 	 100.000000 	 100.000000 	 100.000000
    9 	 -1.000000 	 79.982937 	 100.000000
   10 	 -1.000000 	 86.665833 	 100.000000
   11 	 -0.166667 	 93.333631 	 100.000000
   12 	 -1.000000 	 73.328075 	 100.000000
   13 	 -1.000000 	 86.666667 	 100.000000
   14 	 -0.333333 	 93.332937 	 100.000000
   15 	 -0.500000 	 93.333333 	 100.000000
   16 	 -1.000000 	 83.325000 	 100.000000
   17 	 -1.000000 	 88.349603 	 100.000000
   18 	 -0.333333 	 93.331944 	 100.000000
   19 	 -1.000000 	 86.665278 	 100.000000
   20 	 100.000000 	 100.000000 	 100.000000
   21 	 -0.500000 	 93.331944 	 100.000000
   22 	 -1.000000 	 90.000000 	 100.000000
   23 	 -0.333333 	 96.666667 	 100.000000
   24 	 -0.333333 	 96.666667 	 100.000000
   25 	 0.333333 	 95.038889 	 100.000000
   26 	 -1.000000 	 93.333333 	 100.000000
   27 	 -0.333333 	 93.333333 	 100.000000
   28 	 100.000000 	 100.000000 	 100.000000
   29 	 100.000000 	 100.000000 	 100.000000
   30 	 100.000000 	 100.000000 	 100.000000
   31 	 -0.250000 	 96.666667 	 100.000000
   32 	 100.000000 	 100.000000 	 100.000000
   33 	 -0.250000 	 96.666667 	 100.000000
   34 	 -0.250000 	 96.666667 	 100.000000
   35 	 100.000000 	 100.000000 	 100.000000
   36 	 100.000000 	 100.000000 	 100.000000
   37 	 100.000000 	 100.000000 	 100.000000
   38 	 -0.250000 	 96.666667 	 100.000000
   39 	 -0.250000 	 93.333333 	 100.000000
   40 	 -0.333333 	 96.665278 	 100.000000
   41 	 100.000000 	 100.000000 	 100.000000
   42 	 100.000000 	 100.000000 	 100.000000
   43 	 100.000000 	 100.000000 	 100.000000
   44 	 100.000000 	 100.000000 	 100.000000
   45 	 100.000000 	 100.000000 	 100.000000
   46 	 100.000000 	 100.000000 	 100.000000
   47 	 100.000000 	 100.000000 	 100.000000
   48 	 100.000000 	 100.000000 	 100.000000
   49 	 100.000000 	 100.000000 	 100.000000
   50 	 100.000000 	 100.000000 	 100.000000
   51 	 100.000000 	 100.000000 	 100.000000
   52 	 100.000000 	 100.000000 	 100.000000
   53 	 100.000000 	 100.000000 	 100.000000
   54 	 100.000000 	 100.000000 	 100.000000
   55 	 0.333333 	 98.338889 	 100.000000
   56 	 100.000000 	 100.000000 	 100.000000
   57 	 100.000000 	 100.000000 	 100.000000
   58 	 1.000000 	 98.350000 	 100.000000
   59 	 100.000000 	 100.000000 	 100.000000
   60 	 100.000000 	 100.000000 	 100.000000
   61 	 1.000000 	 98.350000 	 100.000000
   62 	 100.000000 	 100.000000 	 100.000000
   63 	 100.000000 	 100.000000 	 100.000000
   64 	 -0.250000 	 98.329167 	 100.000000
   65 	 100.000000 	 100.000000 	 100.000000
   66 	 100.000000 	 100.000000 	 100.000000
   67 	 100.000000 	 100.000000 	 100.000000
   68 	 100.000000 	 100.000000 	 100.000000
   69 	 100.000000 	 100.000000 	 100.000000
   70 	 100.000000 	 100.000000 	 100.000000
   71 	 100.000000 	 100.000000 	 100.000000
   72 	 -0.250000 	 96.659167 	 100.000000
   73 	 100.000000 	 100.000000 	 100.000000
   74 	 100.000000 	 100.000000 	 100.000000
   75 	 100.000000 	 100.000000 	 100.000000
   76 	 100.000000 	 100.000000 	 100.000000
   77 	 100.000000 	 100.000000 	 100.000000
   78 	 100.000000 	 100.000000 	 100.000000
   79 	 100.000000 	 100.000000 	 100.000000
 