   0 	 -1.000000 	 6.553856 	 100.000000
    1 	 -1.000000 	 81.708333 	 100.000000
    2 	 -1.000000 	 96.658333 	 100.000000
    3 	 -1.000000 	 73.316667 	 100.000000
    4 	 1.000000 	 96.700000 	 100.000000
    5 	 -0.500000 	 96.666667 	 100.000000
    6 	 -0.250000 	 96.666667 	 100.000000
    7 	 100.000000 	 100.000000 	 100.000000
    8 	 -0.500000 	 86.666667 	 100.000000
    9 	 -0.500000 	 93.333333 	 100.000000
   10 	 100.000000 	 100.000000 	 100.000000
   11 	 -1.000000 	 89.997222 	 100.000000
   12 	 -1.000000 	 89.999769 	 100.000000
   13 	 -0.250000 	 95.016667 	 100.000000
   14 	 -0.250000 	 93.333333 	 100.000000
   15 	 100.000000 	 100.000000 	 100.000000
   16 	 -1.000000 	 90.000000 	 100.000000
   17 	 100.000000 	 100.000000 	 100.000000
   18 	 -0.142857 	 96.666138 	 100.000000
   19 	 -0.333333 	 96.666667 	 100.000000
   20 	 100.000000 	 100.000000 	 100.000000
   21 	 1.000000 	 96.700000 	 100.000000
   22 	 -1.000000 	 84.982937 	 100.000000
   23 	 -0.200000 	 96.666111 	 100.000000
   24 	 -0.333333 	 94.994147 	 100.000000
   25 	 -0.500000 	 96.666667 	 100.000000
   26 	 -0.250000 	 96.666667 	 100.000000
   27 	 -1.000000 	 83.333036 	 100.000000
   28 	 -1.000000 	 93.330556 	 100.000000
   29 	 -0.500000 	 96.666667 	 100.000000
   30 	 -0.333333 	 96.666667 	 100.000000
   31 	 -0.500000 	 93.333333 	 100.000000
   32 	 -1.000000 	 96.666667 	 100.000000
   33 	 -0.166667 	 96.666667 	 100.000000
   34 	 -1.000000 	 91.683333 	 100.000000
   35 	 -0.500000 	 89.997222 	 100.000000
   36 	 -0.333333 	 96.666667 	 100.000000
   37 	 -0.500000 	 93.330556 	 100.000000
   38 	 -0.250000 	 93.332269 	 100.000000
   39 	 -0.500000 	 93.333333 	 100.000000
   40 	 -0.250000 	 93.333333 	 100.000000
   41 	 -0.142857 	 93.333333 	 100.000000
   42 	 -0.500000 	 89.999702 	 100.000000
   43 	 -1.000000 	 93.325000 	 100.000000
   44 	 -1.000000 	 93.333333 	 100.000000
   45 	 -1.000000 	 90.000000 	 100.000000
   46 	 -0.500000 	 79.998651 	 100.000000
   47 	 -1.000000 	 86.666667 	 100.000000
   48 	 -1.000000 	 93.325000 	 100.000000
   49 	 -0.166667 	 96.666667 	 100.000000
   50 	 -1.000000 	 96.666667 	 100.000000
   51 	 -1.000000 	 96.658333 	 100.000000
   52 	 100.000000 	 100.000000 	 100.000000
   53 	 100.000000 	 100.000000 	 100.000000
   54 	 -0.166667 	 96.666667 	 100.000000
   55 	 -0.250000 	 96.666667 	 100.000000
   56 	 100.000000 	 100.000000 	 100.000000
   57 	 100.000000 	 100.000000 	 100.000000
   58 	 100.000000 	 100.000000 	 100.000000
   59 	 100.000000 	 100.000000 	 100.000000
   60 	 100.000000 	 100.000000 	 100.000000
   61 	 100.000000 	 100.000000 	 100.000000
   62 	 100.000000 	 100.000000 	 100.000000
   63 	 100.000000 	 100.000000 	 100.000000
   64 	 100.000000 	 100.000000 	 100.000000
   65 	 0.333333 	 98.338889 	 100.000000
   66 	 100.000000 	 100.000000 	 100.000000
   67 	 100.000000 	 100.000000 	 100.000000
   68 	 100.000000 	 100.000000 	 100.000000
   69 	 100.000000 	 100.000000 	 100.000000
   70 	 100.000000 	 100.000000 	 100.000000
   71 	 -0.500000 	 96.654167 	 100.000000
   72 	 100.000000 	 100.000000 	 100.000000
   73 	 100.000000 	 100.000000 	 100.000000
   74 	 100.000000 	 100.000000 	 100.000000
   75 	 100.000000 	 100.000000 	 100.000000
   76 	 100.000000 	 100.000000 	 100.000000
   77 	 100.000000 	 100.000000 	 100.000000
   78 	 100.000000 	 100.000000 	 100.000000
   79 	 100.000000 	 100.000000 	 100.000000
 