   0 	 -1.000000 	 8.293450 	 100.000000
    1 	 -0.500000 	 75.011111 	 100.000000
    2 	 -1.000000 	 88.347222 	 100.000000
    3 	 -0.500000 	 86.666667 	 100.000000
    4 	 -1.000000 	 93.324167 	 100.000000
    5 	 -0.500000 	 93.333730 	 100.000000
    6 	 -1.000000 	 86.664722 	 100.000000
    7 	 -0.500000 	 90.008333 	 100.000000
    8 	 -0.333333 	 81.682500 	 100.000000
    9 	 -1.000000 	 84.983333 	 100.000000
   10 	 -1.000000 	 86.658485 	 100.000000
   11 	 -1.000000 	 90.000000 	 100.000000
   12 	 -1.000000 	 91.683333 	 100.000000
   13 	 -1.000000 	 89.991111 	 100.000000
   14 	 -0.333333 	 93.333333 	 100.000000
   15 	 -1.000000 	 93.333333 	 100.000000
   16 	 -1.000000 	 79.998611 	 100.000000
   17 	 -1.000000 	 93.333333 	 100.000000
   18 	 -0.200000 	 96.666667 	 100.000000
   19 	 -1.000000 	 91.672222 	 100.000000
   20 	 -0.500000 	 90.000833 	 100.000000
   21 	 -1.000000 	 89.999444 	 100.000000
   22 	 -1.000000 	 86.666667 	 100.000000
   23 	 100.000000 	 100.000000 	 100.000000
   24 	 -0.500000 	 86.662500 	 100.000000
   25 	 -0.500000 	 93.333333 	 100.000000
   26 	 -1.000000 	 86.666270 	 100.000000
   27 	 -1.000000 	 86.650000 	 100.000000
   28 	 -0.333333 	 96.666667 	 100.000000
   29 	 -1.000000 	 96.666667 	 100.000000
   30 	 -0.250000 	 96.668056 	 100.000000
   31 	 -1.000000 	 91.662500 	 100.000000
   32 	 100.000000 	 100.000000 	 100.000000
   33 	 -0.250000 	 96.666667 	 100.000000
   34 	 100.000000 	 100.000000 	 100.000000
   35 	 -1.000000 	 89.991667 	 100.000000
   36 	 -0.250000 	 93.355556 	 100.000000
   37 	 -0.166667 	 96.667222 	 100.000000
   38 	 -1.000000 	 96.666667 	 100.000000
   39 	 -0.333333 	 89.999444 	 100.000000
   40 	 -1.000000 	 93.333333 	 100.000000
   41 	 -0.250000 	 93.333519 	 100.000000
   42 	 -0.500000 	 93.333333 	 100.000000
   43 	 -1.000000 	 90.000000 	 100.000000
   44 	 -1.000000 	 79.991667 	 100.000000
   45 	 -0.500000 	 86.663889 	 100.000000
   46 	 100.000000 	 100.000000 	 100.000000
   47 	 100.000000 	 100.000000 	 100.000000
   48 	 -0.333333 	 93.333333 	 100.000000
   49 	 -0.500000 	 93.333333 	 100.000000
   50 	 -0.200000 	 96.667500 	 100.000000
   51 	 -0.500000 	 89.999167 	 100.000000
   52 	 -0.250000 	 93.334722 	 100.000000
   53 	 100.000000 	 100.000000 	 100.000000
   54 	 100.000000 	 100.000000 	 100.000000
   55 	 100.000000 	 100.000000 	 100.000000
   56 	 100.000000 	 100.000000 	 100.000000
   57 	 100.000000 	 100.000000 	 100.000000
   58 	 100.000000 	 100.000000 	 100.000000
   59 	 100.000000 	 100.000000 	 100.000000
   60 	 100.000000 	 100.000000 	 100.000000
   61 	 100.000000 	 100.000000 	 100.000000
   62 	 100.000000 	 100.000000 	 100.000000
   63 	 100.000000 	 100.000000 	 100.000000
   64 	 -0.333333 	 98.327778 	 100.000000
   65 	 -0.500000 	 98.325000 	 100.000000
   66 	 100.000000 	 100.000000 	 100.000000
   67 	 100.000000 	 100.000000 	 100.000000
   68 	 100.000000 	 100.000000 	 100.000000
   69 	 100.000000 	 100.000000 	 100.000000
   70 	 100.000000 	 100.000000 	 100.000000
   71 	 -1.000000 	 98.316667 	 100.000000
   72 	 100.000000 	 100.000000 	 100.000000
   73 	 100.000000 	 100.000000 	 100.000000
   74 	 100.000000 	 100.000000 	 100.000000
   75 	 100.000000 	 100.000000 	 100.000000
   76 	 -1.000000 	 96.645833 	 100.000000
   77 	 100.000000 	 100.000000 	 100.000000
   78 	 100.000000 	 100.000000 	 100.000000
   79 	 100.000000 	 100.000000 	 100.000000
 