   0 	 -1.000000 	 8.334782 	 100.000000
    1 	 -1.000000 	 83.300833 	 100.000000
    2 	 -0.250000 	 83.334286 	 100.000000
    3 	 -1.000000 	 76.667063 	 100.000000
    4 	 -1.000000 	 93.325000 	 100.000000
    5 	 -0.500000 	 80.000000 	 100.000000
    6 	 -1.000000 	 85.019444 	 100.000000
    7 	 1.000000 	 98.350000 	 100.000000
    8 	 -0.333333 	 93.333333 	 100.000000
    9 	 -1.000000 	 79.999444 	 100.000000
   10 	 -1.000000 	 78.330556 	 100.000000
   11 	 -0.500000 	 86.665833 	 100.000000
   12 	 100.000000 	 100.000000 	 100.000000
   13 	 -1.000000 	 81.686111 	 100.000000
   14 	 -1.000000 	 91.658333 	 100.000000
   15 	 -0.500000 	 93.333889 	 100.000000
   16 	 -1.000000 	 98.316667 	 100.000000
   17 	 -0.500000 	 93.333333 	 100.000000
   18 	 -1.000000 	 81.650556 	 100.000000
   19 	 -1.000000 	 68.348862 	 100.000000
   20 	 -0.333333 	 90.003175 	 100.000000
   21 	 -1.000000 	 91.654167 	 100.000000
   22 	 -1.000000 	 89.977778 	 100.000000
   23 	 -1.000000 	 84.977778 	 100.000000
   24 	 -1.000000 	 90.000833 	 100.000000
   25 	 -1.000000 	 88.340278 	 100.000000
   26 	 -0.166667 	 95.008889 	 100.000000
   27 	 100.000000 	 100.000000 	 100.000000
   28 	 -0.500000 	 96.662500 	 100.000000
   29 	 -1.000000 	 83.343889 	 100.000000
   30 	 -1.000000 	 83.336667 	 100.000000
   31 	 -1.000000 	 86.675397 	 100.000000
   32 	 -1.000000 	 93.333889 	 100.000000
   33 	 -1.000000 	 88.317222 	 100.000000
   34 	 -0.500000 	 93.336111 	 100.000000
   35 	 -1.000000 	 93.333333 	 100.000000
   36 	 -1.000000 	 94.975000 	 100.000000
   37 	 -0.166667 	 96.667222 	 100.000000
   38 	 -1.000000 	 93.333333 	 100.000000
   39 	 0.500000 	 98.341667 	 100.000000
   40 	 -0.333333 	 96.669444 	 100.000000
   41 	 -1.000000 	 83.334286 	 100.000000
   42 	 -0.333333 	 96.666667 	 100.000000
   43 	 -0.500000 	 88.346389 	 100.000000
   44 	 -0.333333 	 94.994742 	 100.000000
   45 	 -1.000000 	 93.322222 	 100.000000
   46 	 -0.166667 	 96.666667 	 100.000000
   47 	 -0.142857 	 96.666667 	 100.000000
   48 	 -0.333333 	 95.015278 	 100.000000
   49 	 -0.166667 	 96.666667 	 100.000000
   50 	 -1.000000 	 86.665833 	 100.000000
   51 	 -0.500000 	 89.997222 	 100.000000
   52 	 -0.200000 	 93.333333 	 100.000000
   53 	 -1.000000 	 88.338889 	 100.000000
   54 	 -0.333333 	 96.666667 	 100.000000
   55 	 -0.250000 	 96.665833 	 100.000000
   56 	 -0.500000 	 93.333333 	 100.000000
   57 	 -1.000000 	 88.336111 	 100.000000
   58 	 100.000000 	 100.000000 	 100.000000
   59 	 -0.500000 	 93.333631 	 100.000000
   60 	 -1.000000 	 88.338889 	 100.000000
   61 	 -1.000000 	 93.333333 	 100.000000
   62 	 -1.000000 	 91.648611 	 100.000000
   63 	 -0.125000 	 96.666964 	 100.000000
   64 	 -0.500000 	 93.333333 	 100.000000
   65 	 -0.250000 	 96.665833 	 100.000000
   66 	 100.000000 	 100.000000 	 100.000000
   67 	 -1.000000 	 93.333333 	 100.000000
   68 	 -1.000000 	 91.650000 	 100.000000
   69 	 1.000000 	 98.350000 	 100.000000
   70 	 100.000000 	 100.000000 	 100.000000
   71 	 100.000000 	 100.000000 	 100.000000
   72 	 100.000000 	 100.000000 	 100.000000
   73 	 100.000000 	 100.000000 	 100.000000
   74 	 100.000000 	 100.000000 	 100.000000
   75 	 100.000000 	 100.000000 	 100.000000
   76 	 100.000000 	 100.000000 	 100.000000
   77 	 100.000000 	 100.000000 	 100.000000
   78 	 100.000000 	 100.000000 	 100.000000
   79 	 100.000000 	 100.000000 	 100.000000
 