   0 	 0.015024 	 0.053039 	 0.180845
    1 	 0.015625 	 0.077322 	 0.361690
    2 	 0.022764 	 0.126787 	 0.976562
    3 	 0.035383 	 0.171052 	 0.976562
    4 	 0.025835 	 0.312294 	 3.255205
    5 	 0.021510 	 0.860532 	 9.765615
    6 	 0.036851 	 2.640048 	 9.765615
    7 	 0.043211 	 4.833890 	 9.765615
    8 	 1.953125 	 6.054681 	 9.765615
    9 	 0.574449 	 7.133916 	 10.000000
   10 	 3.255205 	 8.335930 	 10.000000
   11 	 3.255205 	 8.882371 	 10.000000
   12 	 4.882807 	 9.060538 	 10.000000
   13 	 4.882807 	 9.560538 	 10.000000
   14 	 4.882807 	 9.421217 	 10.000000
   15 	 4.882807 	 9.486971 	 10.000000
   16 	 4.882807 	 9.389965 	 10.000000
   17 	 0.976562 	 9.565095 	 10.000000
   18 	 4.882807 	 9.707673 	 10.000000
   19 	 4.882807 	 9.715486 	 10.000000
   20 	 9.765615 	 9.781240 	 10.000000
   21 	 9.765615 	 9.785147 	 10.000000
   22 	 9.765615 	 9.773427 	 10.000000
   23 	 9.765615 	 9.777334 	 10.000000
   24 	 9.765615 	 9.781240 	 10.000000
   25 	 9.765615 	 9.781240 	 10.000000
   26 	 9.765615 	 9.773427 	 10.000000
   27 	 9.765615 	 9.769521 	 10.000000
   28 	 9.765615 	 9.765615 	 9.765615
   29 	 9.765615 	 9.765615 	 9.765615
   30 	 9.765615 	 9.765615 	 9.765615
   31 	 4.882807 	 9.684234 	 9.765615
   32 	 0.390625 	 9.609365 	 9.765615
   33 	 9.765615 	 9.765615 	 9.765615
   34 	 9.765615 	 9.765615 	 9.765615
   35 	 9.765615 	 9.765615 	 9.765615
   36 	 9.765615 	 9.765615 	 9.765615
   37 	 9.765615 	 9.765615 	 9.765615
   38 	 9.765615 	 9.765615 	 9.765615
   39 	 9.765615 	 9.765615 	 9.765615
   40 	 9.765615 	 9.765615 	 9.765615
   41 	 9.765615 	 9.765615 	 9.765615
   42 	 9.765615 	 9.765615 	 9.765615
   43 	 9.765615 	 9.765615 	 9.765615
   44 	 9.765615 	 9.765615 	 9.765615
   45 	 9.765615 	 9.765615 	 9.765615
   46 	 9.765615 	 9.765615 	 9.765615
   47 	 9.765615 	 9.765615 	 9.765615
   48 	 9.765615 	 9.765615 	 9.765615
   49 	 9.765615 	 9.765615 	 9.765615
   50 	 9.765615 	 9.765615 	 9.765615
   51 	 9.765615 	 9.765615 	 9.765615
   52 	 9.765615 	 9.765615 	 9.765615
   53 	 9.765615 	 9.765615 	 9.765615
   54 	 9.765615 	 9.765615 	 9.765615
   55 	 9.765615 	 9.765615 	 9.765615
   56 	 9.765615 	 9.765615 	 9.765615
   57 	 9.765615 	 9.765615 	 9.765615
   58 	 9.765615 	 9.765615 	 9.765615
   59 	 9.765615 	 9.765615 	 9.765615
   60 	 0.037999 	 9.603488 	 9.765615
   61 	 9.765615 	 9.765615 	 9.765615
   62 	 9.765615 	 9.765615 	 9.765615
   63 	 9.765615 	 9.765615 	 9.765615
   64 	 9.765615 	 9.765615 	 9.765615
   65 	 9.765615 	 9.765615 	 9.765615
   66 	 9.765615 	 9.765615 	 9.765615
   67 	 9.765615 	 9.765615 	 9.765615
   68 	 9.765615 	 9.765615 	 9.765615
   69 	 9.765615 	 9.765615 	 9.765615
   70 	 0.043403 	 9.603578 	 9.765615
   71 	 9.765615 	 9.765615 	 9.765615
   72 	 9.765615 	 9.765615 	 9.765615
   73 	 9.765615 	 9.765615 	 9.765615
   74 	 9.765615 	 9.765615 	 9.765615
   75 	 9.765615 	 9.765615 	 9.765615
   76 	 9.765615 	 9.765615 	 9.765615
   77 	 9.765615 	 9.765615 	 9.765615
   78 	 9.765615 	 9.765615 	 9.765615
   79 	 9.765615 	 9.765615 	 9.765615
 