   0 	 0.016440 	 0.073945 	 0.574449
    1 	 0.018152 	 0.198733 	 1.085069
    2 	 0.020559 	 0.434222 	 2.441407
    3 	 0.093900 	 0.890358 	 2.441407
    4 	 0.036851 	 1.309896 	 10.000000
    5 	 0.542535 	 2.313034 	 10.000000
    6 	 0.610352 	 4.059079 	 10.000000
    7 	 0.976562 	 7.170971 	 10.000000
    8 	 1.953125 	 9.330728 	 10.000000
    9 	 2.441407 	 9.850585 	 10.000000
   10 	 2.441407 	 9.850585 	 10.000000
   11 	 9.765615 	 9.968749 	 10.000000
   12 	 9.765615 	 9.972655 	 10.000000
   13 	 9.765615 	 9.960936 	 10.000000
   14 	 9.765615 	 9.945310 	 10.000000
   15 	 0.038147 	 9.783186 	 10.000000
   16 	 9.765615 	 9.953123 	 10.000000
   17 	 9.765615 	 9.953123 	 10.000000
   18 	 9.765615 	 9.949216 	 10.000000
   19 	 9.765615 	 9.933591 	 10.000000
   20 	 0.390625 	 9.789060 	 10.000000
   21 	 9.765615 	 9.941404 	 10.000000
   22 	 9.765615 	 9.941404 	 10.000000
   23 	 9.765615 	 9.953123 	 10.000000
   24 	 9.765615 	 9.960936 	 10.000000
   25 	 0.037999 	 9.802715 	 10.000000
   26 	 9.765615 	 9.976561 	 10.000000
   27 	 9.765615 	 9.976561 	 10.000000
   28 	 0.038147 	 9.822250 	 10.000000
   29 	 9.765615 	 9.984374 	 10.000000
   30 	 9.765615 	 9.984374 	 10.000000
   31 	 9.765615 	 9.980468 	 10.000000
   32 	 9.765615 	 9.988281 	 10.000000
   33 	 9.765615 	 9.988281 	 10.000000
   34 	 9.765615 	 9.992187 	 10.000000
   35 	 10.000000 	 10.000000 	 10.000000
   36 	 10.000000 	 10.000000 	 10.000000
   37 	 10.000000 	 10.000000 	 10.000000
   38 	 10.000000 	 10.000000 	 10.000000
   39 	 10.000000 	 10.000000 	 10.000000
   40 	 10.000000 	 10.000000 	 10.000000
   41 	 10.000000 	 10.000000 	 10.000000
   42 	 9.765615 	 9.996094 	 10.000000
   43 	 9.765615 	 9.996094 	 10.000000
   44 	 9.765615 	 9.996094 	 10.000000
   45 	 10.000000 	 10.000000 	 10.000000
   46 	 10.000000 	 10.000000 	 10.000000
   47 	 10.000000 	 10.000000 	 10.000000
   48 	 10.000000 	 10.000000 	 10.000000
   49 	 10.000000 	 10.000000 	 10.000000
   50 	 10.000000 	 10.000000 	 10.000000
   51 	 10.000000 	 10.000000 	 10.000000
   52 	 10.000000 	 10.000000 	 10.000000
   53 	 10.000000 	 10.000000 	 10.000000
   54 	 10.000000 	 10.000000 	 10.000000
   55 	 0.038147 	 9.707993 	 10.000000
   56 	 2.441407 	 9.874023 	 10.000000
   57 	 10.000000 	 10.000000 	 10.000000
   58 	 10.000000 	 10.000000 	 10.000000
   59 	 0.038147 	 9.833969 	 10.000000
   60 	 10.000000 	 10.000000 	 10.000000
   61 	 10.000000 	 10.000000 	 10.000000
   62 	 10.000000 	 10.000000 	 10.000000
   63 	 10.000000 	 10.000000 	 10.000000
   64 	 10.000000 	 10.000000 	 10.000000
   65 	 10.000000 	 10.000000 	 10.000000
   66 	 10.000000 	 10.000000 	 10.000000
   67 	 10.000000 	 10.000000 	 10.000000
   68 	 10.000000 	 10.000000 	 10.000000
   69 	 10.000000 	 10.000000 	 10.000000
   70 	 10.000000 	 10.000000 	 10.000000
   71 	 10.000000 	 10.000000 	 10.000000
   72 	 10.000000 	 10.000000 	 10.000000
   73 	 10.000000 	 10.000000 	 10.000000
   74 	 10.000000 	 10.000000 	 10.000000
   75 	 10.000000 	 10.000000 	 10.000000
   76 	 10.000000 	 10.000000 	 10.000000
   77 	 10.000000 	 10.000000 	 10.000000
   78 	 10.000000 	 10.000000 	 10.000000
   79 	 10.000000 	 10.000000 	 10.000000
 