   0 	 0.017163 	 0.043864 	 0.217014
    1 	 0.019930 	 0.065503 	 0.465030
    2 	 0.020867 	 0.115594 	 0.574449
    3 	 0.024293 	 0.307409 	 1.953125
    4 	 0.037416 	 0.560359 	 1.953125
    5 	 0.238186 	 1.038654 	 1.953125
    6 	 0.336746 	 1.277972 	 1.953125
    7 	 0.465030 	 1.427235 	 1.953125
    8 	 0.141531 	 1.561182 	 1.953125
    9 	 0.126826 	 1.759562 	 1.953125
   10 	 0.037416 	 1.800686 	 1.953125
   11 	 1.085070 	 1.938658 	 1.953125
   12 	 1.953125 	 1.953125 	 1.953125
   13 	 1.953125 	 1.953125 	 1.953125
   14 	 1.953125 	 1.953125 	 1.953125
   15 	 1.953125 	 1.953125 	 1.953125
   16 	 1.953125 	 1.953125 	 1.953125
   17 	 1.953125 	 1.953125 	 1.953125
   18 	 1.953125 	 1.953125 	 1.953125
   19 	 1.953125 	 1.953125 	 1.953125
   20 	 1.953125 	 1.953125 	 1.953125
   21 	 1.953125 	 1.953125 	 1.953125
   22 	 1.953125 	 1.953125 	 1.953125
   23 	 1.953125 	 1.953125 	 1.953125
   24 	 1.953125 	 1.953125 	 1.953125
   25 	 1.953125 	 1.953125 	 1.953125
   26 	 1.953125 	 1.953125 	 1.953125
   27 	 1.953125 	 1.953125 	 1.953125
   28 	 1.953125 	 1.953125 	 1.953125
   29 	 1.953125 	 1.953125 	 1.953125
   30 	 1.953125 	 1.953125 	 1.953125
   31 	 1.953125 	 1.953125 	 1.953125
   32 	 1.953125 	 1.953125 	 1.953125
   33 	 1.953125 	 1.953125 	 1.953125
   34 	 0.096689 	 1.922185 	 1.953125
   35 	 1.953125 	 1.953125 	 1.953125
   36 	 1.953125 	 1.953125 	 1.953125
   37 	 1.953125 	 1.953125 	 1.953125
   38 	 1.953125 	 1.953125 	 1.953125
   39 	 1.953125 	 1.953125 	 1.953125
   40 	 1.953125 	 1.953125 	 1.953125
   41 	 1.953125 	 1.953125 	 1.953125
   42 	 1.953125 	 1.953125 	 1.953125
   43 	 1.953125 	 1.953125 	 1.953125
   44 	 1.953125 	 1.953125 	 1.953125
   45 	 1.953125 	 1.953125 	 1.953125
   46 	 1.953125 	 1.953125 	 1.953125
   47 	 1.953125 	 1.953125 	 1.953125
   48 	 1.953125 	 1.953125 	 1.953125
   49 	 1.953125 	 1.953125 	 1.953125
   50 	 1.953125 	 1.953125 	 1.953125
   51 	 1.953125 	 1.953125 	 1.953125
   52 	 1.953125 	 1.953125 	 1.953125
   53 	 1.953125 	 1.953125 	 1.953125
   54 	 1.953125 	 1.953125 	 1.953125
   55 	 1.953125 	 1.953125 	 1.953125
   56 	 1.953125 	 1.953125 	 1.953125
   57 	 1.953125 	 1.953125 	 1.953125
   58 	 1.953125 	 1.953125 	 1.953125
   59 	 0.037416 	 1.921197 	 1.953125
   60 	 0.037416 	 1.921197 	 1.953125
   61 	 0.037416 	 1.921197 	 1.953125
   62 	 1.953125 	 1.953125 	 1.953125
   63 	 1.953125 	 1.953125 	 1.953125
   64 	 0.042645 	 1.921284 	 1.953125
   65 	 1.953125 	 1.953125 	 1.953125
   66 	 1.953125 	 1.953125 	 1.953125
   67 	 1.953125 	 1.953125 	 1.953125
   68 	 1.953125 	 1.953125 	 1.953125
   69 	 1.953125 	 1.953125 	 1.953125
   70 	 1.953125 	 1.953125 	 1.953125
   71 	 1.953125 	 1.953125 	 1.953125
   72 	 1.953125 	 1.953125 	 1.953125
   73 	 1.953125 	 1.953125 	 1.953125
   74 	 1.953125 	 1.953125 	 1.953125
   75 	 1.953125 	 1.953125 	 1.953125
   76 	 1.953125 	 1.953125 	 1.953125
   77 	 1.953125 	 1.953125 	 1.953125
   78 	 1.953125 	 1.953125 	 1.953125
   79 	 1.953125 	 1.953125 	 1.953125
 