   0 	 0.000628 	 0.042203 	 0.641999
    1 	 0.001895 	 0.269648 	 0.641999
    2 	 0.001936 	 0.390305 	 0.641999
    3 	 0.001936 	 0.534706 	 0.641999
    4 	 0.025716 	 0.557939 	 0.641999
    5 	 0.001566 	 0.575348 	 0.641999
    6 	 0.001566 	 0.591730 	 0.641999
    7 	 0.003353 	 0.581962 	 0.641999
    8 	 0.003353 	 0.569188 	 0.641999
    9 	 0.007773 	 0.592087 	 0.641999
   10 	 0.001566 	 0.576340 	 0.641999
   11 	 0.001566 	 0.579661 	 0.641999
   12 	 0.002656 	 0.582926 	 0.641999
   13 	 0.015513 	 0.598880 	 0.641999
   14 	 0.007773 	 0.563601 	 0.641999
   15 	 0.025716 	 0.585768 	 0.641999
   16 	 0.007773 	 0.577066 	 0.641999
   17 	 0.001566 	 0.562011 	 0.641999
   18 	 0.002656 	 0.553080 	 0.641999
   19 	 0.025716 	 0.596656 	 0.641999
   20 	 0.025716 	 0.543792 	 0.641999
   21 	 0.001566 	 0.580730 	 0.641999
   22 	 0.002656 	 0.568544 	 0.641999
   23 	 0.002656 	 0.546632 	 0.641999
   24 	 0.000702 	 0.570179 	 0.641999
   25 	 0.002656 	 0.529192 	 0.641999
   26 	 0.001566 	 0.561602 	 0.641999
   27 	 0.003353 	 0.576107 	 0.641999
   28 	 0.001566 	 0.590220 	 0.641999
   29 	 0.001566 	 0.512873 	 0.641999
   30 	 0.001566 	 0.572889 	 0.641999
   31 	 0.033432 	 0.619335 	 0.641999
   32 	 0.001566 	 0.565336 	 0.641999
   33 	 0.001566 	 0.578040 	 0.641999
   34 	 0.001566 	 0.569009 	 0.641999
   35 	 0.001566 	 0.583069 	 0.641999
   36 	 0.001566 	 0.555642 	 0.641999
   37 	 0.001566 	 0.576581 	 0.641999
   38 	 0.001566 	 0.531911 	 0.641999
   39 	 0.001566 	 0.583671 	 0.641999
   40 	 0.001566 	 0.574725 	 0.641999
   41 	 0.002656 	 0.591404 	 0.641999
   42 	 0.001566 	 0.588232 	 0.641999
   43 	 0.002656 	 0.591257 	 0.641999
   44 	 0.002656 	 0.624629 	 0.641999
   45 	 0.002543 	 0.569265 	 0.641999
   46 	 0.004371 	 0.583231 	 0.641999
   47 	 0.001135 	 0.565845 	 0.641999
   48 	 0.153800 	 0.604161 	 0.641999
   49 	 0.002656 	 0.568021 	 0.641999
   50 	 0.000702 	 0.680618 	 7.573904
   51 	 0.001173 	 1.909641 	 7.573904
   52 	 0.025716 	 5.439621 	 7.573904
   53 	 0.025716 	 7.093954 	 7.573904
   54 	 0.002305 	 6.121336 	 7.573904
   55 	 0.027862 	 6.858703 	 7.573904
   56 	 0.010219 	 6.986458 	 7.573904
   57 	 0.002305 	 6.821290 	 7.573904
   58 	 0.002305 	 7.200580 	 7.573904
   59 	 0.010219 	 6.819717 	 7.573904
   60 	 0.001485 	 6.572438 	 7.573904
   61 	 0.001173 	 6.826617 	 7.573904
   62 	 0.020040 	 6.825371 	 7.573904
   63 	 0.008011 	 6.843172 	 7.573904
   64 	 0.002305 	 6.442606 	 7.573904
   65 	 0.025716 	 7.323153 	 7.573904
   66 	 0.001173 	 6.952420 	 7.573904
   67 	 0.001173 	 6.949846 	 7.573904
   68 	 0.033432 	 7.108007 	 7.573904
   69 	 0.002305 	 6.592055 	 7.573904
   70 	 0.001173 	 6.717414 	 7.573904
   71 	 0.001173 	 6.614355 	 7.573904
   72 	 0.001173 	 6.824429 	 7.573904
   73 	 0.002305 	 6.695580 	 7.573904
   74 	 0.001173 	 6.704771 	 7.573904
   75 	 0.001173 	 6.711597 	 7.573904
   76 	 0.001173 	 6.191414 	 7.573904
   77 	 0.002305 	 6.968359 	 7.573904
   78 	 1.137476 	 7.466630 	 7.573904
   79 	 0.002305 	 7.070465 	 7.573904
 