   0 	 0.000332 	 0.099563 	 3.272400
    1 	 0.009535 	 2.047610 	 3.272400
    2 	 0.000735 	 2.583216 	 3.272400
    3 	 0.008663 	 2.951266 	 3.272400
    4 	 0.001511 	 2.841278 	 3.272400
    5 	 0.046768 	 3.189371 	 3.272400
    6 	 0.001511 	 2.871221 	 3.272400
    7 	 0.001511 	 3.110350 	 3.272400
    8 	 0.002505 	 2.893814 	 3.272400
    9 	 0.008663 	 2.770707 	 3.272400
   10 	 0.001511 	 2.710042 	 3.272400
   11 	 0.001511 	 2.841648 	 3.272400
   12 	 0.002505 	 2.842089 	 3.272400
   13 	 0.001511 	 2.791305 	 3.272400
   14 	 0.001511 	 2.821506 	 3.272400
   15 	 0.001511 	 2.732758 	 3.272400
   16 	 0.002505 	 3.080492 	 3.272400
   17 	 0.009535 	 3.110246 	 3.272400
   18 	 0.001371 	 2.874792 	 3.272400
   19 	 0.008663 	 2.929980 	 3.272400
   20 	 0.008663 	 3.163623 	 3.272400
   21 	 0.008663 	 2.896514 	 3.272400
   22 	 0.001511 	 2.815095 	 3.272400
   23 	 0.183891 	 3.095100 	 3.272400
   24 	 0.001511 	 2.659772 	 3.272400
   25 	 0.008663 	 3.067066 	 3.272400
   26 	 0.001371 	 3.115208 	 3.272400
   27 	 0.001511 	 3.115103 	 3.272400
   28 	 0.001511 	 2.947204 	 3.272400
   29 	 0.001511 	 2.948264 	 3.272400
   30 	 0.001511 	 3.165113 	 3.272400
   31 	 0.008663 	 2.864814 	 3.272400
   32 	 0.001511 	 2.918626 	 3.272400
   33 	 0.001511 	 3.005172 	 3.272400
   34 	 0.009535 	 2.974133 	 3.272400
   35 	 0.002505 	 2.760023 	 3.272400
   36 	 0.002505 	 2.837491 	 3.272400
   37 	 0.002505 	 2.654671 	 3.272400
   38 	 0.009535 	 3.032048 	 3.272400
   39 	 0.001511 	 2.876250 	 3.272400
   40 	 0.009535 	 2.944393 	 3.272400
   41 	 0.001511 	 3.055702 	 3.272400
   42 	 0.001511 	 3.008944 	 3.272400
   43 	 0.008663 	 2.821854 	 3.272400
   44 	 0.001511 	 2.796472 	 3.272400
   45 	 0.002505 	 3.013188 	 3.272400
   46 	 0.002505 	 2.925147 	 3.272400
   47 	 0.002505 	 2.953890 	 3.272400
   48 	 0.029802 	 3.058432 	 3.272400
   49 	 0.001511 	 2.839017 	 3.272400
   50 	 0.001511 	 2.811608 	 3.272400
   51 	 0.009535 	 2.946167 	 3.272400
   52 	 0.008663 	 2.944145 	 3.272400
   53 	 0.001511 	 3.052182 	 3.272400
   54 	 0.001511 	 2.972937 	 3.272400
   55 	 0.009535 	 3.057813 	 3.272400
   56 	 0.001511 	 2.754361 	 3.272400
   57 	 0.007571 	 2.974411 	 3.272400
   58 	 0.008663 	 2.979914 	 3.272400
   59 	 0.002505 	 2.845166 	 3.272400
   60 	 0.002505 	 2.901541 	 3.272400
   61 	 0.002505 	 3.028058 	 3.272400
   62 	 0.002505 	 3.057696 	 3.272400
   63 	 0.001511 	 3.111071 	 3.272400
   64 	 0.002505 	 2.759004 	 3.272400
   65 	 0.002505 	 2.972406 	 3.272400
   66 	 0.002505 	 2.919461 	 3.272400
   67 	 0.002505 	 2.895566 	 3.272400
   68 	 0.008663 	 2.920725 	 3.272400
   69 	 0.009535 	 2.998938 	 3.272400
   70 	 0.001511 	 3.080342 	 3.272400
   71 	 0.001051 	 3.054938 	 3.272400
   72 	 0.002505 	 2.737805 	 3.272400
   73 	 0.001511 	 2.786793 	 3.272400
   74 	 0.009535 	 3.062219 	 3.272400
   75 	 0.002505 	 2.893815 	 3.272400
   76 	 0.008663 	 3.082204 	 3.272400
   77 	 0.008663 	 2.931353 	 3.272400
   78 	 0.001371 	 3.060827 	 3.272400
   79 	 0.001511 	 2.895572 	 3.272400
 