   0 	 0.000318 	 0.009744 	 0.183891
    1 	 0.000929 	 0.100497 	 1.000000
    2 	 0.002379 	 0.251553 	 1.000000
    3 	 0.025221 	 0.451576 	 1.270281
    4 	 0.001162 	 0.731826 	 1.270281
    5 	 0.002379 	 0.904768 	 3.272400
    6 	 0.009095 	 0.988892 	 3.272400
    7 	 0.004221 	 1.423404 	 16.400538
    8 	 0.008663 	 3.649203 	 16.400538
    9 	 0.001511 	 9.628268 	 16.400538
   10 	 0.009447 	 14.553917 	 16.400538
   11 	 0.002328 	 14.232002 	 16.400538
   12 	 0.042090 	 15.585923 	 16.400538
   13 	 0.026436 	 15.856103 	 16.400538
   14 	 0.002328 	 14.780513 	 16.400538
   15 	 0.005599 	 13.692092 	 16.400538
   16 	 0.005599 	 14.765146 	 16.400538
   17 	 0.009095 	 15.596676 	 16.400538
   18 	 0.009095 	 15.061579 	 16.400538
   19 	 0.005599 	 13.413470 	 16.400538
   20 	 0.002328 	 13.411909 	 16.400538
   21 	 0.002328 	 15.310159 	 16.400538
   22 	 0.026436 	 15.869867 	 16.400538
   23 	 0.026436 	 15.331201 	 16.400538
   24 	 0.009447 	 13.983837 	 16.400538
   25 	 0.002328 	 13.950584 	 16.400538
   26 	 0.002328 	 15.042743 	 16.400538
   27 	 0.002328 	 14.510885 	 16.400538
   28 	 0.002328 	 15.307497 	 16.400538
   29 	 0.002328 	 15.040479 	 16.400538
   30 	 0.009447 	 15.309994 	 16.400538
   31 	 0.005599 	 14.779953 	 16.400538
   32 	 0.002328 	 14.510212 	 16.400538
   33 	 0.026436 	 15.854734 	 16.400538
   34 	 0.005599 	 15.855756 	 16.400538
   35 	 0.005599 	 13.693031 	 16.400538
   36 	 0.005599 	 15.040620 	 16.400538
   37 	 0.002328 	 14.267929 	 16.400538
   38 	 0.005599 	 15.313238 	 16.400538
   39 	 0.002328 	 14.226709 	 16.400538
   40 	 0.002306 	 13.964323 	 16.400538
   41 	 0.000873 	 13.674865 	 16.400538
   42 	 0.002328 	 13.965147 	 16.400538
   43 	 0.002088 	 15.039991 	 16.400538
   44 	 0.009447 	 15.581810 	 16.400538
   45 	 0.002328 	 13.975983 	 16.400538
   46 	 0.002328 	 14.523777 	 16.400538
   47 	 0.026436 	 14.498567 	 16.400538
   48 	 0.002328 	 14.762279 	 16.400538
   49 	 0.002328 	 14.499550 	 16.400538
   50 	 0.005599 	 15.309105 	 16.400538
   51 	 0.002328 	 15.038158 	 16.400538
   52 	 0.005599 	 14.510042 	 16.400538
   53 	 0.002328 	 14.220652 	 16.400538
   54 	 0.002328 	 14.491287 	 16.400538
   55 	 0.002328 	 14.503973 	 16.400538
   56 	 0.002328 	 15.312076 	 16.400538
   57 	 0.002328 	 13.990190 	 16.400538
   58 	 0.009447 	 15.054708 	 16.400538
   59 	 0.005599 	 15.580919 	 16.400538
   60 	 0.005599 	 15.584223 	 16.400538
   61 	 0.005599 	 14.782264 	 16.400538
   62 	 0.042090 	 15.589021 	 16.400538
   63 	 0.002328 	 15.069722 	 16.400538
   64 	 0.026436 	 15.053006 	 16.400538
   65 	 0.002328 	 14.221857 	 16.400538
   66 	 0.005599 	 15.039489 	 16.400538
   67 	 0.009095 	 14.494274 	 16.400538
   68 	 0.000986 	 14.220548 	 16.400538
   69 	 0.009095 	 15.038644 	 16.400538
   70 	 0.002328 	 15.055947 	 16.400538
   71 	 0.009095 	 15.040661 	 16.400538
   72 	 0.002328 	 13.965794 	 16.400538
   73 	 0.009095 	 15.057727 	 16.400538
   74 	 0.002328 	 15.053595 	 16.400538
   75 	 0.005599 	 14.769208 	 16.400538
   76 	 0.005599 	 15.041285 	 16.400538
   77 	 0.002328 	 15.037324 	 16.400538
   78 	 0.002328 	 14.762350 	 16.400538
   79 	 0.005599 	 14.508218 	 16.400538
 