   0 	 0.000426 	 0.330894 	 16.400538
    1 	 0.002311 	 11.004155 	 16.400538
    2 	 0.005599 	 14.249051 	 16.400538
    3 	 0.026436 	 15.582354 	 16.400538
    4 	 0.002328 	 15.041584 	 16.400538
    5 	 0.005599 	 15.581457 	 16.400538
    6 	 0.005599 	 15.042443 	 16.400538
    7 	 0.011800 	 15.582958 	 16.400538
    8 	 0.009447 	 15.858020 	 16.400538
    9 	 0.005599 	 15.314497 	 16.400538
   10 	 0.026436 	 15.600534 	 16.400538
   11 	 0.002328 	 15.038907 	 16.400538
   12 	 0.005599 	 14.220206 	 16.400538
   13 	 0.002328 	 15.034644 	 16.400538
   14 	 0.005599 	 14.493746 	 16.400538
   15 	 0.005599 	 14.494915 	 16.400538
   16 	 0.009095 	 15.582913 	 16.400538
   17 	 0.002328 	 14.767004 	 16.400538
   18 	 0.002328 	 15.038270 	 16.400538
   19 	 0.009095 	 14.512207 	 16.400538
   20 	 0.005599 	 15.596879 	 16.400538
   21 	 0.009095 	 15.323208 	 16.400538
   22 	 0.002328 	 14.232416 	 16.400538
   23 	 0.000873 	 13.969791 	 16.400538
   24 	 0.002328 	 15.322967 	 16.400538
   25 	 0.005599 	 15.036965 	 16.400538
   26 	 0.005599 	 14.510384 	 16.400538
   27 	 0.009095 	 15.598199 	 16.400538
   28 	 0.009095 	 14.497234 	 16.400538
   29 	 0.005599 	 14.502272 	 16.400538
   30 	 0.005599 	 15.597711 	 16.400538
   31 	 0.002328 	 13.708122 	 16.400538
   32 	 0.009095 	 15.309164 	 16.400538
   33 	 0.001796 	 14.777538 	 16.400538
   34 	 0.002328 	 14.252732 	 16.400538
   35 	 0.002328 	 14.506963 	 16.400538
   36 	 0.002328 	 14.761836 	 16.400538
   37 	 0.002328 	 14.225403 	 16.400538
   38 	 0.009447 	 15.581266 	 16.400538
   39 	 0.009095 	 14.499175 	 16.400538
   40 	 0.009095 	 15.046918 	 16.400538
   41 	 0.009447 	 14.776222 	 16.400538
   42 	 0.002328 	 14.225929 	 16.400538
   43 	 0.005599 	 13.964861 	 16.400538
   44 	 0.002328 	 15.312076 	 16.400538
   45 	 0.009447 	 14.511738 	 16.400538
   46 	 0.005599 	 15.308208 	 16.400538
   47 	 0.005599 	 15.327002 	 16.400538
   48 	 0.002328 	 14.224242 	 16.400538
   49 	 0.002328 	 13.945567 	 16.400538
   50 	 0.005599 	 15.035126 	 16.400538
   51 	 0.002328 	 14.510218 	 16.400538
   52 	 0.002328 	 14.510076 	 16.400538
   53 	 0.005599 	 13.949634 	 16.400538
   54 	 0.009095 	 15.323515 	 16.400538
   55 	 0.002328 	 15.581403 	 16.400538
   56 	 0.002328 	 15.038282 	 16.400538
   57 	 0.009447 	 15.042457 	 16.400538
   58 	 0.002328 	 14.765983 	 16.400538
   59 	 0.009095 	 15.050850 	 16.400538
   60 	 0.002328 	 15.309326 	 16.400538
   61 	 0.026436 	 15.066555 	 16.400538
   62 	 0.002328 	 14.833250 	 16.400538
   63 	 0.002328 	 13.149320 	 16.400538
   64 	 0.002328 	 15.581692 	 16.400538
   65 	 0.009095 	 15.854706 	 16.400538
   66 	 0.002328 	 14.767496 	 16.400538
   67 	 0.002328 	 15.309326 	 16.400538
   68 	 0.002328 	 15.055958 	 16.400538
   69 	 0.005599 	 13.950265 	 16.400538
   70 	 0.009095 	 15.582624 	 16.400538
   71 	 0.002328 	 15.307780 	 16.400538
   72 	 0.005599 	 15.582571 	 16.400538
   73 	 0.108574 	 15.317011 	 16.400538
   74 	 0.009095 	 13.674186 	 16.400538
   75 	 0.009447 	 15.066533 	 16.400538
   76 	 0.009095 	 14.239283 	 16.400538
   77 	 0.002328 	 15.580800 	 16.400538
   78 	 0.005599 	 15.584765 	 16.400538
   79 	 0.026436 	 15.328103 	 16.400538
 