   0 	 0.000367 	 0.015876 	 0.187858
    1 	 0.000896 	 0.079607 	 0.187858
    2 	 0.009067 	 0.128536 	 0.297880
    3 	 0.057119 	 0.169563 	 0.297880
    4 	 0.001600 	 0.159704 	 0.297880
    5 	 0.002895 	 0.180580 	 0.297880
    6 	 0.007258 	 0.190538 	 0.297880
    7 	 0.000687 	 0.215655 	 0.297880
    8 	 0.000896 	 0.232692 	 0.297880
    9 	 0.006675 	 0.249315 	 0.297880
   10 	 0.000687 	 0.251409 	 0.297880
   11 	 0.000687 	 0.255985 	 0.297880
   12 	 0.002750 	 0.261426 	 0.297880
   13 	 0.004332 	 0.272208 	 0.297880
   14 	 0.007258 	 0.277144 	 0.297880
   15 	 0.002750 	 0.282101 	 0.297880
   16 	 0.031655 	 0.276456 	 0.297880
   17 	 0.002750 	 0.281403 	 0.297880
   18 	 0.000687 	 0.281864 	 0.297880
   19 	 0.002750 	 0.281396 	 0.297880
   20 	 0.000534 	 0.266861 	 0.297880
   21 	 0.004622 	 0.264809 	 0.297880
   22 	 0.000687 	 0.263154 	 0.297880
   23 	 0.000687 	 0.271649 	 0.297880
   24 	 0.031655 	 0.287608 	 0.297880
   25 	 0.022545 	 0.285186 	 0.297880
   26 	 0.000603 	 0.278838 	 0.297880
   27 	 0.000687 	 0.274833 	 0.297880
   28 	 0.002750 	 0.282101 	 0.297880
   29 	 0.000687 	 0.277767 	 0.297880
   30 	 0.000687 	 0.283120 	 0.297880
   31 	 0.002216 	 0.278377 	 0.297880
   32 	 0.002750 	 0.273079 	 0.297880
   33 	 0.000687 	 0.263709 	 0.297880
   34 	 0.002244 	 0.257590 	 0.297880
   35 	 0.004622 	 0.261314 	 0.297880
   36 	 0.003159 	 0.266131 	 0.297880
   37 	 0.002750 	 0.255112 	 0.297880
   38 	 0.000687 	 0.269388 	 0.297880
   39 	 0.000687 	 0.259617 	 0.297880
   40 	 0.000687 	 0.272824 	 0.297880
   41 	 0.007258 	 0.269582 	 0.297880
   42 	 0.004622 	 0.275414 	 0.297880
   43 	 0.004622 	 0.283268 	 0.297880
   44 	 0.022545 	 0.285363 	 0.297880
   45 	 0.000687 	 0.273811 	 0.297880
   46 	 0.000687 	 0.262080 	 0.297880
   47 	 0.105229 	 0.291458 	 0.297880
   48 	 0.000687 	 0.278230 	 0.297880
   49 	 0.004332 	 0.268987 	 0.297880
   50 	 0.000534 	 0.267704 	 0.297880
   51 	 0.002750 	 0.262246 	 0.297880
   52 	 0.003918 	 0.256444 	 0.297880
   53 	 0.000687 	 0.241709 	 0.297880
   54 	 0.004622 	 0.252787 	 0.297880
   55 	 0.000687 	 0.255763 	 0.297880
   56 	 0.000687 	 0.287091 	 0.297880
   57 	 0.000687 	 0.284348 	 0.297880
   58 	 0.002895 	 0.274483 	 0.297880
   59 	 0.004622 	 0.269600 	 0.297880
   60 	 0.007258 	 0.273747 	 0.297880
   61 	 0.000687 	 0.258607 	 0.297880
   62 	 0.000687 	 0.264359 	 0.297880
   63 	 0.007258 	 0.291202 	 0.297880
   64 	 0.000687 	 0.273342 	 0.297880
   65 	 0.003159 	 0.277429 	 0.297880
   66 	 0.000687 	 0.259857 	 0.297880
   67 	 0.000687 	 0.271886 	 0.297880
   68 	 0.000687 	 0.262695 	 0.297880
   69 	 0.004622 	 0.276189 	 0.297880
   70 	 0.002750 	 0.271707 	 0.297880
   71 	 0.000687 	 0.266776 	 0.297880
   72 	 0.000687 	 0.250963 	 0.297880
   73 	 0.002750 	 0.277453 	 0.297880
   74 	 0.007258 	 0.281498 	 0.297880
   75 	 0.000687 	 0.264391 	 0.297880
   76 	 0.007258 	 0.269940 	 0.297880
   77 	 0.007258 	 0.270375 	 0.297880
   78 	 0.031655 	 0.282563 	 0.297880
   79 	 0.000687 	 0.276081 	 0.297880
 