   0 	 0.000426 	 0.064790 	 1.270281
    1 	 0.001174 	 0.848341 	 16.400538
    2 	 0.005677 	 4.808820 	 16.400538
    3 	 0.009095 	 12.768703 	 16.400538
    4 	 0.005599 	 14.513264 	 16.400538
    5 	 0.009447 	 15.044252 	 16.400538
    6 	 0.002328 	 14.774928 	 16.400538
    7 	 0.005599 	 14.494093 	 16.400538
    8 	 0.005599 	 14.795494 	 16.400538
    9 	 0.002328 	 15.038512 	 16.400538
   10 	 0.186696 	 15.333088 	 16.400538
   11 	 0.005599 	 14.766610 	 16.400538
   12 	 0.002328 	 15.307893 	 16.400538
   13 	 0.002328 	 14.492397 	 16.400538
   14 	 0.002328 	 15.323314 	 16.400538
   15 	 0.026436 	 15.328103 	 16.400538
   16 	 0.002328 	 14.797292 	 16.400538
   17 	 0.005599 	 14.239485 	 16.400538
   18 	 0.009447 	 15.056287 	 16.400538
   19 	 0.004106 	 15.052072 	 16.400538
   20 	 0.009447 	 15.044513 	 16.400538
   21 	 0.002328 	 14.492155 	 16.400538
   22 	 0.002306 	 14.497346 	 16.400538
   23 	 0.002328 	 15.308218 	 16.400538
   24 	 0.002328 	 15.043787 	 16.400538
   25 	 0.001796 	 14.770847 	 16.400538
   26 	 0.001043 	 15.308138 	 16.400538
   27 	 0.009095 	 14.769954 	 16.400538
   28 	 0.009095 	 15.327060 	 16.400538
   29 	 0.002328 	 14.247582 	 16.400538
   30 	 0.108574 	 15.613466 	 16.400538
   31 	 0.002328 	 13.947107 	 16.400538
   32 	 0.002306 	 13.408505 	 16.400538
   33 	 0.009095 	 14.227032 	 16.400538
   34 	 0.000873 	 13.686451 	 16.400538
   35 	 0.026436 	 15.316540 	 16.400538
   36 	 0.002328 	 13.971611 	 16.400538
   37 	 0.009447 	 15.584835 	 16.400538
   38 	 0.002328 	 14.498311 	 16.400538
   39 	 0.001809 	 14.493480 	 16.400538
   40 	 0.009447 	 14.769887 	 16.400538
   41 	 0.005599 	 15.309664 	 16.400538
   42 	 0.002328 	 15.040969 	 16.400538
   43 	 0.005599 	 15.310618 	 16.400538
   44 	 0.240560 	 16.131205 	 16.400538
   45 	 0.002328 	 14.252453 	 16.400538
   46 	 0.009447 	 15.051400 	 16.400538
   47 	 0.026436 	 14.517258 	 16.400538
   48 	 0.009095 	 14.227837 	 16.400538
   49 	 0.002328 	 14.765381 	 16.400538
   50 	 0.005599 	 14.523047 	 16.400538
   51 	 0.009095 	 14.520219 	 16.400538
   52 	 0.009095 	 15.858014 	 16.400538
   53 	 0.002328 	 15.042049 	 16.400538
   54 	 0.009095 	 15.854156 	 16.400538
   55 	 0.005599 	 15.052913 	 16.400538
   56 	 0.002306 	 13.432756 	 16.400538
   57 	 0.005599 	 14.218817 	 16.400538
   58 	 0.009095 	 15.310011 	 16.400538
   59 	 0.002328 	 14.498578 	 16.400538
   60 	 0.002328 	 13.705669 	 16.400538
   61 	 0.009447 	 15.582779 	 16.400538
   62 	 0.009447 	 14.508052 	 16.400538
   63 	 0.002328 	 13.965076 	 16.400538
   64 	 0.005599 	 13.963579 	 16.400538
   65 	 0.005599 	 14.496561 	 16.400538
   66 	 0.009447 	 14.516303 	 16.400538
   67 	 0.005599 	 13.968452 	 16.400538
   68 	 0.002328 	 14.783362 	 16.400538
   69 	 0.005599 	 15.585525 	 16.400538
   70 	 0.002328 	 15.582517 	 16.400538
   71 	 0.026436 	 14.775868 	 16.400538
   72 	 0.005599 	 14.251722 	 16.400538
   73 	 0.005599 	 13.980905 	 16.400538
   74 	 0.005599 	 15.315432 	 16.400538
   75 	 0.009095 	 14.227160 	 16.400538
   76 	 0.005599 	 14.778709 	 16.400538
   77 	 0.002328 	 15.036044 	 16.400538
   78 	 0.002328 	 14.250734 	 16.400538
   79 	 0.005599 	 14.241612 	 16.400538
 