   0 	 0.000256 	 0.069006 	 1.796500
    1 	 0.002355 	 1.016828 	 1.796500
    2 	 0.000687 	 1.120737 	 1.796500
    3 	 0.003179 	 1.418472 	 1.796500
    4 	 0.003196 	 1.492052 	 1.796500
    5 	 0.124871 	 1.691454 	 1.796500
    6 	 0.003179 	 1.596871 	 1.796500
    7 	 0.003179 	 1.666949 	 1.796500
    8 	 0.002780 	 1.582473 	 1.796500
    9 	 0.003179 	 1.625127 	 1.796500
   10 	 0.004332 	 1.664336 	 1.796500
   11 	 0.003179 	 1.624724 	 1.796500
   12 	 0.003179 	 1.708862 	 1.796500
   13 	 0.003179 	 1.711193 	 1.796500
   14 	 0.002244 	 1.679400 	 1.796500
   15 	 0.004332 	 1.653177 	 1.796500
   16 	 0.003179 	 1.652315 	 1.796500
   17 	 0.002244 	 1.536034 	 1.796500
   18 	 0.003179 	 1.629425 	 1.796500
   19 	 0.003196 	 1.741063 	 1.796500
   20 	 0.097008 	 1.714301 	 1.796500
   21 	 0.003179 	 1.601188 	 1.796500
   22 	 0.003179 	 1.536456 	 1.796500
   23 	 0.003179 	 1.588267 	 1.796500
   24 	 0.097008 	 1.742626 	 1.796500
   25 	 0.003179 	 1.618126 	 1.796500
   26 	 0.003196 	 1.592656 	 1.796500
   27 	 0.002244 	 1.559985 	 1.796500
   28 	 0.002244 	 1.653413 	 1.796500
   29 	 0.004332 	 1.738306 	 1.796500
   30 	 0.003179 	 1.515866 	 1.796500
   31 	 0.002244 	 1.474756 	 1.796500
   32 	 0.002244 	 1.679364 	 1.796500
   33 	 0.003179 	 1.679395 	 1.796500
   34 	 0.002244 	 1.561244 	 1.796500
   35 	 0.002244 	 1.651385 	 1.796500
   36 	 0.003179 	 1.503881 	 1.796500
   37 	 0.002244 	 1.654279 	 1.796500
   38 	 0.003179 	 1.678590 	 1.796500
   39 	 0.003179 	 1.565439 	 1.796500
   40 	 0.002244 	 1.678934 	 1.796500
   41 	 0.002244 	 1.678958 	 1.796500
   42 	 0.002244 	 1.587796 	 1.796500
   43 	 0.002244 	 1.681289 	 1.796500
   44 	 0.003196 	 1.619279 	 1.796500
   45 	 0.003196 	 1.565387 	 1.796500
   46 	 0.002244 	 1.589438 	 1.796500
   47 	 0.003179 	 1.683893 	 1.796500
   48 	 0.003196 	 1.568558 	 1.796500
   49 	 0.001454 	 1.647128 	 1.796500
   50 	 0.003179 	 1.651818 	 1.796500
   51 	 0.002244 	 1.626687 	 1.796500
   52 	 0.002244 	 1.762906 	 6.947506
   53 	 0.026402 	 1.910106 	 6.947506
   54 	 0.003196 	 2.451797 	 6.947506
   55 	 0.003196 	 3.294404 	 6.947506
   56 	 0.002444 	 5.516333 	 6.947506
   57 	 0.004166 	 5.728756 	 6.947506
   58 	 0.004166 	 6.327730 	 6.947506
   59 	 0.003599 	 6.369354 	 6.947506
   60 	 0.004166 	 6.370709 	 6.947506
   61 	 0.002444 	 6.385664 	 6.947506
   62 	 0.124871 	 6.833796 	 6.947506
   63 	 0.004166 	 5.924313 	 6.947506
   64 	 0.002444 	 6.485700 	 6.947506
   65 	 0.002444 	 6.156437 	 6.947506
   66 	 0.026402 	 6.373566 	 6.947506
   67 	 0.004166 	 6.369969 	 6.947506
   68 	 0.002444 	 6.155624 	 6.947506
   69 	 0.002444 	 6.170486 	 6.947506
   70 	 0.003905 	 6.140709 	 6.947506
   71 	 0.002444 	 6.270010 	 6.947506
   72 	 0.003905 	 5.792766 	 6.947506
   73 	 0.004166 	 6.053473 	 6.947506
   74 	 0.003905 	 6.153502 	 6.947506
   75 	 0.008438 	 6.271691 	 6.947506
   76 	 0.002444 	 6.484580 	 6.947506
   77 	 0.002444 	 6.602294 	 6.947506
   78 	 0.002444 	 6.383807 	 6.947506
   79 	 0.003905 	 6.385148 	 6.947506
 