   0 	 0.000503 	 0.311486 	 16.400538
    1 	 0.000849 	 13.694828 	 16.400538
    2 	 0.085328 	 16.128618 	 16.400538
    3 	 0.005599 	 14.491133 	 16.400538
    4 	 0.009095 	 15.040836 	 16.400538
    5 	 0.002328 	 15.311069 	 16.400538
    6 	 16.400538 	 16.400538 	 16.400538
    7 	 0.001796 	 14.510438 	 16.400538
    8 	 0.002328 	 14.761401 	 16.400538
    9 	 0.002328 	 14.500307 	 16.400538
   10 	 0.009095 	 13.984112 	 16.400538
   11 	 0.002328 	 15.307893 	 16.400538
   12 	 0.002328 	 15.034963 	 16.400538
   13 	 0.002328 	 13.949231 	 16.400538
   14 	 0.005599 	 15.329956 	 16.400538
   15 	 0.002328 	 15.326947 	 16.400538
   16 	 0.002328 	 15.054800 	 16.400538
   17 	 0.002328 	 15.597932 	 16.400538
   18 	 0.002328 	 14.224154 	 16.400538
   19 	 0.005599 	 14.508356 	 16.400538
   20 	 0.002328 	 14.489707 	 16.400538
   21 	 0.002328 	 14.507964 	 16.400538
   22 	 0.005599 	 14.521484 	 16.400538
   23 	 0.005599 	 13.417652 	 16.400538
   24 	 0.002328 	 15.034991 	 16.400538
   25 	 0.009447 	 15.586487 	 16.400538
   26 	 0.002328 	 15.313065 	 16.400538
   27 	 0.009447 	 14.789154 	 16.400538
   28 	 0.006847 	 15.857977 	 16.400538
   29 	 0.005599 	 15.039844 	 16.400538
   30 	 0.009447 	 13.965839 	 16.400538
   31 	 0.001043 	 14.510511 	 16.400538
   32 	 0.002328 	 14.540216 	 16.400538
   33 	 0.002328 	 14.253130 	 16.400538
   34 	 0.009095 	 14.783380 	 16.400538
   35 	 0.005599 	 14.497176 	 16.400538
   36 	 0.002328 	 14.765983 	 16.400538
   37 	 0.002328 	 13.431906 	 16.400538
   38 	 0.009095 	 14.782385 	 16.400538
   39 	 0.002328 	 14.510934 	 16.400538
   40 	 0.002328 	 15.309149 	 16.400538
   41 	 0.002328 	 15.039384 	 16.400538
   42 	 0.002328 	 13.450500 	 16.400538
   43 	 0.002328 	 14.226711 	 16.400538
   44 	 0.009095 	 15.310741 	 16.400538
   45 	 0.042090 	 15.855256 	 16.400538
   46 	 0.002328 	 14.243754 	 16.400538
   47 	 0.002328 	 15.037668 	 16.400538
   48 	 0.108574 	 15.330370 	 16.400538
   49 	 0.005599 	 14.523553 	 16.400538
   50 	 0.000986 	 13.405494 	 16.400538
   51 	 0.009095 	 15.039831 	 16.400538
   52 	 0.009095 	 15.041980 	 16.400538
   53 	 0.005599 	 15.315295 	 16.400538
   54 	 0.108574 	 15.857472 	 16.400538
   55 	 0.009095 	 14.252426 	 16.400538
   56 	 0.009095 	 15.596393 	 16.400538
   57 	 0.002306 	 14.764072 	 16.400538
   58 	 0.005599 	 14.509029 	 16.400538
   59 	 0.001411 	 14.491600 	 16.400538
   60 	 0.005599 	 15.307664 	 16.400538
   61 	 0.002328 	 14.783526 	 16.400538
   62 	 0.002328 	 14.793223 	 16.400538
   63 	 0.002328 	 13.694570 	 16.400538
   64 	 0.002328 	 14.240249 	 16.400538
   65 	 0.002328 	 14.502510 	 16.400538
   66 	 0.009095 	 14.792248 	 16.400538
   67 	 0.026436 	 15.042597 	 16.400538
   68 	 0.026436 	 15.586770 	 16.400538
   69 	 0.009095 	 14.511476 	 16.400538
   70 	 0.002328 	 15.854332 	 16.400538
   71 	 0.002328 	 14.489043 	 16.400538
   72 	 0.005599 	 15.041988 	 16.400538
   73 	 0.002328 	 14.017546 	 16.400538
   74 	 0.026436 	 15.071232 	 16.400538
   75 	 0.002328 	 14.228220 	 16.400538
   76 	 0.002328 	 15.309332 	 16.400538
   77 	 0.009447 	 15.584220 	 16.400538
   78 	 0.026436 	 14.787432 	 16.400538
   79 	 0.005599 	 15.585525 	 16.400538
 