   0 	 -1.000000 	 11.614992 	 100.000000
    1 	 -1.000000 	 74.994722 	 100.000000
    2 	 -1.000000 	 73.388889 	 100.000000
    3 	 -1.000000 	 68.291667 	 100.000000
    4 	 -1.000000 	 69.984722 	 100.000000
    5 	 -1.000000 	 76.636111 	 100.000000
    6 	 -1.000000 	 66.688889 	 100.000000
    7 	 -1.000000 	 71.622222 	 100.000000
    8 	 -1.000000 	 63.357242 	 100.000000
    9 	 -1.000000 	 74.965278 	 100.000000
   10 	 -1.000000 	 88.322917 	 100.000000
   11 	 -1.000000 	 74.973056 	 100.000000
   12 	 -1.000000 	 78.365417 	 100.000000
   13 	 -1.000000 	 68.331944 	 100.000000
   14 	 -1.000000 	 78.307341 	 100.000000
   15 	 -1.000000 	 68.297222 	 100.000000
   16 	 -1.000000 	 79.986111 	 100.000000
   17 	 -1.000000 	 78.334722 	 100.000000
   18 	 -1.000000 	 86.686111 	 100.000000
   19 	 -1.000000 	 74.936111 	 100.000000
   20 	 -1.000000 	 80.005556 	 100.000000
   21 	 -1.000000 	 78.309722 	 100.000000
   22 	 -1.000000 	 78.340278 	 100.000000
   23 	 -1.000000 	 76.738889 	 100.000000
   24 	 -1.000000 	 81.602778 	 100.000000
   25 	 -1.000000 	 73.318056 	 100.000000
   26 	 -0.500000 	 75.046944 	 100.000000
   27 	 -1.000000 	 78.287500 	 100.000000
   28 	 -1.000000 	 83.355556 	 100.000000
   29 	 -1.000000 	 70.011111 	 100.000000
   30 	 -1.000000 	 86.666667 	 100.000000
   31 	 -1.000000 	 75.034722 	 100.000000
   32 	 -1.000000 	 70.100000 	 100.000000
   33 	 -0.500000 	 81.670000 	 100.000000
   34 	 -1.000000 	 89.981944 	 100.000000
   35 	 -1.000000 	 78.301389 	 100.000000
   36 	 -1.000000 	 78.294444 	 100.000000
   37 	 -1.000000 	 80.054167 	 100.000000
   38 	 -1.000000 	 85.000000 	 100.000000
   39 	 -1.000000 	 70.047222 	 100.000000
   40 	 -1.000000 	 81.615278 	 100.000000
   41 	 -1.000000 	 83.293452 	 100.000000
   42 	 -1.000000 	 83.316111 	 100.000000
   43 	 -1.000000 	 83.293056 	 100.000000
   44 	 -0.500000 	 75.015278 	 100.000000
   45 	 -1.000000 	 81.620833 	 100.000000
   46 	 -1.000000 	 76.700000 	 100.000000
   47 	 -1.000000 	 74.981944 	 100.000000
   48 	 -1.000000 	 83.340278 	 100.000000
   49 	 -0.500000 	 78.401389 	 100.000000
   50 	 -1.000000 	 89.966667 	 100.000000
   51 	 -1.000000 	 85.024444 	 100.000000
   52 	 -1.000000 	 80.022222 	 100.000000
   53 	 -1.000000 	 78.418056 	 100.000000
   54 	 -1.000000 	 79.970833 	 100.000000
   55 	 -0.500000 	 90.047222 	 100.000000
   56 	 -1.000000 	 83.277778 	 100.000000
   57 	 -0.500000 	 80.025397 	 100.000000
   58 	 -1.000000 	 74.988889 	 100.000000
   59 	 -1.000000 	 84.953611 	 100.000000
   60 	 -1.000000 	 81.669444 	 100.000000
   61 	 -1.000000 	 84.948611 	 100.000000
   62 	 -0.500000 	 81.688889 	 100.000000
   63 	 -1.000000 	 80.029167 	 100.000000
   64 	 -0.500000 	 76.718056 	 100.000000
   65 	 -1.000000 	 91.655556 	 100.000000
   66 	 -1.000000 	 83.267500 	 100.000000
   67 	 -1.000000 	 80.020833 	 100.000000
   68 	 -1.000000 	 78.300000 	 100.000000
   69 	 -0.250000 	 91.691667 	 100.000000
   70 	 -0.500000 	 85.004167 	 100.000000
   71 	 -1.000000 	 81.691667 	 100.000000
   72 	 -1.000000 	 83.288889 	 100.000000
   73 	 -1.000000 	 81.648056 	 100.000000
   74 	 -0.333333 	 80.045833 	 100.000000
   75 	 -1.000000 	 75.040278 	 100.000000
   76 	 -1.000000 	 74.981944 	 100.000000
   77 	 -1.000000 	 76.629167 	 100.000000
   78 	 -1.000000 	 83.362500 	 100.000000
   79 	 -1.000000 	 78.326389 	 100.000000
 