   0 	 -1.000000 	 9.992407 	 100.000000
    1 	 -1.000000 	 81.625000 	 100.000000
    2 	 -1.000000 	 76.694444 	 100.000000
    3 	 -1.000000 	 78.352778 	 100.000000
    4 	 -1.000000 	 69.932778 	 100.000000
    5 	 -1.000000 	 70.013333 	 100.000000
    6 	 -1.000000 	 71.690000 	 100.000000
    7 	 -0.500000 	 80.006389 	 100.000000
    8 	 -1.000000 	 71.672659 	 100.000000
    9 	 -1.000000 	 66.585437 	 100.000000
   10 	 -1.000000 	 80.023611 	 100.000000
   11 	 -0.333333 	 71.749603 	 100.000000
   12 	 -1.000000 	 75.054563 	 100.000000
   13 	 -1.000000 	 66.695833 	 100.000000
   14 	 -1.000000 	 65.132778 	 100.000000
   15 	 -1.000000 	 79.957778 	 100.000000
   16 	 -1.000000 	 66.694213 	 100.000000
   17 	 -1.000000 	 64.986111 	 100.000000
   18 	 -1.000000 	 71.636508 	 100.000000
   19 	 -1.000000 	 61.650833 	 100.000000
   20 	 -1.000000 	 81.583333 	 100.000000
   21 	 -1.000000 	 84.987917 	 100.000000
   22 	 -1.000000 	 69.985278 	 100.000000
   23 	 -1.000000 	 75.082242 	 100.000000
   24 	 -1.000000 	 83.312500 	 100.000000
   25 	 -1.000000 	 83.356905 	 100.000000
   26 	 -1.000000 	 79.951389 	 100.000000
   27 	 -1.000000 	 79.985648 	 100.000000
   28 	 -1.000000 	 73.216667 	 100.000000
   29 	 -1.000000 	 66.626230 	 100.000000
   30 	 -1.000000 	 70.000992 	 100.000000
   31 	 -1.000000 	 68.348611 	 100.000000
   32 	 -1.000000 	 76.691667 	 100.000000
   33 	 -1.000000 	 66.617758 	 100.000000
   34 	 -1.000000 	 65.005000 	 100.000000
   35 	 -0.500000 	 88.303333 	 100.000000
   36 	 -0.500000 	 73.359444 	 100.000000
   37 	 -1.000000 	 58.333492 	 100.000000
   38 	 -1.000000 	 69.961667 	 100.000000
   39 	 -1.000000 	 75.011944 	 100.000000
   40 	 -1.000000 	 85.004167 	 100.000000
   41 	 -1.000000 	 73.288492 	 100.000000
   42 	 -1.000000 	 69.971389 	 100.000000
   43 	 -1.000000 	 80.020278 	 100.000000
   44 	 -1.000000 	 81.722222 	 100.000000
   45 	 -1.000000 	 76.628611 	 100.000000
   46 	 -1.000000 	 83.303611 	 100.000000
   47 	 -1.000000 	 86.688333 	 100.000000
   48 	 -1.000000 	 71.684722 	 100.000000
   49 	 -1.000000 	 83.266667 	 100.000000
   50 	 -1.000000 	 84.995833 	 100.000000
   51 	 -1.000000 	 89.945833 	 100.000000
   52 	 -1.000000 	 81.663889 	 100.000000
   53 	 -1.000000 	 76.672222 	 100.000000
   54 	 -1.000000 	 80.027778 	 100.000000
   55 	 -1.000000 	 86.662500 	 100.000000
   56 	 -1.000000 	 81.726389 	 100.000000
   57 	 -1.000000 	 86.634722 	 100.000000
   58 	 -1.000000 	 86.652778 	 100.000000
   59 	 -1.000000 	 81.656944 	 100.000000
   60 	 -1.000000 	 88.320833 	 100.000000
   61 	 -1.000000 	 83.302778 	 100.000000
   62 	 -1.000000 	 76.685556 	 100.000000
   63 	 -1.000000 	 79.940278 	 100.000000
   64 	 -1.000000 	 76.686944 	 100.000000
   65 	 -1.000000 	 81.700126 	 100.000000
   66 	 -1.000000 	 73.356944 	 100.000000
   67 	 -1.000000 	 81.665278 	 100.000000
   68 	 -1.000000 	 81.691667 	 100.000000
   69 	 -1.000000 	 81.695833 	 100.000000
   70 	 -1.000000 	 83.341270 	 100.000000
   71 	 0.250000 	 85.084722 	 100.000000
   72 	 -1.000000 	 78.342500 	 100.000000
   73 	 -1.000000 	 75.027778 	 100.000000
   74 	 -1.000000 	 78.334722 	 100.000000
   75 	 -0.333333 	 83.338333 	 100.000000
   76 	 -1.000000 	 75.003611 	 100.000000
   77 	 -1.000000 	 85.001389 	 100.000000
   78 	 -1.000000 	 81.672222 	 100.000000
   79 	 -1.000000 	 86.669841 	 100.000000
 