   0 	 -1.000000 	 1.764477 	 100.000000
    1 	 -1.000000 	 78.289722 	 100.000000
    2 	 -1.000000 	 84.978770 	 100.000000
    3 	 -1.000000 	 81.650694 	 100.000000
    4 	 -1.000000 	 76.627222 	 100.000000
    5 	 -1.000000 	 78.308333 	 100.000000
    6 	 -1.000000 	 83.319048 	 100.000000
    7 	 -1.000000 	 71.603333 	 100.000000
    8 	 -1.000000 	 79.945833 	 100.000000
    9 	 -1.000000 	 83.356944 	 100.000000
   10 	 -1.000000 	 88.327778 	 100.000000
   11 	 -1.000000 	 81.613889 	 100.000000
   12 	 -1.000000 	 81.616667 	 100.000000
   13 	 -1.000000 	 75.022917 	 100.000000
   14 	 -1.000000 	 71.580556 	 100.000000
   15 	 -1.000000 	 81.655556 	 100.000000
   16 	 -1.000000 	 69.953611 	 100.000000
   17 	 -1.000000 	 88.313889 	 100.000000
   18 	 -1.000000 	 74.959722 	 100.000000
   19 	 -1.000000 	 78.313889 	 100.000000
   20 	 -1.000000 	 80.006944 	 100.000000
   21 	 -1.000000 	 78.326389 	 100.000000
   22 	 -1.000000 	 83.361111 	 100.000000
   23 	 -1.000000 	 79.944444 	 100.000000
   24 	 -1.000000 	 86.633333 	 100.000000
   25 	 -1.000000 	 86.638889 	 100.000000
   26 	 -1.000000 	 84.954167 	 100.000000
   27 	 -1.000000 	 83.376389 	 100.000000
   28 	 -1.000000 	 84.950000 	 100.000000
   29 	 -1.000000 	 84.938750 	 100.000000
   30 	 -1.000000 	 88.350397 	 100.000000
   31 	 -1.000000 	 76.628333 	 100.000000
   32 	 -1.000000 	 78.280556 	 100.000000
   33 	 -1.000000 	 76.626389 	 100.000000
   34 	 -1.000000 	 78.262500 	 100.000000
   35 	 -1.000000 	 84.948611 	 100.000000
   36 	 -1.000000 	 79.962500 	 100.000000
   37 	 -1.000000 	 80.034722 	 100.000000
   38 	 -0.333333 	 85.036111 	 100.000000
   39 	 -1.000000 	 76.518056 	 100.000000
   40 	 -0.333333 	 84.985714 	 100.000000
   41 	 -1.000000 	 78.394444 	 100.000000
   42 	 -1.000000 	 88.319444 	 100.000000
   43 	 -1.000000 	 66.629861 	 100.000000
   44 	 -1.000000 	 79.997222 	 100.000000
   45 	 -1.000000 	 80.044444 	 100.000000
   46 	 -1.000000 	 79.931944 	 100.000000
   47 	 -1.000000 	 84.994444 	 100.000000
   48 	 -1.000000 	 79.983333 	 100.000000
   49 	 -1.000000 	 78.255556 	 100.000000
   50 	 -1.000000 	 78.304167 	 100.000000
   51 	 -1.000000 	 80.016111 	 100.000000
   52 	 -1.000000 	 84.938889 	 100.000000
   53 	 -1.000000 	 76.686111 	 100.000000
   54 	 -1.000000 	 83.371389 	 100.000000
   55 	 -1.000000 	 84.947222 	 100.000000
   56 	 -1.000000 	 83.377778 	 100.000000
   57 	 -1.000000 	 84.961111 	 100.000000
   58 	 -1.000000 	 75.051389 	 100.000000
   59 	 -1.000000 	 79.964722 	 100.000000
   60 	 -1.000000 	 79.975833 	 100.000000
   61 	 -1.000000 	 79.965278 	 100.000000
   62 	 -1.000000 	 83.343056 	 100.000000
   63 	 -1.000000 	 74.925000 	 100.000000
   64 	 -1.000000 	 78.274444 	 100.000000
   65 	 -1.000000 	 78.254167 	 100.000000
   66 	 -1.000000 	 86.684722 	 100.000000
   67 	 -0.333333 	 88.311111 	 100.000000
   68 	 -1.000000 	 91.616667 	 100.000000
   69 	 -1.000000 	 81.570833 	 100.000000
   70 	 -1.000000 	 84.972222 	 100.000000
   71 	 -1.000000 	 75.056944 	 100.000000
   72 	 -1.000000 	 86.622222 	 100.000000
   73 	 -1.000000 	 88.273611 	 100.000000
   74 	 -0.333333 	 83.326389 	 100.000000
   75 	 -1.000000 	 86.641667 	 100.000000
   76 	 -1.000000 	 76.586111 	 100.000000
   77 	 -1.000000 	 88.295833 	 100.000000
   78 	 -1.000000 	 81.625000 	 100.000000
   79 	 -1.000000 	 88.319444 	 100.000000
 