   0 	 -1.000000 	 6.702181 	 100.000000
    1 	 -1.000000 	 66.582778 	 100.000000
    2 	 -1.000000 	 71.655000 	 100.000000
    3 	 -1.000000 	 69.946111 	 100.000000
    4 	 -1.000000 	 68.368889 	 100.000000
    5 	 -1.000000 	 68.277778 	 100.000000
    6 	 -1.000000 	 71.694048 	 100.000000
    7 	 -1.000000 	 66.691667 	 100.000000
    8 	 -1.000000 	 66.712500 	 100.000000
    9 	 -1.000000 	 75.059722 	 100.000000
   10 	 -1.000000 	 68.371230 	 100.000000
   11 	 -1.000000 	 68.311111 	 100.000000
   12 	 -1.000000 	 74.975437 	 100.000000
   13 	 -1.000000 	 64.893056 	 100.000000
   14 	 -1.000000 	 68.251230 	 100.000000
   15 	 -0.500000 	 78.343056 	 100.000000
   16 	 -1.000000 	 76.622778 	 100.000000
   17 	 -1.000000 	 84.997222 	 100.000000
   18 	 -1.000000 	 76.678472 	 100.000000
   19 	 -0.500000 	 85.016667 	 100.000000
   20 	 -1.000000 	 68.311111 	 100.000000
   21 	 -1.000000 	 83.307778 	 100.000000
   22 	 -1.000000 	 70.000000 	 100.000000
   23 	 -1.000000 	 81.645833 	 100.000000
   24 	 -1.000000 	 80.035278 	 100.000000
   25 	 -1.000000 	 83.267222 	 100.000000
   26 	 -0.500000 	 81.693056 	 100.000000
   27 	 -1.000000 	 76.720833 	 100.000000
   28 	 -1.000000 	 78.341667 	 100.000000
   29 	 -1.000000 	 69.985278 	 100.000000
   30 	 -0.500000 	 78.390833 	 100.000000
   31 	 -1.000000 	 74.990833 	 100.000000
   32 	 -1.000000 	 81.643611 	 100.000000
   33 	 -1.000000 	 66.645278 	 100.000000
   34 	 -1.000000 	 78.296389 	 100.000000
   35 	 -1.000000 	 73.373333 	 100.000000
   36 	 -1.000000 	 80.027778 	 100.000000
   37 	 -1.000000 	 79.998611 	 100.000000
   38 	 -1.000000 	 76.616667 	 100.000000
   39 	 -1.000000 	 80.026389 	 100.000000
   40 	 -0.500000 	 78.445000 	 100.000000
   41 	 -0.250000 	 85.042222 	 100.000000
   42 	 -1.000000 	 83.322778 	 100.000000
   43 	 -1.000000 	 70.054722 	 100.000000
   44 	 -1.000000 	 75.050000 	 100.000000
   45 	 -0.500000 	 76.729167 	 100.000000
   46 	 -1.000000 	 79.975000 	 100.000000
   47 	 -1.000000 	 86.652500 	 100.000000
   48 	 -1.000000 	 80.048611 	 100.000000
   49 	 -1.000000 	 90.025000 	 100.000000
   50 	 -1.000000 	 86.682500 	 100.000000
   51 	 -0.500000 	 85.008333 	 100.000000
   52 	 -1.000000 	 71.668611 	 100.000000
   53 	 -1.000000 	 83.378333 	 100.000000
   54 	 -1.000000 	 81.730556 	 100.000000
   55 	 -1.000000 	 78.402500 	 100.000000
   56 	 -1.000000 	 85.012500 	 100.000000
   57 	 -1.000000 	 83.330556 	 100.000000
   58 	 -0.500000 	 76.724722 	 100.000000
   59 	 0.333333 	 95.030556 	 100.000000
   60 	 -0.500000 	 75.079167 	 100.000000
   61 	 -1.000000 	 83.354167 	 100.000000
   62 	 -0.500000 	 78.322619 	 100.000000
   63 	 -1.000000 	 88.329167 	 100.000000
   64 	 -1.000000 	 81.679167 	 100.000000
   65 	 -1.000000 	 76.670000 	 100.000000
   66 	 -1.000000 	 79.965000 	 100.000000
   67 	 -0.250000 	 90.046389 	 100.000000
   68 	 -0.500000 	 93.329722 	 100.000000
   69 	 -1.000000 	 80.051389 	 100.000000
   70 	 -0.500000 	 85.063056 	 100.000000
   71 	 -1.000000 	 80.006944 	 100.000000
   72 	 -0.333333 	 90.008889 	 100.000000
   73 	 -1.000000 	 81.682778 	 100.000000
   74 	 -1.000000 	 70.067222 	 100.000000
   75 	 -1.000000 	 73.372222 	 100.000000
   76 	 -1.000000 	 80.025556 	 100.000000
   77 	 -1.000000 	 78.373056 	 100.000000
   78 	 -1.000000 	 90.007500 	 100.000000
   79 	 -1.000000 	 70.016667 	 100.000000
 