   0 	 -1.000000 	 3.258981 	 100.000000
    1 	 -1.000000 	 81.643056 	 100.000000
    2 	 -1.000000 	 79.941111 	 100.000000
    3 	 -1.000000 	 73.259881 	 100.000000
    4 	 -1.000000 	 76.621786 	 100.000000
    5 	 -1.000000 	 76.631944 	 100.000000
    6 	 -1.000000 	 76.629722 	 100.000000
    7 	 -1.000000 	 65.054167 	 100.000000
    8 	 -1.000000 	 63.325000 	 100.000000
    9 	 -1.000000 	 79.929722 	 100.000000
   10 	 -1.000000 	 71.667063 	 100.000000
   11 	 -1.000000 	 84.997619 	 100.000000
   12 	 -1.000000 	 79.983333 	 100.000000
   13 	 -1.000000 	 65.013889 	 100.000000
   14 	 -1.000000 	 64.962361 	 100.000000
   15 	 -1.000000 	 86.654563 	 100.000000
   16 	 -1.000000 	 70.004167 	 100.000000
   17 	 -1.000000 	 79.969444 	 100.000000
   18 	 -1.000000 	 69.969444 	 100.000000
   19 	 -1.000000 	 83.265833 	 100.000000
   20 	 -1.000000 	 78.272222 	 100.000000
   21 	 -1.000000 	 89.998611 	 100.000000
   22 	 -1.000000 	 76.558333 	 100.000000
   23 	 -1.000000 	 75.008333 	 100.000000
   24 	 -1.000000 	 83.284167 	 100.000000
   25 	 -1.000000 	 74.979167 	 100.000000
   26 	 -1.000000 	 84.984722 	 100.000000
   27 	 -1.000000 	 70.021667 	 100.000000
   28 	 -1.000000 	 84.985278 	 100.000000
   29 	 -1.000000 	 80.040278 	 100.000000
   30 	 -1.000000 	 79.944444 	 100.000000
   31 	 -1.000000 	 84.969444 	 100.000000
   32 	 -1.000000 	 88.327778 	 100.000000
   33 	 -1.000000 	 78.348214 	 100.000000
   34 	 -0.500000 	 81.712500 	 100.000000
   35 	 -1.000000 	 83.326389 	 100.000000
   36 	 -1.000000 	 83.315278 	 100.000000
   37 	 -1.000000 	 71.595278 	 100.000000
   38 	 -1.000000 	 80.016667 	 100.000000
   39 	 -1.000000 	 71.700833 	 100.000000
   40 	 -1.000000 	 78.333333 	 100.000000
   41 	 -1.000000 	 78.372222 	 100.000000
   42 	 -1.000000 	 84.972222 	 100.000000
   43 	 -1.000000 	 70.002639 	 100.000000
   44 	 -1.000000 	 74.978611 	 100.000000
   45 	 -1.000000 	 75.006944 	 100.000000
   46 	 -1.000000 	 74.946389 	 100.000000
   47 	 -1.000000 	 86.644444 	 100.000000
   48 	 -1.000000 	 78.336667 	 100.000000
   49 	 -1.000000 	 76.677222 	 100.000000
   50 	 -1.000000 	 84.942500 	 100.000000
   51 	 -0.333333 	 81.665278 	 100.000000
   52 	 -1.000000 	 80.013889 	 100.000000
   53 	 -1.000000 	 81.715833 	 100.000000
   54 	 -1.000000 	 75.026389 	 100.000000
   55 	 -1.000000 	 68.377778 	 100.000000
   56 	 -1.000000 	 76.621389 	 100.000000
   57 	 -1.000000 	 66.593611 	 100.000000
   58 	 -1.000000 	 85.029167 	 100.000000
   59 	 -1.000000 	 64.894444 	 100.000000
   60 	 -1.000000 	 65.050694 	 100.000000
   61 	 -1.000000 	 85.030556 	 100.000000
   62 	 -1.000000 	 85.015278 	 100.000000
   63 	 -1.000000 	 65.010278 	 100.000000
   64 	 -1.000000 	 76.645833 	 100.000000
   65 	 -1.000000 	 81.725000 	 100.000000
   66 	 -1.000000 	 76.647222 	 100.000000
   67 	 -0.500000 	 75.053333 	 100.000000
   68 	 -1.000000 	 83.308889 	 100.000000
   69 	 -1.000000 	 73.324444 	 100.000000
   70 	 -1.000000 	 71.615972 	 100.000000
   71 	 -1.000000 	 68.297222 	 100.000000
   72 	 -1.000000 	 83.334722 	 100.000000
   73 	 -1.000000 	 81.641667 	 100.000000
   74 	 -1.000000 	 88.316667 	 100.000000
   75 	 -1.000000 	 80.001944 	 100.000000
   76 	 -1.000000 	 78.386667 	 100.000000
   77 	 -1.000000 	 75.022222 	 100.000000
   78 	 -1.000000 	 76.622222 	 100.000000
   79 	 -1.000000 	 71.652222 	 100.000000
 