   0 	 -1.000000 	 3.273723 	 100.000000
    1 	 -1.000000 	 78.344444 	 100.000000
    2 	 -0.500000 	 91.668056 	 100.000000
    3 	 -0.500000 	 73.373889 	 100.000000
    4 	 -1.000000 	 78.345833 	 100.000000
    5 	 -1.000000 	 79.994444 	 100.000000
    6 	 -1.000000 	 76.724444 	 100.000000
    7 	 -1.000000 	 71.663333 	 100.000000
    8 	 -1.000000 	 76.650000 	 100.000000
    9 	 -1.000000 	 81.676389 	 100.000000
   10 	 -1.000000 	 83.265278 	 100.000000
   11 	 -0.333333 	 81.694444 	 100.000000
   12 	 -1.000000 	 88.326389 	 100.000000
   13 	 -1.000000 	 78.366270 	 100.000000
   14 	 -0.500000 	 75.078241 	 100.000000
   15 	 -1.000000 	 83.328333 	 100.000000
   16 	 -0.500000 	 81.723611 	 100.000000
   17 	 -1.000000 	 85.005556 	 100.000000
   18 	 -1.000000 	 81.600000 	 100.000000
   19 	 -1.000000 	 80.054167 	 100.000000
   20 	 -1.000000 	 88.358333 	 100.000000
   21 	 -1.000000 	 83.311111 	 100.000000
   22 	 -1.000000 	 76.619444 	 100.000000
   23 	 -1.000000 	 79.950000 	 100.000000
   24 	 -0.500000 	 76.755000 	 100.000000
   25 	 -1.000000 	 88.344444 	 100.000000
   26 	 -1.000000 	 80.044444 	 100.000000
   27 	 -1.000000 	 81.680556 	 100.000000
   28 	 -1.000000 	 85.008333 	 100.000000
   29 	 -1.000000 	 88.356944 	 100.000000
   30 	 -0.333333 	 78.387500 	 100.000000
   31 	 -1.000000 	 80.047222 	 100.000000
   32 	 -1.000000 	 80.066667 	 100.000000
   33 	 -1.000000 	 86.693056 	 100.000000
   34 	 -1.000000 	 83.358333 	 100.000000
   35 	 -0.500000 	 86.684722 	 100.000000
   36 	 -1.000000 	 79.973611 	 100.000000
   37 	 -0.500000 	 91.668056 	 100.000000
   38 	 -1.000000 	 80.050556 	 100.000000
   39 	 -0.500000 	 78.451389 	 100.000000
   40 	 -1.000000 	 81.675000 	 100.000000
   41 	 -1.000000 	 80.025000 	 100.000000
   42 	 -1.000000 	 85.029167 	 100.000000
   43 	 -1.000000 	 78.380556 	 100.000000
   44 	 -0.500000 	 83.329167 	 100.000000
   45 	 -1.000000 	 85.020833 	 100.000000
   46 	 -1.000000 	 75.055556 	 100.000000
   47 	 -1.000000 	 81.669444 	 100.000000
   48 	 -1.000000 	 83.301389 	 100.000000
   49 	 -1.000000 	 81.670833 	 100.000000
   50 	 -1.000000 	 81.618056 	 100.000000
   51 	 -1.000000 	 84.989352 	 100.000000
   52 	 -0.333333 	 81.726389 	 100.000000
   53 	 -1.000000 	 73.328333 	 100.000000
   54 	 -1.000000 	 81.700000 	 100.000000
   55 	 -1.000000 	 76.659722 	 100.000000
   56 	 -1.000000 	 89.987500 	 100.000000
   57 	 -1.000000 	 78.334722 	 100.000000
   58 	 -1.000000 	 84.987500 	 100.000000
   59 	 -1.000000 	 78.373611 	 100.000000
   60 	 -1.000000 	 80.051389 	 100.000000
   61 	 -1.000000 	 83.297222 	 100.000000
   62 	 -0.500000 	 80.038889 	 100.000000
   63 	 -1.000000 	 84.999167 	 100.000000
   64 	 -0.500000 	 88.352778 	 100.000000
   65 	 -1.000000 	 76.716270 	 100.000000
   66 	 -1.000000 	 81.654167 	 100.000000
   67 	 -1.000000 	 88.306944 	 100.000000
   68 	 -1.000000 	 81.688889 	 100.000000
   69 	 -1.000000 	 84.958333 	 100.000000
   70 	 -1.000000 	 78.237500 	 100.000000
   71 	 -1.000000 	 83.326389 	 100.000000
   72 	 -1.000000 	 81.645833 	 100.000000
   73 	 -1.000000 	 76.661111 	 100.000000
   74 	 -1.000000 	 78.338889 	 100.000000
   75 	 -1.000000 	 86.651389 	 100.000000
   76 	 -1.000000 	 79.990278 	 100.000000
   77 	 -1.000000 	 90.009722 	 100.000000
   78 	 -1.000000 	 81.704167 	 100.000000
   79 	 -1.000000 	 81.704167 	 100.000000
 