   0 	 -1.000000 	 3.228952 	 100.000000
    1 	 -1.000000 	 66.689444 	 100.000000
    2 	 -0.500000 	 85.040278 	 100.000000
    3 	 -1.000000 	 86.667222 	 100.000000
    4 	 -1.000000 	 80.035278 	 100.000000
    5 	 -1.000000 	 84.970833 	 100.000000
    6 	 -0.250000 	 81.736111 	 100.000000
    7 	 -1.000000 	 76.598611 	 100.000000
    8 	 -1.000000 	 76.658492 	 100.000000
    9 	 -1.000000 	 78.333333 	 100.000000
   10 	 -1.000000 	 88.340278 	 100.000000
   11 	 -1.000000 	 85.062500 	 100.000000
   12 	 -0.333333 	 93.348611 	 100.000000
   13 	 -1.000000 	 83.357500 	 100.000000
   14 	 -0.250000 	 91.678472 	 100.000000
   15 	 -1.000000 	 84.984325 	 100.000000
   16 	 -1.000000 	 85.031389 	 100.000000
   17 	 -1.000000 	 80.049444 	 100.000000
   18 	 -0.333333 	 76.766270 	 100.000000
   19 	 -0.250000 	 86.684722 	 100.000000
   20 	 -0.250000 	 93.341667 	 100.000000
   21 	 -0.333333 	 83.394444 	 100.000000
   22 	 -0.333333 	 83.390278 	 100.000000
   23 	 -1.000000 	 81.722222 	 100.000000
   24 	 -1.000000 	 86.731944 	 100.000000
   25 	 -0.250000 	 81.721389 	 100.000000
   26 	 -1.000000 	 89.990278 	 100.000000
   27 	 -1.000000 	 81.660119 	 100.000000
   28 	 -0.500000 	 85.041667 	 100.000000
   29 	 -1.000000 	 76.726389 	 100.000000
   30 	 -1.000000 	 90.011111 	 100.000000
   31 	 -1.000000 	 78.329167 	 100.000000
   32 	 -0.333333 	 86.726389 	 100.000000
   33 	 -1.000000 	 83.392361 	 100.000000
   34 	 -1.000000 	 81.690278 	 100.000000
   35 	 -1.000000 	 91.676389 	 100.000000
   36 	 -1.000000 	 88.309722 	 100.000000
   37 	 -1.000000 	 83.391667 	 100.000000
   38 	 -1.000000 	 83.329167 	 100.000000
   39 	 -1.000000 	 90.002778 	 100.000000
   40 	 -1.000000 	 86.623611 	 100.000000
   41 	 -1.000000 	 86.704167 	 100.000000
   42 	 -1.000000 	 88.361111 	 100.000000
   43 	 -1.000000 	 84.992500 	 100.000000
   44 	 -1.000000 	 88.359167 	 100.000000
   45 	 -1.000000 	 86.667500 	 100.000000
   46 	 -0.250000 	 88.391667 	 100.000000
   47 	 -1.000000 	 83.329167 	 100.000000
   48 	 -0.333333 	 81.756944 	 100.000000
   49 	 -0.200000 	 90.038333 	 100.000000
   50 	 -0.500000 	 86.733333 	 100.000000
   51 	 -1.000000 	 83.373611 	 100.000000
   52 	 -0.500000 	 85.050000 	 100.000000
   53 	 -1.000000 	 81.688889 	 100.000000
   54 	 -0.500000 	 83.365278 	 100.000000
   55 	 -1.000000 	 78.416667 	 100.000000
   56 	 -1.000000 	 86.692500 	 100.000000
   57 	 -1.000000 	 88.355556 	 100.000000
   58 	 -1.000000 	 80.006944 	 100.000000
   59 	 -1.000000 	 83.358889 	 100.000000
   60 	 -1.000000 	 83.372222 	 100.000000
   61 	 -1.000000 	 85.032778 	 100.000000
   62 	 -1.000000 	 88.340714 	 100.000000
   63 	 -1.000000 	 90.026389 	 100.000000
   64 	 -1.000000 	 81.733333 	 100.000000
   65 	 -1.000000 	 81.650000 	 100.000000
   66 	 -1.000000 	 85.020833 	 100.000000
   67 	 -0.250000 	 78.424444 	 100.000000
   68 	 -1.000000 	 90.016667 	 100.000000
   69 	 -1.000000 	 75.093056 	 100.000000
   70 	 -1.000000 	 79.988889 	 100.000000
   71 	 -0.250000 	 83.393981 	 100.000000
   72 	 -1.000000 	 86.688889 	 100.000000
   73 	 -0.500000 	 81.714722 	 100.000000
   74 	 -0.250000 	 88.401389 	 100.000000
   75 	 -1.000000 	 83.335556 	 100.000000
   76 	 -0.250000 	 85.054167 	 100.000000
   77 	 -0.333333 	 83.383333 	 100.000000
   78 	 -1.000000 	 83.343889 	 100.000000
   79 	 -1.000000 	 86.675000 	 100.000000
 