   0 	 -1.000000 	 14.922402 	 100.000000
    1 	 -1.000000 	 76.679557 	 100.000000
    2 	 -1.000000 	 70.023611 	 100.000000
    3 	 -1.000000 	 70.068056 	 100.000000
    4 	 -1.000000 	 60.055694 	 100.000000
    5 	 -1.000000 	 66.662500 	 100.000000
    6 	 -1.000000 	 71.674306 	 100.000000
    7 	 -1.000000 	 70.049048 	 100.000000
    8 	 -1.000000 	 68.341667 	 100.000000
    9 	 -0.500000 	 78.335278 	 100.000000
   10 	 -1.000000 	 73.313056 	 100.000000
   11 	 -1.000000 	 66.680853 	 100.000000
   12 	 -1.000000 	 78.325000 	 100.000000
   13 	 -1.000000 	 73.335556 	 100.000000
   14 	 -1.000000 	 75.041111 	 100.000000
   15 	 -1.000000 	 78.330556 	 100.000000
   16 	 -1.000000 	 69.973452 	 100.000000
   17 	 -1.000000 	 70.013333 	 100.000000
   18 	 -0.250000 	 75.159722 	 100.000000
   19 	 -0.250000 	 85.057500 	 100.000000
   20 	 -1.000000 	 61.651687 	 100.000000
   21 	 -1.000000 	 71.687500 	 100.000000
   22 	 -1.000000 	 61.697778 	 100.000000
   23 	 -0.500000 	 78.351825 	 100.000000
   24 	 -1.000000 	 86.606944 	 100.000000
   25 	 -0.500000 	 80.056944 	 100.000000
   26 	 -1.000000 	 78.284167 	 100.000000
   27 	 -0.500000 	 81.706944 	 100.000000
   28 	 -0.500000 	 75.079167 	 100.000000
   29 	 -1.000000 	 85.000000 	 100.000000
   30 	 -0.500000 	 78.355159 	 100.000000
   31 	 -1.000000 	 73.369444 	 100.000000
   32 	 -1.000000 	 86.677778 	 100.000000
   33 	 -1.000000 	 88.341667 	 100.000000
   34 	 -1.000000 	 80.019048 	 100.000000
   35 	 -1.000000 	 80.027778 	 100.000000
   36 	 -0.500000 	 83.350000 	 100.000000
   37 	 -1.000000 	 83.348611 	 100.000000
   38 	 -1.000000 	 85.025556 	 100.000000
   39 	 -1.000000 	 81.670833 	 100.000000
   40 	 -0.500000 	 88.375000 	 100.000000
   41 	 -1.000000 	 86.648889 	 100.000000
   42 	 -0.250000 	 95.020833 	 100.000000
   43 	 -1.000000 	 86.673056 	 100.000000
   44 	 -1.000000 	 86.674167 	 100.000000
   45 	 -0.333333 	 83.343889 	 100.000000
   46 	 -1.000000 	 83.362500 	 100.000000
   47 	 -1.000000 	 80.027778 	 100.000000
   48 	 -0.333333 	 90.038889 	 100.000000
   49 	 -1.000000 	 83.354167 	 100.000000
   50 	 -1.000000 	 76.687500 	 100.000000
   51 	 -0.250000 	 86.680000 	 100.000000
   52 	 -0.250000 	 81.695278 	 100.000000
   53 	 -0.250000 	 83.416667 	 100.000000
   54 	 -0.250000 	 90.045833 	 100.000000
   55 	 -1.000000 	 84.969444 	 100.000000
   56 	 -0.333333 	 81.687500 	 100.000000
   57 	 -1.000000 	 80.066667 	 100.000000
   58 	 -1.000000 	 86.649444 	 100.000000
   59 	 -0.333333 	 88.395833 	 100.000000
   60 	 -1.000000 	 86.659722 	 100.000000
   61 	 -0.333333 	 91.684722 	 100.000000
   62 	 -1.000000 	 81.697222 	 100.000000
   63 	 -0.250000 	 83.427778 	 100.000000
   64 	 -0.250000 	 83.384325 	 100.000000
   65 	 -1.000000 	 83.348611 	 100.000000
   66 	 -1.000000 	 80.051389 	 100.000000
   67 	 -0.500000 	 90.022222 	 100.000000
   68 	 -1.000000 	 83.372222 	 100.000000
   69 	 -0.500000 	 91.666667 	 100.000000
   70 	 -0.250000 	 88.368056 	 100.000000
   71 	 -1.000000 	 85.025833 	 100.000000
   72 	 -0.500000 	 83.354167 	 100.000000
   73 	 -1.000000 	 84.983333 	 100.000000
   74 	 -0.250000 	 93.347222 	 100.000000
   75 	 0.250000 	 88.418056 	 100.000000
   76 	 -1.000000 	 78.290417 	 100.000000
   77 	 -0.500000 	 83.383333 	 100.000000
   78 	 -0.333333 	 83.385417 	 100.000000
   79 	 -1.000000 	 80.044444 	 100.000000
 