   0 	 -1.000000 	 9.987546 	 100.000000
    1 	 -1.000000 	 70.014444 	 100.000000
    2 	 -0.500000 	 78.361409 	 100.000000
    3 	 -1.000000 	 83.358333 	 100.000000
    4 	 -1.000000 	 70.010000 	 100.000000
    5 	 -1.000000 	 68.338056 	 100.000000
    6 	 -1.000000 	 73.282778 	 100.000000
    7 	 -1.000000 	 70.009722 	 100.000000
    8 	 -1.000000 	 71.644444 	 100.000000
    9 	 -1.000000 	 53.207500 	 100.000000
   10 	 -1.000000 	 71.657500 	 100.000000
   11 	 -1.000000 	 71.653611 	 100.000000
   12 	 -1.000000 	 79.947685 	 100.000000
   13 	 -0.250000 	 85.023214 	 100.000000
   14 	 -1.000000 	 68.375595 	 100.000000
   15 	 -1.000000 	 65.013611 	 100.000000
   16 	 -1.000000 	 68.301389 	 100.000000
   17 	 -1.000000 	 68.404603 	 100.000000
   18 	 -1.000000 	 71.695833 	 100.000000
   19 	 -1.000000 	 75.015278 	 100.000000
   20 	 -1.000000 	 71.648452 	 100.000000
   21 	 -1.000000 	 63.347639 	 100.000000
   22 	 -1.000000 	 86.659722 	 100.000000
   23 	 -1.000000 	 73.367222 	 100.000000
   24 	 -1.000000 	 64.959444 	 100.000000
   25 	 -1.000000 	 76.658611 	 100.000000
   26 	 -1.000000 	 73.326389 	 100.000000
   27 	 -1.000000 	 81.635556 	 100.000000
   28 	 -1.000000 	 85.030556 	 100.000000
   29 	 -1.000000 	 73.279167 	 100.000000
   30 	 -1.000000 	 73.250000 	 100.000000
   31 	 -0.500000 	 78.358333 	 100.000000
   32 	 -1.000000 	 83.340833 	 100.000000
   33 	 -1.000000 	 73.288333 	 100.000000
   34 	 -1.000000 	 68.353611 	 100.000000
   35 	 -1.000000 	 73.410119 	 100.000000
   36 	 -1.000000 	 70.011389 	 100.000000
   37 	 -1.000000 	 71.640278 	 100.000000
   38 	 -1.000000 	 69.928611 	 100.000000
   39 	 -1.000000 	 83.348611 	 100.000000
   40 	 -1.000000 	 71.591667 	 100.000000
   41 	 -1.000000 	 74.952778 	 100.000000
   42 	 -1.000000 	 73.330000 	 100.000000
   43 	 -1.000000 	 75.005000 	 100.000000
   44 	 -1.000000 	 89.944444 	 100.000000
   45 	 -1.000000 	 68.380556 	 100.000000
   46 	 -1.000000 	 78.325833 	 100.000000
   47 	 -1.000000 	 81.670833 	 100.000000
   48 	 -1.000000 	 83.319444 	 100.000000
   49 	 -1.000000 	 83.352778 	 100.000000
   50 	 -1.000000 	 85.009722 	 100.000000
   51 	 -1.000000 	 80.030000 	 100.000000
   52 	 -1.000000 	 75.068056 	 100.000000
   53 	 -1.000000 	 79.959167 	 100.000000
   54 	 -1.000000 	 74.958333 	 100.000000
   55 	 -1.000000 	 80.018611 	 100.000000
   56 	 -1.000000 	 75.016111 	 100.000000
   57 	 -1.000000 	 80.020833 	 100.000000
   58 	 -1.000000 	 74.940278 	 100.000000
   59 	 -1.000000 	 76.684325 	 100.000000
   60 	 -1.000000 	 85.005556 	 100.000000
   61 	 -1.000000 	 80.023611 	 100.000000
   62 	 -0.500000 	 75.055556 	 100.000000
   63 	 -1.000000 	 78.321111 	 100.000000
   64 	 -1.000000 	 88.315278 	 100.000000
   65 	 -1.000000 	 84.947222 	 100.000000
   66 	 -1.000000 	 94.962500 	 100.000000
   67 	 -1.000000 	 81.688889 	 100.000000
   68 	 -1.000000 	 74.975000 	 100.000000
   69 	 -1.000000 	 84.975000 	 100.000000
   70 	 -1.000000 	 83.352778 	 100.000000
   71 	 -1.000000 	 69.933333 	 100.000000
   72 	 -1.000000 	 74.988889 	 100.000000
   73 	 -0.333333 	 90.011111 	 100.000000
   74 	 -1.000000 	 76.597222 	 100.000000
   75 	 -1.000000 	 88.304167 	 100.000000
   76 	 -1.000000 	 78.344444 	 100.000000
   77 	 -1.000000 	 84.958333 	 100.000000
   78 	 -1.000000 	 85.013492 	 100.000000
   79 	 -1.000000 	 81.631944 	 100.000000
 