   0 	 -1.000000 	 5.084253 	 100.000000
    1 	 -1.000000 	 61.710556 	 100.000000
    2 	 -1.000000 	 71.704167 	 100.000000
    3 	 -1.000000 	 74.954722 	 100.000000
    4 	 -1.000000 	 78.327778 	 100.000000
    5 	 -1.000000 	 78.324167 	 100.000000
    6 	 -1.000000 	 73.355556 	 100.000000
    7 	 -0.500000 	 84.998214 	 100.000000
    8 	 -1.000000 	 74.968750 	 100.000000
    9 	 -1.000000 	 76.677778 	 100.000000
   10 	 -1.000000 	 80.010417 	 100.000000
   11 	 -1.000000 	 75.003472 	 100.000000
   12 	 -1.000000 	 66.800556 	 100.000000
   13 	 -1.000000 	 83.362500 	 100.000000
   14 	 -1.000000 	 71.720139 	 100.000000
   15 	 -1.000000 	 74.995000 	 100.000000
   16 	 -1.000000 	 73.336111 	 100.000000
   17 	 -1.000000 	 73.330417 	 100.000000
   18 	 -1.000000 	 78.365278 	 100.000000
   19 	 -1.000000 	 66.763519 	 100.000000
   20 	 -1.000000 	 80.030556 	 100.000000
   21 	 -1.000000 	 81.673611 	 100.000000
   22 	 -1.000000 	 76.655556 	 100.000000
   23 	 -1.000000 	 78.340278 	 100.000000
   24 	 -1.000000 	 80.049537 	 100.000000
   25 	 -1.000000 	 78.343056 	 100.000000
   26 	 -1.000000 	 81.672222 	 100.000000
   27 	 -1.000000 	 83.359722 	 100.000000
   28 	 -0.500000 	 76.718056 	 100.000000
   29 	 -1.000000 	 78.402778 	 100.000000
   30 	 -1.000000 	 74.994147 	 100.000000
   31 	 -1.000000 	 73.397222 	 100.000000
   32 	 -1.000000 	 83.318056 	 100.000000
   33 	 -1.000000 	 66.670833 	 100.000000
   34 	 -1.000000 	 79.956944 	 100.000000
   35 	 -1.000000 	 86.648056 	 100.000000
   36 	 -0.500000 	 76.730556 	 100.000000
   37 	 -1.000000 	 71.707341 	 100.000000
   38 	 -1.000000 	 88.325000 	 100.000000
   39 	 -0.500000 	 86.700000 	 100.000000
   40 	 -1.000000 	 73.240833 	 100.000000
   41 	 -1.000000 	 81.638889 	 100.000000
   42 	 -1.000000 	 83.354167 	 100.000000
   43 	 -1.000000 	 71.727778 	 100.000000
   44 	 -1.000000 	 83.383333 	 100.000000
   45 	 -1.000000 	 78.304167 	 100.000000
   46 	 -1.000000 	 83.314583 	 100.000000
   47 	 -1.000000 	 85.005556 	 100.000000
   48 	 -1.000000 	 78.269444 	 100.000000
   49 	 -1.000000 	 83.348611 	 100.000000
   50 	 -1.000000 	 78.276944 	 100.000000
   51 	 -0.333333 	 83.356389 	 100.000000
   52 	 -1.000000 	 86.673056 	 100.000000
   53 	 -1.000000 	 78.383333 	 100.000000
   54 	 -1.000000 	 79.941667 	 100.000000
   55 	 -1.000000 	 83.281944 	 100.000000
   56 	 -1.000000 	 80.018056 	 100.000000
   57 	 -1.000000 	 83.354167 	 100.000000
   58 	 -1.000000 	 75.047222 	 100.000000
   59 	 -1.000000 	 80.049167 	 100.000000
   60 	 -1.000000 	 88.358333 	 100.000000
   61 	 -1.000000 	 80.004167 	 100.000000
   62 	 -0.500000 	 86.706944 	 100.000000
   63 	 -0.333333 	 78.377500 	 100.000000
   64 	 -1.000000 	 90.011111 	 100.000000
   65 	 -1.000000 	 81.715278 	 100.000000
   66 	 -1.000000 	 78.369444 	 100.000000
   67 	 -0.333333 	 78.391369 	 100.000000
   68 	 -1.000000 	 80.027778 	 100.000000
   69 	 -1.000000 	 83.329167 	 100.000000
   70 	 -1.000000 	 75.032500 	 100.000000
   71 	 -0.500000 	 75.093056 	 100.000000
   72 	 -0.500000 	 78.381944 	 100.000000
   73 	 -1.000000 	 83.345833 	 100.000000
   74 	 -1.000000 	 88.291667 	 100.000000
   75 	 -0.500000 	 80.049167 	 100.000000
   76 	 -1.000000 	 86.616667 	 100.000000
   77 	 -1.000000 	 78.305556 	 100.000000
   78 	 -1.000000 	 75.013889 	 100.000000
   79 	 -0.500000 	 78.367063 	 100.000000
 