   0 	 -1.000000 	 4.938114 	 100.000000
    1 	 -1.000000 	 71.651250 	 100.000000
    2 	 -0.500000 	 73.348843 	 100.000000
    3 	 -1.000000 	 66.674563 	 100.000000
    4 	 -1.000000 	 71.691667 	 100.000000
    5 	 -1.000000 	 76.641111 	 100.000000
    6 	 -1.000000 	 81.705556 	 100.000000
    7 	 -0.333333 	 76.719583 	 100.000000
    8 	 -1.000000 	 70.045893 	 100.000000
    9 	 -1.000000 	 83.325119 	 100.000000
   10 	 -1.000000 	 79.924444 	 100.000000
   11 	 -1.000000 	 83.320833 	 100.000000
   12 	 -1.000000 	 66.661944 	 100.000000
   13 	 -1.000000 	 66.686667 	 100.000000
   14 	 -1.000000 	 74.991667 	 100.000000
   15 	 -1.000000 	 76.660278 	 100.000000
   16 	 -1.000000 	 81.580556 	 100.000000
   17 	 -1.000000 	 84.943452 	 100.000000
   18 	 -1.000000 	 76.594802 	 100.000000
   19 	 -1.000000 	 86.656944 	 100.000000
   20 	 -0.500000 	 83.408333 	 100.000000
   21 	 -1.000000 	 76.679563 	 100.000000
   22 	 -1.000000 	 79.936111 	 100.000000
   23 	 -1.000000 	 83.320833 	 100.000000
   24 	 -1.000000 	 81.659722 	 100.000000
   25 	 -1.000000 	 80.013333 	 100.000000
   26 	 -1.000000 	 69.868056 	 100.000000
   27 	 -1.000000 	 66.657500 	 100.000000
   28 	 -1.000000 	 66.645833 	 100.000000
   29 	 -1.000000 	 73.391667 	 100.000000
   30 	 -1.000000 	 65.016667 	 100.000000
   31 	 -1.000000 	 79.990278 	 100.000000
   32 	 -1.000000 	 76.684722 	 100.000000
   33 	 -1.000000 	 83.311667 	 100.000000
   34 	 -1.000000 	 68.319120 	 100.000000
   35 	 -1.000000 	 79.975000 	 100.000000
   36 	 -0.333333 	 85.048148 	 100.000000
   37 	 -1.000000 	 80.028048 	 100.000000
   38 	 -1.000000 	 83.320833 	 100.000000
   39 	 -1.000000 	 78.250694 	 100.000000
   40 	 -1.000000 	 85.041667 	 100.000000
   41 	 -1.000000 	 76.672778 	 100.000000
   42 	 -1.000000 	 81.631019 	 100.000000
   43 	 -1.000000 	 76.589306 	 100.000000
   44 	 -0.500000 	 85.004167 	 100.000000
   45 	 -1.000000 	 78.236111 	 100.000000
   46 	 -1.000000 	 83.316667 	 100.000000
   47 	 -1.000000 	 88.326389 	 100.000000
   48 	 -1.000000 	 83.301389 	 100.000000
   49 	 -0.500000 	 81.702778 	 100.000000
   50 	 -1.000000 	 81.666667 	 100.000000
   51 	 -1.000000 	 74.996230 	 100.000000
   52 	 -1.000000 	 78.368750 	 100.000000
   53 	 -1.000000 	 76.686111 	 100.000000
   54 	 -1.000000 	 83.319444 	 100.000000
   55 	 -1.000000 	 81.692500 	 100.000000
   56 	 -1.000000 	 84.983333 	 100.000000
   57 	 -1.000000 	 79.966667 	 100.000000
   58 	 -1.000000 	 78.345833 	 100.000000
   59 	 -1.000000 	 81.646667 	 100.000000
   60 	 -1.000000 	 83.341667 	 100.000000
   61 	 -1.000000 	 73.308056 	 100.000000
   62 	 -1.000000 	 76.638333 	 100.000000
   63 	 -1.000000 	 86.636944 	 100.000000
   64 	 -1.000000 	 73.331389 	 100.000000
   65 	 -1.000000 	 83.320278 	 100.000000
   66 	 -1.000000 	 78.270833 	 100.000000
   67 	 -1.000000 	 73.325000 	 100.000000
   68 	 -1.000000 	 78.290278 	 100.000000
   69 	 -1.000000 	 86.633333 	 100.000000
   70 	 -1.000000 	 78.331944 	 100.000000
   71 	 -1.000000 	 84.975556 	 100.000000
   72 	 -1.000000 	 83.331389 	 100.000000
   73 	 -1.000000 	 81.604167 	 100.000000
   74 	 -1.000000 	 86.698611 	 100.000000
   75 	 -1.000000 	 76.595437 	 100.000000
   76 	 -1.000000 	 88.319444 	 100.000000
   77 	 -1.000000 	 74.967361 	 100.000000
   78 	 -1.000000 	 85.004167 	 100.000000
   79 	 -1.000000 	 88.320833 	 100.000000
 