   0 	 -1.000000 	 3.267901 	 100.000000
    1 	 -1.000000 	 79.979167 	 100.000000
    2 	 -1.000000 	 68.324563 	 100.000000
    3 	 -1.000000 	 66.572222 	 100.000000
    4 	 -1.000000 	 73.388333 	 100.000000
    5 	 -1.000000 	 73.345694 	 100.000000
    6 	 -1.000000 	 83.336111 	 100.000000
    7 	 -1.000000 	 81.653333 	 100.000000
    8 	 -1.000000 	 88.350000 	 100.000000
    9 	 -0.500000 	 81.700000 	 100.000000
   10 	 -1.000000 	 86.680556 	 100.000000
   11 	 -1.000000 	 78.322222 	 100.000000
   12 	 -1.000000 	 69.953056 	 100.000000
   13 	 -1.000000 	 85.000000 	 100.000000
   14 	 -1.000000 	 83.341667 	 100.000000
   15 	 -1.000000 	 75.011111 	 100.000000
   16 	 -1.000000 	 76.601389 	 100.000000
   17 	 -1.000000 	 78.350000 	 100.000000
   18 	 -1.000000 	 81.687500 	 100.000000
   19 	 -0.250000 	 88.366667 	 100.000000
   20 	 -1.000000 	 84.988889 	 100.000000
   21 	 -1.000000 	 84.987500 	 100.000000
   22 	 -1.000000 	 79.936111 	 100.000000
   23 	 -1.000000 	 81.604167 	 100.000000
   24 	 -1.000000 	 83.354167 	 100.000000
   25 	 -1.000000 	 86.683333 	 100.000000
   26 	 -1.000000 	 81.631389 	 100.000000
   27 	 -1.000000 	 83.250000 	 100.000000
   28 	 -1.000000 	 89.970833 	 100.000000
   29 	 -1.000000 	 80.002222 	 100.000000
   30 	 -1.000000 	 85.029167 	 100.000000
   31 	 -1.000000 	 83.323611 	 100.000000
   32 	 -1.000000 	 88.292778 	 100.000000
   33 	 -1.000000 	 73.351389 	 100.000000
   34 	 -1.000000 	 86.600000 	 100.000000
   35 	 -1.000000 	 78.307778 	 100.000000
   36 	 -1.000000 	 78.288889 	 100.000000
   37 	 -1.000000 	 76.610417 	 100.000000
   38 	 -1.000000 	 86.625000 	 100.000000
   39 	 -1.000000 	 86.670833 	 100.000000
   40 	 -0.500000 	 78.362500 	 100.000000
   41 	 -0.500000 	 83.345833 	 100.000000
   42 	 -1.000000 	 84.993889 	 100.000000
   43 	 -1.000000 	 86.666667 	 100.000000
   44 	 -1.000000 	 88.295833 	 100.000000
   45 	 -1.000000 	 73.298889 	 100.000000
   46 	 -1.000000 	 88.296111 	 100.000000
   47 	 -1.000000 	 79.931389 	 100.000000
   48 	 -1.000000 	 84.979167 	 100.000000
   49 	 -1.000000 	 79.905000 	 100.000000
   50 	 -1.000000 	 76.563889 	 100.000000
   51 	 -1.000000 	 78.275000 	 100.000000
   52 	 -1.000000 	 84.944444 	 100.000000
   53 	 -1.000000 	 83.311111 	 100.000000
   54 	 -1.000000 	 86.626389 	 100.000000
   55 	 -1.000000 	 88.358333 	 100.000000
   56 	 -0.500000 	 81.701389 	 100.000000
   57 	 -1.000000 	 86.662500 	 100.000000
   58 	 -1.000000 	 81.573611 	 100.000000
   59 	 -1.000000 	 84.970833 	 100.000000
   60 	 -1.000000 	 84.983333 	 100.000000
   61 	 -1.000000 	 86.629167 	 100.000000
   62 	 -1.000000 	 86.645139 	 100.000000
   63 	 -1.000000 	 90.000000 	 100.000000
   64 	 -1.000000 	 89.929167 	 100.000000
   65 	 -1.000000 	 79.970278 	 100.000000
   66 	 -1.000000 	 84.956389 	 100.000000
   67 	 -0.500000 	 88.330556 	 100.000000
   68 	 -1.000000 	 79.970278 	 100.000000
   69 	 -1.000000 	 84.931944 	 100.000000
   70 	 -1.000000 	 83.343750 	 100.000000
   71 	 -1.000000 	 89.990278 	 100.000000
   72 	 -1.000000 	 80.004167 	 100.000000
   73 	 -1.000000 	 83.350000 	 100.000000
   74 	 -1.000000 	 81.661111 	 100.000000
   75 	 -1.000000 	 85.050000 	 100.000000
   76 	 -0.500000 	 84.997222 	 100.000000
   77 	 -1.000000 	 86.635648 	 100.000000
   78 	 -1.000000 	 78.320278 	 100.000000
   79 	 -1.000000 	 81.629167 	 100.000000
 