   0 	 -1.000000 	 10.017441 	 100.000000
    1 	 -1.000000 	 66.660675 	 100.000000
    2 	 -1.000000 	 58.331806 	 100.000000
    3 	 -1.000000 	 76.608333 	 100.000000
    4 	 -1.000000 	 84.998611 	 100.000000
    5 	 -1.000000 	 84.986111 	 100.000000
    6 	 -1.000000 	 76.664722 	 100.000000
    7 	 -1.000000 	 79.963889 	 100.000000
    8 	 -1.000000 	 63.335159 	 100.000000
    9 	 -1.000000 	 64.995278 	 100.000000
   10 	 -1.000000 	 74.932937 	 100.000000
   11 	 -1.000000 	 73.322222 	 100.000000
   12 	 -1.000000 	 66.670278 	 100.000000
   13 	 -1.000000 	 73.298492 	 100.000000
   14 	 -1.000000 	 64.977778 	 100.000000
   15 	 -1.000000 	 69.996667 	 100.000000
   16 	 -1.000000 	 69.950833 	 100.000000
   17 	 -1.000000 	 71.666667 	 100.000000
   18 	 -1.000000 	 79.982500 	 100.000000
   19 	 -1.000000 	 76.645833 	 100.000000
   20 	 -1.000000 	 73.339722 	 100.000000
   21 	 -1.000000 	 64.983333 	 100.000000
   22 	 -1.000000 	 73.315000 	 100.000000
   23 	 -1.000000 	 68.370397 	 100.000000
   24 	 -1.000000 	 80.011111 	 100.000000
   25 	 -1.000000 	 78.283333 	 100.000000
   26 	 -1.000000 	 71.752778 	 100.000000
   27 	 -1.000000 	 81.693056 	 100.000000
   28 	 -1.000000 	 68.369444 	 100.000000
   29 	 -1.000000 	 78.258333 	 100.000000
   30 	 -1.000000 	 83.337500 	 100.000000
   31 	 -1.000000 	 86.690278 	 100.000000
   32 	 -1.000000 	 56.738889 	 100.000000
   33 	 -1.000000 	 80.020000 	 100.000000
   34 	 -1.000000 	 71.593056 	 100.000000
   35 	 -1.000000 	 81.623056 	 100.000000
   36 	 -1.000000 	 80.009167 	 100.000000
   37 	 -1.000000 	 73.359167 	 100.000000
   38 	 -1.000000 	 78.312500 	 100.000000
   39 	 -1.000000 	 78.265278 	 100.000000
   40 	 -1.000000 	 81.667619 	 100.000000
   41 	 -1.000000 	 76.698611 	 100.000000
   42 	 -1.000000 	 85.027778 	 100.000000
   43 	 -1.000000 	 79.975000 	 100.000000
   44 	 -1.000000 	 69.965556 	 100.000000
   45 	 -1.000000 	 71.598611 	 100.000000
   46 	 -0.500000 	 83.375000 	 100.000000
   47 	 -1.000000 	 73.336111 	 100.000000
   48 	 -1.000000 	 86.641667 	 100.000000
   49 	 -1.000000 	 79.962500 	 100.000000
   50 	 -1.000000 	 83.341667 	 100.000000
   51 	 -1.000000 	 76.699167 	 100.000000
   52 	 -1.000000 	 83.295833 	 100.000000
   53 	 -1.000000 	 85.031944 	 100.000000
   54 	 -1.000000 	 74.986944 	 100.000000
   55 	 -1.000000 	 88.366667 	 100.000000
   56 	 -1.000000 	 76.686944 	 100.000000
   57 	 -1.000000 	 91.654167 	 100.000000
   58 	 -1.000000 	 75.002778 	 100.000000
   59 	 -1.000000 	 81.761111 	 100.000000
   60 	 -1.000000 	 76.623611 	 100.000000
   61 	 -1.000000 	 79.991667 	 100.000000
   62 	 -1.000000 	 81.720833 	 100.000000
   63 	 -1.000000 	 79.968611 	 100.000000
   64 	 -1.000000 	 88.294444 	 100.000000
   65 	 -1.000000 	 81.631389 	 100.000000
   66 	 -1.000000 	 86.656944 	 100.000000
   67 	 -1.000000 	 76.590278 	 100.000000
   68 	 -1.000000 	 88.305556 	 100.000000
   69 	 -1.000000 	 78.315278 	 100.000000
   70 	 -0.333333 	 83.386111 	 100.000000
   71 	 -1.000000 	 81.665278 	 100.000000
   72 	 -1.000000 	 78.302778 	 100.000000
   73 	 -1.000000 	 86.700000 	 100.000000
   74 	 -0.500000 	 86.666667 	 100.000000
   75 	 -1.000000 	 85.027778 	 100.000000
   76 	 -1.000000 	 83.346389 	 100.000000
   77 	 -0.500000 	 84.969444 	 100.000000
   78 	 -1.000000 	 85.000000 	 100.000000
   79 	 -1.000000 	 89.987500 	 100.000000
 