   0 	 -1.000000 	 10.052917 	 100.000000
    1 	 -1.000000 	 65.057500 	 100.000000
    2 	 -1.000000 	 76.681111 	 100.000000
    3 	 -1.000000 	 79.986111 	 100.000000
    4 	 -1.000000 	 60.007083 	 100.000000
    5 	 -1.000000 	 61.717659 	 100.000000
    6 	 -1.000000 	 84.978770 	 100.000000
    7 	 -1.000000 	 75.009722 	 100.000000
    8 	 -1.000000 	 65.020278 	 100.000000
    9 	 -1.000000 	 68.275833 	 100.000000
   10 	 -1.000000 	 81.678175 	 100.000000
   11 	 -1.000000 	 71.634722 	 100.000000
   12 	 -1.000000 	 69.898611 	 100.000000
   13 	 -1.000000 	 74.992500 	 100.000000
   14 	 -1.000000 	 61.625556 	 100.000000
   15 	 -1.000000 	 81.645833 	 100.000000
   16 	 -1.000000 	 81.651389 	 100.000000
   17 	 -1.000000 	 84.936111 	 100.000000
   18 	 -1.000000 	 83.311111 	 100.000000
   19 	 -1.000000 	 81.647222 	 100.000000
   20 	 -1.000000 	 79.987500 	 100.000000
   21 	 -1.000000 	 80.019048 	 100.000000
   22 	 -1.000000 	 74.983889 	 100.000000
   23 	 -1.000000 	 89.981944 	 100.000000
   24 	 -1.000000 	 78.337500 	 100.000000
   25 	 -1.000000 	 78.281389 	 100.000000
   26 	 -1.000000 	 85.002778 	 100.000000
   27 	 -1.000000 	 78.271667 	 100.000000
   28 	 -1.000000 	 78.295833 	 100.000000
   29 	 -1.000000 	 71.700833 	 100.000000
   30 	 -1.000000 	 74.933333 	 100.000000
   31 	 -1.000000 	 75.051389 	 100.000000
   32 	 -1.000000 	 90.012500 	 100.000000
   33 	 -1.000000 	 78.270833 	 100.000000
   34 	 -1.000000 	 76.640278 	 100.000000
   35 	 -1.000000 	 79.935556 	 100.000000
   36 	 -1.000000 	 83.292063 	 100.000000
   37 	 -1.000000 	 85.000000 	 100.000000
   38 	 -1.000000 	 78.337500 	 100.000000
   39 	 -1.000000 	 83.348611 	 100.000000
   40 	 -1.000000 	 78.343056 	 100.000000
   41 	 -1.000000 	 79.956944 	 100.000000
   42 	 -1.000000 	 70.012500 	 100.000000
   43 	 -1.000000 	 78.340675 	 100.000000
   44 	 -1.000000 	 73.318056 	 100.000000
   45 	 -1.000000 	 86.621825 	 100.000000
   46 	 -1.000000 	 81.662500 	 100.000000
   47 	 -1.000000 	 86.611111 	 100.000000
   48 	 -1.000000 	 81.650000 	 100.000000
   49 	 -1.000000 	 85.023611 	 100.000000
   50 	 -1.000000 	 84.997222 	 100.000000
   51 	 -1.000000 	 88.309722 	 100.000000
   52 	 -1.000000 	 88.281944 	 100.000000
   53 	 -1.000000 	 76.655556 	 100.000000
   54 	 -1.000000 	 78.328611 	 100.000000
   55 	 -0.250000 	 88.372222 	 100.000000
   56 	 -1.000000 	 88.281944 	 100.000000
   57 	 -1.000000 	 81.638889 	 100.000000
   58 	 -1.000000 	 88.306944 	 100.000000
   59 	 -1.000000 	 84.988333 	 100.000000
   60 	 -1.000000 	 84.983333 	 100.000000
   61 	 -1.000000 	 84.946389 	 100.000000
   62 	 -1.000000 	 79.978056 	 100.000000
   63 	 -1.000000 	 81.641964 	 100.000000
   64 	 -0.333333 	 86.688889 	 100.000000
   65 	 -1.000000 	 74.966667 	 100.000000
   66 	 -1.000000 	 81.690278 	 100.000000
   67 	 -1.000000 	 85.004167 	 100.000000
   68 	 -1.000000 	 81.634167 	 100.000000
   69 	 -1.000000 	 93.312500 	 100.000000
   70 	 -1.000000 	 81.686111 	 100.000000
   71 	 -1.000000 	 86.616667 	 100.000000
   72 	 -1.000000 	 78.308333 	 100.000000
   73 	 -1.000000 	 79.900000 	 100.000000
   74 	 -1.000000 	 85.011111 	 100.000000
   75 	 -1.000000 	 76.613889 	 100.000000
   76 	 -1.000000 	 86.590278 	 100.000000
   77 	 -1.000000 	 74.968056 	 100.000000
   78 	 -1.000000 	 79.958730 	 100.000000
   79 	 -1.000000 	 79.977778 	 100.000000
 