   0 	 -1.000000 	 8.390831 	 100.000000
    1 	 -1.000000 	 59.960556 	 100.000000
    2 	 -1.000000 	 65.017619 	 100.000000
    3 	 -1.000000 	 68.397083 	 100.000000
    4 	 -1.000000 	 74.986111 	 100.000000
    5 	 -1.000000 	 63.303194 	 100.000000
    6 	 -1.000000 	 71.644444 	 100.000000
    7 	 -1.000000 	 76.600833 	 100.000000
    8 	 -1.000000 	 66.670754 	 100.000000
    9 	 -0.500000 	 70.019841 	 100.000000
   10 	 -1.000000 	 73.339444 	 100.000000
   11 	 -0.333333 	 83.372222 	 100.000000
   12 	 -1.000000 	 78.293889 	 100.000000
   13 	 -1.000000 	 71.643889 	 100.000000
   14 	 -1.000000 	 73.302222 	 100.000000
   15 	 -1.000000 	 88.322778 	 100.000000
   16 	 -1.000000 	 81.670833 	 100.000000
   17 	 -1.000000 	 76.686111 	 100.000000
   18 	 -1.000000 	 80.001389 	 100.000000
   19 	 -1.000000 	 69.970833 	 100.000000
   20 	 -1.000000 	 88.325833 	 100.000000
   21 	 -1.000000 	 81.645833 	 100.000000
   22 	 -1.000000 	 79.970833 	 100.000000
   23 	 -1.000000 	 83.356944 	 100.000000
   24 	 -0.333333 	 86.687500 	 100.000000
   25 	 -1.000000 	 74.981944 	 100.000000
   26 	 -1.000000 	 84.959722 	 100.000000
   27 	 -1.000000 	 88.316667 	 100.000000
   28 	 -1.000000 	 86.637500 	 100.000000
   29 	 -1.000000 	 76.665278 	 100.000000
   30 	 -1.000000 	 79.976389 	 100.000000
   31 	 -1.000000 	 88.331944 	 100.000000
   32 	 -1.000000 	 83.313889 	 100.000000
   33 	 -1.000000 	 89.961111 	 100.000000
   34 	 -1.000000 	 84.973611 	 100.000000
   35 	 -1.000000 	 88.345833 	 100.000000
   36 	 -0.500000 	 75.022222 	 100.000000
   37 	 -1.000000 	 78.344444 	 100.000000
   38 	 -1.000000 	 84.956944 	 100.000000
   39 	 -1.000000 	 83.325000 	 100.000000
   40 	 -1.000000 	 81.676389 	 100.000000
   41 	 -1.000000 	 81.666667 	 100.000000
   42 	 0.333333 	 93.388889 	 100.000000
   43 	 -1.000000 	 88.358333 	 100.000000
   44 	 -1.000000 	 94.983333 	 100.000000
   45 	 -1.000000 	 68.377778 	 100.000000
   46 	 -1.000000 	 69.916667 	 100.000000
   47 	 -1.000000 	 76.714722 	 100.000000
   48 	 -0.500000 	 83.359722 	 100.000000
   49 	 -1.000000 	 79.987500 	 100.000000
   50 	 -1.000000 	 83.320833 	 100.000000
   51 	 -1.000000 	 84.993056 	 100.000000
   52 	 -1.000000 	 81.686667 	 100.000000
   53 	 -1.000000 	 84.947222 	 100.000000
   54 	 -1.000000 	 81.683889 	 100.000000
   55 	 -1.000000 	 79.997222 	 100.000000
   56 	 -1.000000 	 94.970833 	 100.000000
   57 	 -0.500000 	 86.676389 	 100.000000
   58 	 -1.000000 	 81.640278 	 100.000000
   59 	 -1.000000 	 78.288889 	 100.000000
   60 	 -1.000000 	 88.327778 	 100.000000
   61 	 -1.000000 	 84.970833 	 100.000000
   62 	 -1.000000 	 83.240278 	 100.000000
   63 	 -1.000000 	 93.331944 	 100.000000
   64 	 -1.000000 	 74.957778 	 100.000000
   65 	 -1.000000 	 79.929167 	 100.000000
   66 	 -1.000000 	 74.972778 	 100.000000
   67 	 -1.000000 	 86.645833 	 100.000000
   68 	 -1.000000 	 90.008333 	 100.000000
   69 	 -1.000000 	 88.287500 	 100.000000
   70 	 -1.000000 	 73.398611 	 100.000000
   71 	 -1.000000 	 81.672222 	 100.000000
   72 	 -1.000000 	 74.972222 	 100.000000
   73 	 -1.000000 	 75.014722 	 100.000000
   74 	 -1.000000 	 79.941667 	 100.000000
   75 	 -1.000000 	 81.670833 	 100.000000
   76 	 -1.000000 	 86.722222 	 100.000000
   77 	 -1.000000 	 86.666667 	 100.000000
   78 	 -1.000000 	 76.630556 	 100.000000
   79 	 -1.000000 	 88.291667 	 100.000000
 