   0 	 -1.000000 	 1.597128 	 100.000000
    1 	 -1.000000 	 73.419167 	 100.000000
    2 	 -1.000000 	 79.944444 	 100.000000
    3 	 -0.500000 	 85.019444 	 100.000000
    4 	 -1.000000 	 73.301389 	 100.000000
    5 	 -0.500000 	 90.051389 	 100.000000
    6 	 -1.000000 	 74.989444 	 100.000000
    7 	 -1.000000 	 90.022222 	 100.000000
    8 	 -1.000000 	 91.670833 	 100.000000
    9 	 -1.000000 	 79.958333 	 100.000000
   10 	 -1.000000 	 78.288889 	 100.000000
   11 	 -0.500000 	 90.043056 	 100.000000
   12 	 -0.500000 	 86.676389 	 100.000000
   13 	 -1.000000 	 86.700000 	 100.000000
   14 	 -1.000000 	 80.043056 	 100.000000
   15 	 -1.000000 	 91.647222 	 100.000000
   16 	 -1.000000 	 84.979167 	 100.000000
   17 	 -1.000000 	 76.660556 	 100.000000
   18 	 -1.000000 	 78.372778 	 100.000000
   19 	 -1.000000 	 81.684722 	 100.000000
   20 	 -1.000000 	 83.309722 	 100.000000
   21 	 -1.000000 	 75.034722 	 100.000000
   22 	 -1.000000 	 86.705556 	 100.000000
   23 	 -1.000000 	 83.348611 	 100.000000
   24 	 -1.000000 	 81.668889 	 100.000000
   25 	 -1.000000 	 86.640278 	 100.000000
   26 	 -1.000000 	 69.970833 	 100.000000
   27 	 -1.000000 	 81.722222 	 100.000000
   28 	 -1.000000 	 83.348611 	 100.000000
   29 	 -1.000000 	 68.305556 	 100.000000
   30 	 -1.000000 	 75.072222 	 100.000000
   31 	 -1.000000 	 76.677222 	 100.000000
   32 	 -1.000000 	 78.297222 	 100.000000
   33 	 -1.000000 	 81.652778 	 100.000000
   34 	 -1.000000 	 81.615278 	 100.000000
   35 	 -1.000000 	 84.996667 	 100.000000
   36 	 -1.000000 	 83.359167 	 100.000000
   37 	 -1.000000 	 81.681944 	 100.000000
   38 	 -1.000000 	 80.031944 	 100.000000
   39 	 -1.000000 	 81.691667 	 100.000000
   40 	 -1.000000 	 68.418056 	 100.000000
   41 	 -1.000000 	 76.670833 	 100.000000
   42 	 -1.000000 	 88.356944 	 100.000000
   43 	 -1.000000 	 86.647222 	 100.000000
   44 	 -1.000000 	 73.417222 	 100.000000
   45 	 -1.000000 	 81.655556 	 100.000000
   46 	 -1.000000 	 85.029167 	 100.000000
   47 	 -1.000000 	 73.306944 	 100.000000
   48 	 -1.000000 	 81.644444 	 100.000000
   49 	 -1.000000 	 78.434722 	 100.000000
   50 	 -1.000000 	 73.336111 	 100.000000
   51 	 -1.000000 	 81.644444 	 100.000000
   52 	 -1.000000 	 78.388889 	 100.000000
   53 	 -1.000000 	 68.304167 	 100.000000
   54 	 -1.000000 	 89.975833 	 100.000000
   55 	 -1.000000 	 75.058333 	 100.000000
   56 	 -1.000000 	 81.706944 	 100.000000
   57 	 -1.000000 	 81.693056 	 100.000000
   58 	 -1.000000 	 76.756250 	 100.000000
   59 	 -1.000000 	 81.704167 	 100.000000
   60 	 -1.000000 	 80.009722 	 100.000000
   61 	 -1.000000 	 73.361250 	 100.000000
   62 	 -1.000000 	 86.660417 	 100.000000
   63 	 -0.500000 	 84.989722 	 100.000000
   64 	 -1.000000 	 91.652222 	 100.000000
   65 	 -1.000000 	 78.338889 	 100.000000
   66 	 -1.000000 	 81.694444 	 100.000000
   67 	 -1.000000 	 81.663194 	 100.000000
   68 	 -1.000000 	 76.717500 	 100.000000
   69 	 -1.000000 	 81.634167 	 100.000000
   70 	 -1.000000 	 73.284722 	 100.000000
   71 	 -1.000000 	 86.697222 	 100.000000
   72 	 -1.000000 	 80.000833 	 100.000000
   73 	 -1.000000 	 84.970833 	 100.000000
   74 	 -1.000000 	 74.990278 	 100.000000
   75 	 -1.000000 	 78.404167 	 100.000000
   76 	 -1.000000 	 73.252778 	 100.000000
   77 	 -0.500000 	 86.695000 	 100.000000
   78 	 -1.000000 	 76.635556 	 100.000000
   79 	 -1.000000 	 88.321667 	 100.000000
 