   0 	 -1.000000 	 10.010565 	 100.000000
    1 	 -1.000000 	 68.273519 	 100.000000
    2 	 -1.000000 	 64.983175 	 100.000000
    3 	 -1.000000 	 74.980556 	 100.000000
    4 	 -0.500000 	 81.657870 	 100.000000
    5 	 -1.000000 	 66.619286 	 100.000000
    6 	 -1.000000 	 76.640278 	 100.000000
    7 	 -1.000000 	 81.655556 	 100.000000
    8 	 -1.000000 	 68.343056 	 100.000000
    9 	 -1.000000 	 68.340278 	 100.000000
   10 	 -1.000000 	 78.346667 	 100.000000
   11 	 -1.000000 	 73.313056 	 100.000000
   12 	 -1.000000 	 74.958333 	 100.000000
   13 	 -1.000000 	 66.675992 	 100.000000
   14 	 -1.000000 	 69.964722 	 100.000000
   15 	 -1.000000 	 73.336448 	 100.000000
   16 	 -1.000000 	 74.982341 	 100.000000
   17 	 -1.000000 	 76.642063 	 100.000000
   18 	 -1.000000 	 76.686667 	 100.000000
   19 	 -1.000000 	 73.341270 	 100.000000
   20 	 -1.000000 	 74.960556 	 100.000000
   21 	 -1.000000 	 69.986111 	 100.000000
   22 	 -1.000000 	 76.661111 	 100.000000
   23 	 -1.000000 	 78.311944 	 100.000000
   24 	 -1.000000 	 68.308333 	 100.000000
   25 	 -0.500000 	 78.341667 	 100.000000
   26 	 -1.000000 	 76.640278 	 100.000000
   27 	 -1.000000 	 89.979167 	 100.000000
   28 	 -1.000000 	 86.670000 	 100.000000
   29 	 -1.000000 	 76.572778 	 100.000000
   30 	 -1.000000 	 86.638889 	 100.000000
   31 	 -1.000000 	 86.606944 	 100.000000
   32 	 -1.000000 	 80.029167 	 100.000000
   33 	 -1.000000 	 84.979167 	 100.000000
   34 	 -1.000000 	 85.000000 	 100.000000
   35 	 -1.000000 	 88.315972 	 100.000000
   36 	 -1.000000 	 79.962500 	 100.000000
   37 	 -1.000000 	 81.629167 	 100.000000
   38 	 -1.000000 	 73.262897 	 100.000000
   39 	 -1.000000 	 86.608333 	 100.000000
   40 	 -1.000000 	 71.608333 	 100.000000
   41 	 -1.000000 	 81.680000 	 100.000000
   42 	 -1.000000 	 83.355556 	 100.000000
   43 	 -1.000000 	 83.349444 	 100.000000
   44 	 -1.000000 	 89.948611 	 100.000000
   45 	 -1.000000 	 66.644286 	 100.000000
   46 	 -1.000000 	 86.707500 	 100.000000
   47 	 -1.000000 	 86.661111 	 100.000000
   48 	 -1.000000 	 84.908333 	 100.000000
   49 	 -1.000000 	 84.984722 	 100.000000
   50 	 -1.000000 	 81.711111 	 100.000000
   51 	 -1.000000 	 76.613889 	 100.000000
   52 	 -1.000000 	 85.017500 	 100.000000
   53 	 -1.000000 	 86.659167 	 100.000000
   54 	 -1.000000 	 81.679167 	 100.000000
   55 	 -1.000000 	 81.615278 	 100.000000
   56 	 -1.000000 	 64.864167 	 100.000000
   57 	 -0.500000 	 95.012500 	 100.000000
   58 	 -1.000000 	 76.606944 	 100.000000
   59 	 -1.000000 	 86.698611 	 100.000000
   60 	 -1.000000 	 88.315278 	 100.000000
   61 	 -1.000000 	 83.311944 	 100.000000
   62 	 -1.000000 	 83.329167 	 100.000000
   63 	 -1.000000 	 86.666667 	 100.000000
   64 	 -1.000000 	 79.933333 	 100.000000
   65 	 -1.000000 	 85.011944 	 100.000000
   66 	 -0.500000 	 88.366667 	 100.000000
   67 	 -1.000000 	 83.348611 	 100.000000
   68 	 -1.000000 	 86.715278 	 100.000000
   69 	 -1.000000 	 85.026389 	 100.000000
   70 	 -0.500000 	 81.659722 	 100.000000
   71 	 -1.000000 	 84.948611 	 100.000000
   72 	 -0.500000 	 81.646667 	 100.000000
   73 	 -1.000000 	 73.366667 	 100.000000
   74 	 -1.000000 	 84.970833 	 100.000000
   75 	 -1.000000 	 74.923056 	 100.000000
   76 	 -1.000000 	 83.248611 	 100.000000
   77 	 -1.000000 	 81.643056 	 100.000000
   78 	 -1.000000 	 81.695278 	 100.000000
   79 	 -1.000000 	 81.630000 	 100.000000
 