   0 	 -1.000000 	 6.703865 	 100.000000
    1 	 -1.000000 	 63.401389 	 100.000000
    2 	 -1.000000 	 88.337500 	 100.000000
    3 	 -1.000000 	 71.625298 	 100.000000
    4 	 -1.000000 	 71.620833 	 100.000000
    5 	 -1.000000 	 74.981389 	 100.000000
    6 	 -1.000000 	 71.615675 	 100.000000
    7 	 -1.000000 	 81.655556 	 100.000000
    8 	 -1.000000 	 66.625000 	 100.000000
    9 	 -1.000000 	 79.975000 	 100.000000
   10 	 -1.000000 	 71.687500 	 100.000000
   11 	 -1.000000 	 69.987500 	 100.000000
   12 	 -1.000000 	 79.925833 	 100.000000
   13 	 -1.000000 	 71.694444 	 100.000000
   14 	 -1.000000 	 76.670278 	 100.000000
   15 	 -1.000000 	 81.703333 	 100.000000
   16 	 -1.000000 	 86.633333 	 100.000000
   17 	 -1.000000 	 80.029167 	 100.000000
   18 	 -1.000000 	 74.982778 	 100.000000
   19 	 -1.000000 	 81.683333 	 100.000000
   20 	 -1.000000 	 83.377778 	 100.000000
   21 	 -1.000000 	 81.718056 	 100.000000
   22 	 -1.000000 	 86.625000 	 100.000000
   23 	 -1.000000 	 86.665278 	 100.000000
   24 	 -1.000000 	 81.650000 	 100.000000
   25 	 -0.333333 	 81.718889 	 100.000000
   26 	 -1.000000 	 85.016667 	 100.000000
   27 	 -1.000000 	 81.658333 	 100.000000
   28 	 -1.000000 	 74.936111 	 100.000000
   29 	 -1.000000 	 79.991667 	 100.000000
   30 	 -1.000000 	 85.020833 	 100.000000
   31 	 -1.000000 	 80.006944 	 100.000000
   32 	 -1.000000 	 83.286111 	 100.000000
   33 	 -1.000000 	 84.977778 	 100.000000
   34 	 -1.000000 	 76.583333 	 100.000000
   35 	 -1.000000 	 88.300000 	 100.000000
   36 	 -1.000000 	 89.976389 	 100.000000
   37 	 -1.000000 	 78.375000 	 100.000000
   38 	 -1.000000 	 86.650000 	 100.000000
   39 	 -1.000000 	 78.392659 	 100.000000
   40 	 -1.000000 	 76.669048 	 100.000000
   41 	 -1.000000 	 86.635556 	 100.000000
   42 	 -1.000000 	 83.323611 	 100.000000
   43 	 -1.000000 	 91.637500 	 100.000000
   44 	 -1.000000 	 76.716667 	 100.000000
   45 	 -1.000000 	 80.000000 	 100.000000
   46 	 -1.000000 	 86.650000 	 100.000000
   47 	 -1.000000 	 81.670833 	 100.000000
   48 	 -1.000000 	 79.938889 	 100.000000
   49 	 -1.000000 	 79.972222 	 100.000000
   50 	 -1.000000 	 84.997222 	 100.000000
   51 	 -1.000000 	 79.934722 	 100.000000
   52 	 -1.000000 	 88.320833 	 100.000000
   53 	 -1.000000 	 78.315278 	 100.000000
   54 	 -1.000000 	 81.638889 	 100.000000
   55 	 -1.000000 	 86.588889 	 100.000000
   56 	 -1.000000 	 78.271111 	 100.000000
   57 	 -1.000000 	 78.296667 	 100.000000
   58 	 -1.000000 	 83.331111 	 100.000000
   59 	 -1.000000 	 79.998611 	 100.000000
   60 	 -1.000000 	 86.670833 	 100.000000
   61 	 -1.000000 	 79.950000 	 100.000000
   62 	 -1.000000 	 76.677778 	 100.000000
   63 	 -1.000000 	 93.311111 	 100.000000
   64 	 -1.000000 	 86.595833 	 100.000000
   65 	 -1.000000 	 83.227778 	 100.000000
   66 	 -1.000000 	 79.971667 	 100.000000
   67 	 -0.333333 	 88.361111 	 100.000000
   68 	 -1.000000 	 89.941667 	 100.000000
   69 	 -1.000000 	 86.611111 	 100.000000
   70 	 -1.000000 	 88.295833 	 100.000000
   71 	 -1.000000 	 83.306944 	 100.000000
   72 	 -1.000000 	 83.296825 	 100.000000
   73 	 -1.000000 	 81.672222 	 100.000000
   74 	 -1.000000 	 81.650000 	 100.000000
   75 	 -1.000000 	 83.283333 	 100.000000
   76 	 -1.000000 	 80.005556 	 100.000000
   77 	 -1.000000 	 91.668056 	 100.000000
   78 	 -1.000000 	 78.256944 	 100.000000
   79 	 -1.000000 	 86.664444 	 100.000000
 