   0 	 -1.000000 	 5.036263 	 100.000000
    1 	 -1.000000 	 73.350556 	 100.000000
    2 	 -1.000000 	 69.969444 	 100.000000
    3 	 -1.000000 	 76.644444 	 100.000000
    4 	 -1.000000 	 71.626389 	 100.000000
    5 	 -1.000000 	 83.311111 	 100.000000
    6 	 -1.000000 	 74.981944 	 100.000000
    7 	 -1.000000 	 83.326389 	 100.000000
    8 	 -1.000000 	 74.966667 	 100.000000
    9 	 -1.000000 	 71.656944 	 100.000000
   10 	 -1.000000 	 76.613889 	 100.000000
   11 	 -1.000000 	 81.673056 	 100.000000
   12 	 -1.000000 	 70.050000 	 100.000000
   13 	 -1.000000 	 76.619444 	 100.000000
   14 	 -1.000000 	 85.030556 	 100.000000
   15 	 -1.000000 	 68.353889 	 100.000000
   16 	 -0.500000 	 81.741667 	 100.000000
   17 	 -1.000000 	 79.991667 	 100.000000
   18 	 -1.000000 	 73.413056 	 100.000000
   19 	 -1.000000 	 74.995873 	 100.000000
   20 	 -1.000000 	 86.611667 	 100.000000
   21 	 -1.000000 	 71.691667 	 100.000000
   22 	 -1.000000 	 79.947222 	 100.000000
   23 	 -1.000000 	 74.933333 	 100.000000
   24 	 -1.000000 	 89.987500 	 100.000000
   25 	 -1.000000 	 70.038333 	 100.000000
   26 	 -1.000000 	 69.970833 	 100.000000
   27 	 -1.000000 	 74.940278 	 100.000000
   28 	 -1.000000 	 76.678704 	 100.000000
   29 	 -1.000000 	 84.922222 	 100.000000
   30 	 -1.000000 	 71.691667 	 100.000000
   31 	 -1.000000 	 71.620000 	 100.000000
   32 	 -1.000000 	 83.304167 	 100.000000
   33 	 -0.500000 	 81.684722 	 100.000000
   34 	 -1.000000 	 83.296389 	 100.000000
   35 	 -1.000000 	 61.655556 	 100.000000
   36 	 -1.000000 	 75.041667 	 100.000000
   37 	 -1.000000 	 78.286111 	 100.000000
   38 	 -1.000000 	 79.937500 	 100.000000
   39 	 -1.000000 	 73.377778 	 100.000000
   40 	 -1.000000 	 78.234722 	 100.000000
   41 	 -1.000000 	 71.634722 	 100.000000
   42 	 -1.000000 	 63.245833 	 100.000000
   43 	 -1.000000 	 74.979167 	 100.000000
   44 	 -1.000000 	 79.945833 	 100.000000
   45 	 -1.000000 	 76.625000 	 100.000000
   46 	 -1.000000 	 84.940278 	 100.000000
   47 	 -1.000000 	 65.051389 	 100.000000
   48 	 -1.000000 	 81.623611 	 100.000000
   49 	 -1.000000 	 78.247917 	 100.000000
   50 	 -1.000000 	 78.325000 	 100.000000
   51 	 -1.000000 	 86.611111 	 100.000000
   52 	 -1.000000 	 83.298611 	 100.000000
   53 	 -1.000000 	 73.230556 	 100.000000
   54 	 -1.000000 	 86.654167 	 100.000000
   55 	 -1.000000 	 86.666667 	 100.000000
   56 	 -1.000000 	 81.618056 	 100.000000
   57 	 -1.000000 	 69.941667 	 100.000000
   58 	 -1.000000 	 81.672778 	 100.000000
   59 	 -1.000000 	 76.635278 	 100.000000
   60 	 -1.000000 	 76.587500 	 100.000000
   61 	 -1.000000 	 81.651389 	 100.000000
   62 	 -1.000000 	 89.998611 	 100.000000
   63 	 -1.000000 	 83.302778 	 100.000000
   64 	 -1.000000 	 69.875000 	 100.000000
   65 	 -1.000000 	 71.627778 	 100.000000
   66 	 -1.000000 	 93.279167 	 100.000000
   67 	 -1.000000 	 79.944444 	 100.000000
   68 	 -1.000000 	 89.991667 	 100.000000
   69 	 -1.000000 	 81.666667 	 100.000000
   70 	 -1.000000 	 81.586111 	 100.000000
   71 	 -1.000000 	 69.887500 	 100.000000
   72 	 -1.000000 	 79.934167 	 100.000000
   73 	 -1.000000 	 74.943056 	 100.000000
   74 	 -1.000000 	 89.938889 	 100.000000
   75 	 -1.000000 	 81.690278 	 100.000000
   76 	 -1.000000 	 88.311111 	 100.000000
   77 	 -1.000000 	 88.300000 	 100.000000
   78 	 -1.000000 	 79.915278 	 100.000000
   79 	 -1.000000 	 73.240972 	 100.000000
 