   0 	 -1.000000 	 5.014233 	 100.000000
    1 	 -1.000000 	 73.286111 	 100.000000
    2 	 -1.000000 	 66.658333 	 100.000000
    3 	 -1.000000 	 73.258056 	 100.000000
    4 	 -1.000000 	 71.646825 	 100.000000
    5 	 -1.000000 	 81.687500 	 100.000000
    6 	 -1.000000 	 69.990278 	 100.000000
    7 	 -0.333333 	 83.366667 	 100.000000
    8 	 -1.000000 	 66.684722 	 100.000000
    9 	 -1.000000 	 74.974306 	 100.000000
   10 	 -1.000000 	 73.325000 	 100.000000
   11 	 -1.000000 	 65.063889 	 100.000000
   12 	 -1.000000 	 66.669444 	 100.000000
   13 	 -1.000000 	 68.326687 	 100.000000
   14 	 -1.000000 	 71.684325 	 100.000000
   15 	 -1.000000 	 89.995833 	 100.000000
   16 	 -1.000000 	 70.003333 	 100.000000
   17 	 -1.000000 	 78.338056 	 100.000000
   18 	 -1.000000 	 70.025833 	 100.000000
   19 	 -1.000000 	 80.008333 	 100.000000
   20 	 -0.250000 	 80.081944 	 100.000000
   21 	 -1.000000 	 81.662500 	 100.000000
   22 	 -1.000000 	 73.344444 	 100.000000
   23 	 -1.000000 	 70.159722 	 100.000000
   24 	 -1.000000 	 78.319444 	 100.000000
   25 	 -1.000000 	 84.956944 	 100.000000
   26 	 -1.000000 	 76.658333 	 100.000000
   27 	 -1.000000 	 88.362500 	 100.000000
   28 	 -1.000000 	 75.009722 	 100.000000
   29 	 -0.500000 	 83.366667 	 100.000000
   30 	 -1.000000 	 78.408333 	 100.000000
   31 	 -1.000000 	 81.743056 	 100.000000
   32 	 -0.500000 	 89.983333 	 100.000000
   33 	 -1.000000 	 76.695833 	 100.000000
   34 	 -1.000000 	 79.965278 	 100.000000
   35 	 -1.000000 	 88.324603 	 100.000000
   36 	 -0.500000 	 81.736111 	 100.000000
   37 	 -0.500000 	 88.338889 	 100.000000
   38 	 -1.000000 	 81.687500 	 100.000000
   39 	 -1.000000 	 86.663889 	 100.000000
   40 	 -1.000000 	 79.989881 	 100.000000
   41 	 -1.000000 	 83.355556 	 100.000000
   42 	 -1.000000 	 81.670833 	 100.000000
   43 	 -1.000000 	 75.011111 	 100.000000
   44 	 -1.000000 	 89.953770 	 100.000000
   45 	 -1.000000 	 74.969444 	 100.000000
   46 	 -1.000000 	 73.374537 	 100.000000
   47 	 -1.000000 	 81.672222 	 100.000000
   48 	 -0.333333 	 85.018056 	 100.000000
   49 	 -1.000000 	 71.614444 	 100.000000
   50 	 -1.000000 	 71.668056 	 100.000000
   51 	 -0.500000 	 80.051389 	 100.000000
   52 	 -1.000000 	 70.001944 	 100.000000
   53 	 -0.250000 	 80.051389 	 100.000000
   54 	 -1.000000 	 79.945833 	 100.000000
   55 	 -1.000000 	 78.356389 	 100.000000
   56 	 -1.000000 	 79.968056 	 100.000000
   57 	 -1.000000 	 71.636111 	 100.000000
   58 	 -1.000000 	 71.597222 	 100.000000
   59 	 -1.000000 	 79.968889 	 100.000000
   60 	 -1.000000 	 73.404167 	 100.000000
   61 	 -1.000000 	 81.655556 	 100.000000
   62 	 -1.000000 	 83.331944 	 100.000000
   63 	 -0.333333 	 85.026389 	 100.000000
   64 	 -1.000000 	 81.583333 	 100.000000
   65 	 -1.000000 	 79.960648 	 100.000000
   66 	 -1.000000 	 78.320278 	 100.000000
   67 	 -1.000000 	 74.894444 	 100.000000
   68 	 -0.500000 	 84.979167 	 100.000000
   69 	 -1.000000 	 81.723611 	 100.000000
   70 	 -1.000000 	 76.662500 	 100.000000
   71 	 -0.500000 	 76.687500 	 100.000000
   72 	 -1.000000 	 86.625000 	 100.000000
   73 	 -1.000000 	 71.663889 	 100.000000
   74 	 -1.000000 	 78.341667 	 100.000000
   75 	 -1.000000 	 83.331944 	 100.000000
   76 	 -1.000000 	 84.993056 	 100.000000
   77 	 -1.000000 	 78.318056 	 100.000000
   78 	 -1.000000 	 86.645833 	 100.000000
   79 	 -0.250000 	 91.676389 	 100.000000
 