   0 	 -1.000000 	 3.357090 	 100.000000
    1 	 -0.500000 	 78.325952 	 100.000000
    2 	 -1.000000 	 69.985556 	 100.000000
    3 	 -1.000000 	 68.419742 	 100.000000
    4 	 -0.500000 	 70.045278 	 100.000000
    5 	 -1.000000 	 81.665278 	 100.000000
    6 	 -1.000000 	 81.656944 	 100.000000
    7 	 -1.000000 	 73.364444 	 100.000000
    8 	 -0.500000 	 79.977778 	 100.000000
    9 	 -1.000000 	 78.362500 	 100.000000
   10 	 -1.000000 	 81.691667 	 100.000000
   11 	 -1.000000 	 73.320278 	 100.000000
   12 	 -0.500000 	 70.068452 	 100.000000
   13 	 -1.000000 	 83.387500 	 100.000000
   14 	 -1.000000 	 81.738889 	 100.000000
   15 	 -1.000000 	 83.341111 	 100.000000
   16 	 -0.500000 	 76.776389 	 100.000000
   17 	 -0.333333 	 83.420000 	 100.000000
   18 	 -1.000000 	 70.025000 	 100.000000
   19 	 -1.000000 	 76.686667 	 100.000000
   20 	 -0.500000 	 80.043056 	 100.000000
   21 	 -1.000000 	 76.724167 	 100.000000
   22 	 -1.000000 	 73.366667 	 100.000000
   23 	 -0.500000 	 80.044444 	 100.000000
   24 	 -1.000000 	 85.034722 	 100.000000
   25 	 -0.500000 	 83.387500 	 100.000000
   26 	 -0.500000 	 80.056944 	 100.000000
   27 	 -1.000000 	 80.066667 	 100.000000
   28 	 -0.500000 	 83.358333 	 100.000000
   29 	 -1.000000 	 80.041667 	 100.000000
   30 	 -1.000000 	 93.345833 	 100.000000
   31 	 -1.000000 	 71.765833 	 100.000000
   32 	 -0.500000 	 83.329722 	 100.000000
   33 	 -1.000000 	 84.990278 	 100.000000
   34 	 -1.000000 	 79.984167 	 100.000000
   35 	 -1.000000 	 90.020833 	 100.000000
   36 	 -1.000000 	 76.709722 	 100.000000
   37 	 -0.500000 	 80.018452 	 100.000000
   38 	 -1.000000 	 80.048611 	 100.000000
   39 	 -0.500000 	 88.381944 	 100.000000
   40 	 -0.500000 	 83.345833 	 100.000000
   41 	 -1.000000 	 83.345833 	 100.000000
   42 	 -1.000000 	 85.061111 	 100.000000
   43 	 -1.000000 	 71.620278 	 100.000000
   44 	 -0.500000 	 83.421667 	 100.000000
   45 	 -1.000000 	 78.351389 	 100.000000
   46 	 -0.333333 	 83.397222 	 100.000000
   47 	 -1.000000 	 83.360278 	 100.000000
   48 	 -1.000000 	 81.735278 	 100.000000
   49 	 -0.500000 	 81.648611 	 100.000000
   50 	 -1.000000 	 76.688889 	 100.000000
   51 	 -0.500000 	 78.348611 	 100.000000
   52 	 -0.500000 	 93.360417 	 100.000000
   53 	 -0.500000 	 79.977778 	 100.000000
   54 	 -1.000000 	 80.083333 	 100.000000
   55 	 -0.500000 	 80.066667 	 100.000000
   56 	 -1.000000 	 88.341667 	 100.000000
   57 	 -0.500000 	 81.713889 	 100.000000
   58 	 -1.000000 	 76.711944 	 100.000000
   59 	 -0.500000 	 88.356944 	 100.000000
   60 	 -0.500000 	 78.425000 	 100.000000
   61 	 -1.000000 	 81.666667 	 100.000000
   62 	 -1.000000 	 85.025000 	 100.000000
   63 	 -0.500000 	 81.706944 	 100.000000
   64 	 -0.500000 	 86.626389 	 100.000000
   65 	 -0.333333 	 91.691667 	 100.000000
   66 	 -0.500000 	 85.033333 	 100.000000
   67 	 -0.500000 	 85.054861 	 100.000000
   68 	 -1.000000 	 80.013889 	 100.000000
   69 	 -0.500000 	 81.677778 	 100.000000
   70 	 -1.000000 	 83.316667 	 100.000000
   71 	 -1.000000 	 78.330556 	 100.000000
   72 	 -0.333333 	 83.397222 	 100.000000
   73 	 -1.000000 	 80.012500 	 100.000000
   74 	 -1.000000 	 76.706944 	 100.000000
   75 	 -1.000000 	 81.684722 	 100.000000
   76 	 -1.000000 	 73.366667 	 100.000000
   77 	 -1.000000 	 85.041667 	 100.000000
   78 	 -1.000000 	 91.637500 	 100.000000
   79 	 -0.500000 	 75.055556 	 100.000000
 