   0 	 -1.000000 	 4.902155 	 100.000000
    1 	 -0.500000 	 83.376667 	 100.000000
    2 	 -1.000000 	 66.645278 	 100.000000
    3 	 -1.000000 	 86.633333 	 100.000000
    4 	 -1.000000 	 63.396667 	 100.000000
    5 	 -1.000000 	 69.970833 	 100.000000
    6 	 -1.000000 	 84.975000 	 100.000000
    7 	 -0.500000 	 75.026389 	 100.000000
    8 	 -1.000000 	 81.658333 	 100.000000
    9 	 -0.500000 	 93.362500 	 100.000000
   10 	 0.250000 	 86.762500 	 100.000000
   11 	 -0.500000 	 83.398611 	 100.000000
   12 	 -1.000000 	 73.368333 	 100.000000
   13 	 -1.000000 	 75.022222 	 100.000000
   14 	 -1.000000 	 70.080556 	 100.000000
   15 	 -1.000000 	 83.336111 	 100.000000
   16 	 -1.000000 	 83.318056 	 100.000000
   17 	 -1.000000 	 81.700437 	 100.000000
   18 	 -1.000000 	 91.675000 	 100.000000
   19 	 -1.000000 	 89.975000 	 100.000000
   20 	 -1.000000 	 78.328333 	 100.000000
   21 	 -1.000000 	 83.337500 	 100.000000
   22 	 -1.000000 	 84.965417 	 100.000000
   23 	 -0.500000 	 80.041111 	 100.000000
   24 	 -1.000000 	 76.672222 	 100.000000
   25 	 -1.000000 	 88.320833 	 100.000000
   26 	 -1.000000 	 85.027222 	 100.000000
   27 	 -1.000000 	 84.998889 	 100.000000
   28 	 -1.000000 	 86.692222 	 100.000000
   29 	 -1.000000 	 78.377778 	 100.000000
   30 	 -1.000000 	 83.341667 	 100.000000
   31 	 -0.500000 	 78.384722 	 100.000000
   32 	 -1.000000 	 81.679444 	 100.000000
   33 	 -1.000000 	 79.976389 	 100.000000
   34 	 -1.000000 	 81.636944 	 100.000000
   35 	 -1.000000 	 78.398056 	 100.000000
   36 	 -0.500000 	 83.383889 	 100.000000
   37 	 -0.250000 	 81.762500 	 100.000000
   38 	 -1.000000 	 81.736111 	 100.000000
   39 	 -1.000000 	 76.697222 	 100.000000
   40 	 -0.500000 	 86.701389 	 100.000000
   41 	 -0.250000 	 88.394444 	 100.000000
   42 	 -1.000000 	 88.346270 	 100.000000
   43 	 -1.000000 	 85.041667 	 100.000000
   44 	 -1.000000 	 83.363889 	 100.000000
   45 	 -0.500000 	 85.049167 	 100.000000
   46 	 -1.000000 	 81.646667 	 100.000000
   47 	 -0.500000 	 78.377778 	 100.000000
   48 	 -0.500000 	 81.685972 	 100.000000
   49 	 -1.000000 	 79.979167 	 100.000000
   50 	 -1.000000 	 81.611389 	 100.000000
   51 	 -1.000000 	 83.387500 	 100.000000
   52 	 -1.000000 	 80.003611 	 100.000000
   53 	 -1.000000 	 85.013889 	 100.000000
   54 	 -1.000000 	 78.322222 	 100.000000
   55 	 -1.000000 	 83.392361 	 100.000000
   56 	 -1.000000 	 78.313889 	 100.000000
   57 	 -1.000000 	 86.667500 	 100.000000
   58 	 -1.000000 	 86.633333 	 100.000000
   59 	 -1.000000 	 75.006389 	 100.000000
   60 	 -0.500000 	 78.495833 	 100.000000
   61 	 -1.000000 	 86.679167 	 100.000000
   62 	 -0.333333 	 91.695833 	 100.000000
   63 	 -0.500000 	 80.050000 	 100.000000
   64 	 -0.500000 	 85.043056 	 100.000000
   65 	 -1.000000 	 85.003611 	 100.000000
   66 	 -1.000000 	 83.405556 	 100.000000
   67 	 -1.000000 	 89.988889 	 100.000000
   68 	 -0.500000 	 88.319444 	 100.000000
   69 	 -1.000000 	 83.395833 	 100.000000
   70 	 -1.000000 	 76.636111 	 100.000000
   71 	 -0.333333 	 88.362500 	 100.000000
   72 	 -0.500000 	 76.751389 	 100.000000
   73 	 -1.000000 	 80.023611 	 100.000000
   74 	 -1.000000 	 83.308333 	 100.000000
   75 	 -0.500000 	 85.097222 	 100.000000
   76 	 -1.000000 	 76.662500 	 100.000000
   77 	 -1.000000 	 71.655556 	 100.000000
   78 	 -1.000000 	 78.312500 	 100.000000
   79 	 -0.500000 	 75.108333 	 100.000000
 