   0 	 -1.000000 	 4.946521 	 100.000000
    1 	 -1.000000 	 64.951058 	 100.000000
    2 	 -1.000000 	 71.660694 	 100.000000
    3 	 -1.000000 	 63.344444 	 100.000000
    4 	 -1.000000 	 68.393889 	 100.000000
    5 	 -0.500000 	 84.994444 	 100.000000
    6 	 -1.000000 	 68.293889 	 100.000000
    7 	 -1.000000 	 70.023750 	 100.000000
    8 	 -1.000000 	 75.021667 	 100.000000
    9 	 -1.000000 	 85.036574 	 100.000000
   10 	 -1.000000 	 74.936667 	 100.000000
   11 	 -0.500000 	 85.026091 	 100.000000
   12 	 -1.000000 	 69.979167 	 100.000000
   13 	 -1.000000 	 81.598611 	 100.000000
   14 	 -1.000000 	 88.322778 	 100.000000
   15 	 -1.000000 	 78.304167 	 100.000000
   16 	 -1.000000 	 80.002778 	 100.000000
   17 	 -1.000000 	 81.676944 	 100.000000
   18 	 -1.000000 	 86.680556 	 100.000000
   19 	 -1.000000 	 80.050000 	 100.000000
   20 	 -1.000000 	 80.045833 	 100.000000
   21 	 -1.000000 	 91.625000 	 100.000000
   22 	 -1.000000 	 80.046667 	 100.000000
   23 	 -1.000000 	 71.745833 	 100.000000
   24 	 -1.000000 	 80.009722 	 100.000000
   25 	 -1.000000 	 79.968750 	 100.000000
   26 	 -1.000000 	 88.302778 	 100.000000
   27 	 -1.000000 	 83.331944 	 100.000000
   28 	 -1.000000 	 81.668056 	 100.000000
   29 	 -1.000000 	 76.679167 	 100.000000
   30 	 -1.000000 	 74.947917 	 100.000000
   31 	 -1.000000 	 78.422222 	 100.000000
   32 	 -0.333333 	 75.118056 	 100.000000
   33 	 -1.000000 	 78.372222 	 100.000000
   34 	 -1.000000 	 80.008333 	 100.000000
   35 	 -1.000000 	 86.700000 	 100.000000
   36 	 -1.000000 	 76.727778 	 100.000000
   37 	 -1.000000 	 74.951944 	 100.000000
   38 	 -1.000000 	 71.702083 	 100.000000
   39 	 -1.000000 	 79.991667 	 100.000000
   40 	 -1.000000 	 76.715675 	 100.000000
   41 	 -1.000000 	 85.009167 	 100.000000
   42 	 -1.000000 	 81.679167 	 100.000000
   43 	 -1.000000 	 78.325000 	 100.000000
   44 	 -1.000000 	 83.345833 	 100.000000
   45 	 -1.000000 	 88.326825 	 100.000000
   46 	 -0.500000 	 76.730000 	 100.000000
   47 	 -1.000000 	 76.654167 	 100.000000
   48 	 -0.500000 	 83.364444 	 100.000000
   49 	 -0.500000 	 83.347083 	 100.000000
   50 	 -1.000000 	 81.712500 	 100.000000
   51 	 -1.000000 	 78.345833 	 100.000000
   52 	 -1.000000 	 83.341667 	 100.000000
   53 	 -1.000000 	 70.033333 	 100.000000
   54 	 -1.000000 	 81.566667 	 100.000000
   55 	 -1.000000 	 86.587500 	 100.000000
   56 	 -1.000000 	 83.334722 	 100.000000
   57 	 -1.000000 	 83.395833 	 100.000000
   58 	 -1.000000 	 79.926389 	 100.000000
   59 	 -1.000000 	 79.936111 	 100.000000
   60 	 -1.000000 	 81.695833 	 100.000000
   61 	 -1.000000 	 81.667500 	 100.000000
   62 	 -1.000000 	 83.337500 	 100.000000
   63 	 -0.500000 	 76.678611 	 100.000000
   64 	 -1.000000 	 86.616667 	 100.000000
   65 	 -1.000000 	 73.394444 	 100.000000
   66 	 -1.000000 	 76.570833 	 100.000000
   67 	 -1.000000 	 81.673611 	 100.000000
   68 	 -1.000000 	 93.290278 	 100.000000
   69 	 -1.000000 	 86.681944 	 100.000000
   70 	 -1.000000 	 81.673611 	 100.000000
   71 	 -1.000000 	 78.350000 	 100.000000
   72 	 -1.000000 	 83.369048 	 100.000000
   73 	 -1.000000 	 79.950000 	 100.000000
   74 	 -1.000000 	 78.355556 	 100.000000
   75 	 -1.000000 	 85.050000 	 100.000000
   76 	 -0.500000 	 85.021528 	 100.000000
   77 	 -1.000000 	 84.943056 	 100.000000
   78 	 -1.000000 	 68.352778 	 100.000000
   79 	 -1.000000 	 80.058333 	 100.000000
 