   0 	 -1.000000 	 8.343720 	 100.000000
    1 	 -1.000000 	 71.584722 	 100.000000
    2 	 -1.000000 	 70.034167 	 100.000000
    3 	 -1.000000 	 66.707242 	 100.000000
    4 	 -1.000000 	 83.274563 	 100.000000
    5 	 -1.000000 	 78.289444 	 100.000000
    6 	 -1.000000 	 85.016667 	 100.000000
    7 	 -1.000000 	 70.020298 	 100.000000
    8 	 -1.000000 	 74.973869 	 100.000000
    9 	 -1.000000 	 75.012500 	 100.000000
   10 	 -1.000000 	 83.354167 	 100.000000
   11 	 -1.000000 	 68.320833 	 100.000000
   12 	 -1.000000 	 73.401389 	 100.000000
   13 	 -1.000000 	 66.685648 	 100.000000
   14 	 -1.000000 	 71.618056 	 100.000000
   15 	 -1.000000 	 73.295833 	 100.000000
   16 	 -1.000000 	 73.282870 	 100.000000
   17 	 -1.000000 	 75.008333 	 100.000000
   18 	 -1.000000 	 78.291667 	 100.000000
   19 	 -1.000000 	 80.027778 	 100.000000
   20 	 -1.000000 	 78.325833 	 100.000000
   21 	 -1.000000 	 69.995437 	 100.000000
   22 	 -1.000000 	 83.314167 	 100.000000
   23 	 -1.000000 	 74.965833 	 100.000000
   24 	 -1.000000 	 76.587500 	 100.000000
   25 	 -1.000000 	 76.666667 	 100.000000
   26 	 -1.000000 	 76.634722 	 100.000000
   27 	 -1.000000 	 80.037500 	 100.000000
   28 	 -1.000000 	 84.968611 	 100.000000
   29 	 -1.000000 	 81.645833 	 100.000000
   30 	 -1.000000 	 73.277778 	 100.000000
   31 	 -0.500000 	 88.338889 	 100.000000
   32 	 -1.000000 	 86.641667 	 100.000000
   33 	 -1.000000 	 79.991667 	 100.000000
   34 	 -1.000000 	 83.356944 	 100.000000
   35 	 -1.000000 	 74.940278 	 100.000000
   36 	 -1.000000 	 76.702778 	 100.000000
   37 	 -1.000000 	 76.649306 	 100.000000
   38 	 -0.333333 	 86.713889 	 100.000000
   39 	 -1.000000 	 70.011111 	 100.000000
   40 	 -1.000000 	 71.687897 	 100.000000
   41 	 -1.000000 	 83.347222 	 100.000000
   42 	 -1.000000 	 80.024444 	 100.000000
   43 	 -1.000000 	 74.995833 	 100.000000
   44 	 -1.000000 	 76.626944 	 100.000000
   45 	 -1.000000 	 86.709722 	 100.000000
   46 	 -1.000000 	 73.236111 	 100.000000
   47 	 -1.000000 	 79.998611 	 100.000000
   48 	 -1.000000 	 80.000926 	 100.000000
   49 	 -0.500000 	 81.704167 	 100.000000
   50 	 -0.500000 	 84.981944 	 100.000000
   51 	 -1.000000 	 84.961111 	 100.000000
   52 	 -1.000000 	 85.012500 	 100.000000
   53 	 -1.000000 	 76.676389 	 100.000000
   54 	 -1.000000 	 86.644444 	 100.000000
   55 	 -1.000000 	 69.911111 	 100.000000
   56 	 -1.000000 	 74.997222 	 100.000000
   57 	 -0.500000 	 81.695833 	 100.000000
   58 	 -1.000000 	 85.001389 	 100.000000
   59 	 -1.000000 	 75.075000 	 100.000000
   60 	 -1.000000 	 83.334722 	 100.000000
   61 	 -1.000000 	 84.990278 	 100.000000
   62 	 -1.000000 	 81.678611 	 100.000000
   63 	 -1.000000 	 85.026389 	 100.000000
   64 	 -1.000000 	 84.972222 	 100.000000
   65 	 -1.000000 	 78.261111 	 100.000000
   66 	 -1.000000 	 89.997222 	 100.000000
   67 	 -1.000000 	 83.381944 	 100.000000
   68 	 -1.000000 	 81.611111 	 100.000000
   69 	 -1.000000 	 86.650556 	 100.000000
   70 	 -1.000000 	 74.945833 	 100.000000
   71 	 -1.000000 	 83.314352 	 100.000000
   72 	 -1.000000 	 84.969444 	 100.000000
   73 	 -1.000000 	 85.046389 	 100.000000
   74 	 -1.000000 	 88.283333 	 100.000000
   75 	 -1.000000 	 80.033333 	 100.000000
   76 	 -0.500000 	 83.334722 	 100.000000
   77 	 -0.500000 	 83.379167 	 100.000000
   78 	 -1.000000 	 76.734722 	 100.000000
   79 	 -1.000000 	 86.672222 	 100.000000
 