   0 	 -1.000000 	 6.695283 	 100.000000
    1 	 -1.000000 	 76.611111 	 100.000000
    2 	 -1.000000 	 76.647222 	 100.000000
    3 	 -1.000000 	 68.357778 	 100.000000
    4 	 -1.000000 	 71.743611 	 100.000000
    5 	 -1.000000 	 63.344630 	 100.000000
    6 	 -1.000000 	 71.642222 	 100.000000
    7 	 -0.500000 	 63.357083 	 100.000000
    8 	 -1.000000 	 73.310575 	 100.000000
    9 	 -1.000000 	 71.643611 	 100.000000
   10 	 -1.000000 	 70.014722 	 100.000000
   11 	 -0.500000 	 74.989425 	 100.000000
   12 	 -1.000000 	 51.756944 	 100.000000
   13 	 -1.000000 	 71.689722 	 100.000000
   14 	 -1.000000 	 64.970833 	 100.000000
   15 	 -1.000000 	 76.626389 	 100.000000
   16 	 -1.000000 	 79.989583 	 100.000000
   17 	 -1.000000 	 78.340278 	 100.000000
   18 	 -0.500000 	 74.979167 	 100.000000
   19 	 -1.000000 	 76.664722 	 100.000000
   20 	 -1.000000 	 71.666667 	 100.000000
   21 	 -1.000000 	 83.304167 	 100.000000
   22 	 -1.000000 	 75.002778 	 100.000000
   23 	 -1.000000 	 81.618056 	 100.000000
   24 	 -1.000000 	 78.337798 	 100.000000
   25 	 -1.000000 	 83.308333 	 100.000000
   26 	 -1.000000 	 81.722222 	 100.000000
   27 	 -1.000000 	 89.966667 	 100.000000
   28 	 -0.500000 	 81.686111 	 100.000000
   29 	 -1.000000 	 81.626389 	 100.000000
   30 	 -1.000000 	 81.633333 	 100.000000
   31 	 -1.000000 	 73.306111 	 100.000000
   32 	 -1.000000 	 83.259722 	 100.000000
   33 	 -1.000000 	 84.921667 	 100.000000
   34 	 -1.000000 	 86.612500 	 100.000000
   35 	 -0.500000 	 88.319444 	 100.000000
   36 	 -1.000000 	 79.943056 	 100.000000
   37 	 -1.000000 	 86.605556 	 100.000000
   38 	 -1.000000 	 78.304167 	 100.000000
   39 	 -1.000000 	 76.634722 	 100.000000
   40 	 -1.000000 	 71.606944 	 100.000000
   41 	 -1.000000 	 81.651389 	 100.000000
   42 	 -1.000000 	 79.948611 	 100.000000
   43 	 -1.000000 	 90.001389 	 100.000000
   44 	 -1.000000 	 74.973611 	 100.000000
   45 	 -1.000000 	 83.290278 	 100.000000
   46 	 -1.000000 	 91.645833 	 100.000000
   47 	 -0.333333 	 94.995833 	 100.000000
   48 	 -1.000000 	 78.322222 	 100.000000
   49 	 -1.000000 	 78.290278 	 100.000000
   50 	 -1.000000 	 78.288056 	 100.000000
   51 	 -1.000000 	 78.275000 	 100.000000
   52 	 -1.000000 	 75.018056 	 100.000000
   53 	 -1.000000 	 88.304167 	 100.000000
   54 	 -1.000000 	 78.243056 	 100.000000
   55 	 -1.000000 	 73.327778 	 100.000000
   56 	 -1.000000 	 78.295833 	 100.000000
   57 	 -1.000000 	 78.320000 	 100.000000
   58 	 -1.000000 	 88.334722 	 100.000000
   59 	 -1.000000 	 84.945833 	 100.000000
   60 	 -1.000000 	 88.302778 	 100.000000
   61 	 -1.000000 	 86.613889 	 100.000000
   62 	 -1.000000 	 79.972917 	 100.000000
   63 	 -1.000000 	 81.693056 	 100.000000
   64 	 -1.000000 	 93.286111 	 100.000000
   65 	 -0.333333 	 95.027778 	 100.000000
   66 	 -1.000000 	 91.659722 	 100.000000
   67 	 -1.000000 	 81.629722 	 100.000000
   68 	 -1.000000 	 76.601389 	 100.000000
   69 	 -1.000000 	 84.929167 	 100.000000
   70 	 -1.000000 	 88.336111 	 100.000000
   71 	 -1.000000 	 79.962500 	 100.000000
   72 	 -1.000000 	 74.881944 	 100.000000
   73 	 -1.000000 	 83.293611 	 100.000000
   74 	 -1.000000 	 89.965278 	 100.000000
   75 	 -1.000000 	 81.611111 	 100.000000
   76 	 -1.000000 	 84.940278 	 100.000000
   77 	 -1.000000 	 88.312500 	 100.000000
   78 	 -0.500000 	 85.034722 	 100.000000
   79 	 -1.000000 	 86.654167 	 100.000000
 