   0 	 -1.000000 	 3.358846 	 100.000000
    1 	 -1.000000 	 80.002778 	 100.000000
    2 	 -0.500000 	 86.671852 	 100.000000
    3 	 -1.000000 	 81.750000 	 100.000000
    4 	 -1.000000 	 86.604167 	 100.000000
    5 	 -1.000000 	 76.689722 	 100.000000
    6 	 -1.000000 	 79.969444 	 100.000000
    7 	 -1.000000 	 78.266667 	 100.000000
    8 	 -1.000000 	 84.985556 	 100.000000
    9 	 -1.000000 	 81.611111 	 100.000000
   10 	 -1.000000 	 73.293889 	 100.000000
   11 	 -1.000000 	 76.647222 	 100.000000
   12 	 -0.500000 	 78.373611 	 100.000000
   13 	 -1.000000 	 83.304722 	 100.000000
   14 	 -1.000000 	 83.295833 	 100.000000
   15 	 -1.000000 	 78.309722 	 100.000000
   16 	 -1.000000 	 86.644444 	 100.000000
   17 	 -1.000000 	 80.024167 	 100.000000
   18 	 -1.000000 	 83.311111 	 100.000000
   19 	 -0.500000 	 75.074722 	 100.000000
   20 	 -1.000000 	 78.375000 	 100.000000
   21 	 -0.500000 	 94.993056 	 100.000000
   22 	 -1.000000 	 74.993611 	 100.000000
   23 	 -1.000000 	 88.323611 	 100.000000
   24 	 -1.000000 	 83.277381 	 100.000000
   25 	 -1.000000 	 78.334722 	 100.000000
   26 	 -1.000000 	 91.647222 	 100.000000
   27 	 -1.000000 	 83.302778 	 100.000000
   28 	 -1.000000 	 80.004167 	 100.000000
   29 	 -1.000000 	 78.299167 	 100.000000
   30 	 -1.000000 	 84.973611 	 100.000000
   31 	 -1.000000 	 78.347222 	 100.000000
   32 	 -1.000000 	 74.970000 	 100.000000
   33 	 -1.000000 	 73.290278 	 100.000000
   34 	 -1.000000 	 73.318750 	 100.000000
   35 	 -1.000000 	 84.938889 	 100.000000
   36 	 -1.000000 	 76.629722 	 100.000000
   37 	 -1.000000 	 88.317500 	 100.000000
   38 	 -0.333333 	 86.688889 	 100.000000
   39 	 -1.000000 	 74.966667 	 100.000000
   40 	 -1.000000 	 81.697222 	 100.000000
   41 	 -1.000000 	 68.361111 	 100.000000
   42 	 -1.000000 	 81.715278 	 100.000000
   43 	 -0.500000 	 76.707341 	 100.000000
   44 	 -1.000000 	 81.651389 	 100.000000
   45 	 -0.333333 	 81.684722 	 100.000000
   46 	 -0.333333 	 85.020833 	 100.000000
   47 	 -1.000000 	 81.700000 	 100.000000
   48 	 -0.500000 	 81.698611 	 100.000000
   49 	 -1.000000 	 66.656944 	 100.000000
   50 	 -1.000000 	 79.994841 	 100.000000
   51 	 -0.500000 	 86.729167 	 100.000000
   52 	 -1.000000 	 81.656944 	 100.000000
   53 	 -1.000000 	 71.665278 	 100.000000
   54 	 -0.500000 	 83.354167 	 100.000000
   55 	 -1.000000 	 76.580556 	 100.000000
   56 	 -1.000000 	 76.641667 	 100.000000
   57 	 -1.000000 	 78.342500 	 100.000000
   58 	 -1.000000 	 81.663889 	 100.000000
   59 	 -1.000000 	 81.635119 	 100.000000
   60 	 -1.000000 	 78.336111 	 100.000000
   61 	 -1.000000 	 75.001111 	 100.000000
   62 	 -1.000000 	 80.066667 	 100.000000
   63 	 -1.000000 	 81.639722 	 100.000000
   64 	 -1.000000 	 75.019444 	 100.000000
   65 	 -1.000000 	 73.308333 	 100.000000
   66 	 -1.000000 	 85.047222 	 100.000000
   67 	 -1.000000 	 78.322222 	 100.000000
   68 	 -1.000000 	 74.969444 	 100.000000
   69 	 -1.000000 	 69.928175 	 100.000000
   70 	 -1.000000 	 78.252778 	 100.000000
   71 	 -1.000000 	 85.010556 	 100.000000
   72 	 -1.000000 	 76.684722 	 100.000000
   73 	 -1.000000 	 70.028770 	 100.000000
   74 	 -1.000000 	 81.641667 	 100.000000
   75 	 -1.000000 	 71.649167 	 100.000000
   76 	 -1.000000 	 80.013889 	 100.000000
   77 	 -1.000000 	 80.025000 	 100.000000
   78 	 -1.000000 	 83.366667 	 100.000000
   79 	 -0.500000 	 76.709167 	 100.000000
 