   0 	 -1.000000 	 3.240596 	 100.000000
    1 	 -1.000000 	 79.993750 	 100.000000
    2 	 -1.000000 	 73.378333 	 100.000000
    3 	 -1.000000 	 66.670278 	 100.000000
    4 	 -1.000000 	 76.559325 	 100.000000
    5 	 -1.000000 	 74.979167 	 100.000000
    6 	 -1.000000 	 66.663889 	 100.000000
    7 	 -1.000000 	 84.984722 	 100.000000
    8 	 -1.000000 	 76.684722 	 100.000000
    9 	 -1.000000 	 70.008770 	 100.000000
   10 	 -1.000000 	 66.662037 	 100.000000
   11 	 -1.000000 	 73.369286 	 100.000000
   12 	 -1.000000 	 63.322407 	 100.000000
   13 	 -0.500000 	 80.055000 	 100.000000
   14 	 -1.000000 	 89.983333 	 100.000000
   15 	 -1.000000 	 83.343056 	 100.000000
   16 	 -1.000000 	 80.045833 	 100.000000
   17 	 -1.000000 	 88.323611 	 100.000000
   18 	 -1.000000 	 73.398611 	 100.000000
   19 	 -1.000000 	 73.368056 	 100.000000
   20 	 -1.000000 	 73.276389 	 100.000000
   21 	 -1.000000 	 76.697222 	 100.000000
   22 	 -1.000000 	 83.345833 	 100.000000
   23 	 -1.000000 	 89.966667 	 100.000000
   24 	 -1.000000 	 75.047222 	 100.000000
   25 	 -1.000000 	 78.288889 	 100.000000
   26 	 -1.000000 	 90.009167 	 100.000000
   27 	 -1.000000 	 75.041111 	 100.000000
   28 	 -1.000000 	 86.693452 	 100.000000
   29 	 -1.000000 	 75.034722 	 100.000000
   30 	 -1.000000 	 68.366667 	 100.000000
   31 	 -1.000000 	 88.304167 	 100.000000
   32 	 -1.000000 	 70.070833 	 100.000000
   33 	 -1.000000 	 78.380556 	 100.000000
   34 	 -1.000000 	 76.662500 	 100.000000
   35 	 -1.000000 	 78.299444 	 100.000000
   36 	 -1.000000 	 86.691111 	 100.000000
   37 	 -1.000000 	 83.395833 	 100.000000
   38 	 -1.000000 	 81.672500 	 100.000000
   39 	 -1.000000 	 86.685556 	 100.000000
   40 	 -1.000000 	 85.012500 	 100.000000
   41 	 -1.000000 	 86.680556 	 100.000000
   42 	 -1.000000 	 81.701389 	 100.000000
   43 	 -1.000000 	 83.361111 	 100.000000
   44 	 -1.000000 	 80.019444 	 100.000000
   45 	 -1.000000 	 78.336111 	 100.000000
   46 	 -1.000000 	 91.679167 	 100.000000
   47 	 -0.250000 	 88.377778 	 100.000000
   48 	 -1.000000 	 76.730556 	 100.000000
   49 	 -0.250000 	 85.048611 	 100.000000
   50 	 -1.000000 	 88.301389 	 100.000000
   51 	 -1.000000 	 85.012500 	 100.000000
   52 	 -0.250000 	 90.050000 	 100.000000
   53 	 -1.000000 	 81.704167 	 100.000000
   54 	 -1.000000 	 75.042659 	 100.000000
   55 	 -1.000000 	 78.404167 	 100.000000
   56 	 -0.250000 	 91.677778 	 100.000000
   57 	 -1.000000 	 88.313889 	 100.000000
   58 	 -0.250000 	 90.049167 	 100.000000
   59 	 -1.000000 	 70.008333 	 100.000000
   60 	 -0.500000 	 83.379167 	 100.000000
   61 	 -0.250000 	 83.397222 	 100.000000
   62 	 -1.000000 	 86.655556 	 100.000000
   63 	 -1.000000 	 85.002778 	 100.000000
   64 	 -1.000000 	 75.057778 	 100.000000
   65 	 -1.000000 	 83.308333 	 100.000000
   66 	 -1.000000 	 76.675000 	 100.000000
   67 	 -1.000000 	 75.043056 	 100.000000
   68 	 -1.000000 	 76.688492 	 100.000000
   69 	 -1.000000 	 86.695833 	 100.000000
   70 	 -1.000000 	 70.002778 	 100.000000
   71 	 -1.000000 	 91.650000 	 100.000000
   72 	 -1.000000 	 86.655556 	 100.000000
   73 	 -1.000000 	 68.356944 	 100.000000
   74 	 -1.000000 	 80.038056 	 100.000000
   75 	 -1.000000 	 84.981389 	 100.000000
   76 	 -1.000000 	 93.311111 	 100.000000
   77 	 -1.000000 	 88.283333 	 100.000000
   78 	 -0.250000 	 81.728611 	 100.000000
   79 	 -1.000000 	 83.325833 	 100.000000
 