   0 	 -1.000000 	 8.267137 	 100.000000
    1 	 -1.000000 	 83.353889 	 100.000000
    2 	 -1.000000 	 58.325000 	 100.000000
    3 	 -1.000000 	 73.347222 	 100.000000
    4 	 -1.000000 	 71.643889 	 100.000000
    5 	 -1.000000 	 75.004444 	 100.000000
    6 	 -0.333333 	 81.739286 	 100.000000
    7 	 -1.000000 	 65.019444 	 100.000000
    8 	 -1.000000 	 79.968056 	 100.000000
    9 	 -1.000000 	 65.017500 	 100.000000
   10 	 -1.000000 	 81.675833 	 100.000000
   11 	 -1.000000 	 75.006389 	 100.000000
   12 	 -1.000000 	 81.658333 	 100.000000
   13 	 -0.500000 	 78.352778 	 100.000000
   14 	 -1.000000 	 70.031111 	 100.000000
   15 	 -1.000000 	 76.694444 	 100.000000
   16 	 -0.333333 	 90.037500 	 100.000000
   17 	 -0.250000 	 75.126389 	 100.000000
   18 	 -1.000000 	 84.978611 	 100.000000
   19 	 -0.500000 	 83.357778 	 100.000000
   20 	 -1.000000 	 73.338889 	 100.000000
   21 	 -1.000000 	 81.696389 	 100.000000
   22 	 -0.500000 	 86.690278 	 100.000000
   23 	 -0.500000 	 90.009722 	 100.000000
   24 	 -1.000000 	 68.352778 	 100.000000
   25 	 -1.000000 	 70.036111 	 100.000000
   26 	 -1.000000 	 80.015278 	 100.000000
   27 	 -1.000000 	 55.053175 	 100.000000
   28 	 -1.000000 	 68.266667 	 100.000000
   29 	 -1.000000 	 84.988889 	 100.000000
   30 	 -0.500000 	 81.729167 	 100.000000
   31 	 -1.000000 	 76.694444 	 100.000000
   32 	 -1.000000 	 78.354167 	 100.000000
   33 	 -1.000000 	 78.345833 	 100.000000
   34 	 -1.000000 	 85.009722 	 100.000000
   35 	 -1.000000 	 85.018056 	 100.000000
   36 	 -1.000000 	 88.362500 	 100.000000
   37 	 -1.000000 	 81.708333 	 100.000000
   38 	 -1.000000 	 88.343056 	 100.000000
   39 	 -1.000000 	 78.307778 	 100.000000
   40 	 -1.000000 	 85.047222 	 100.000000
   41 	 -1.000000 	 91.641667 	 100.000000
   42 	 -1.000000 	 88.357222 	 100.000000
   43 	 -1.000000 	 78.344722 	 100.000000
   44 	 -1.000000 	 86.658889 	 100.000000
   45 	 -0.333333 	 83.376389 	 100.000000
   46 	 -1.000000 	 75.040278 	 100.000000
   47 	 -1.000000 	 90.013889 	 100.000000
   48 	 -1.000000 	 90.022222 	 100.000000
   49 	 -1.000000 	 85.005397 	 100.000000
   50 	 -1.000000 	 78.423611 	 100.000000
   51 	 -1.000000 	 85.000000 	 100.000000
   52 	 -1.000000 	 83.367500 	 100.000000
   53 	 -0.200000 	 90.037778 	 100.000000
   54 	 -1.000000 	 83.394444 	 100.000000
   55 	 -1.000000 	 88.363889 	 100.000000
   56 	 -1.000000 	 85.034167 	 100.000000
   57 	 -1.000000 	 88.359722 	 100.000000
   58 	 -1.000000 	 86.683333 	 100.000000
   59 	 -1.000000 	 79.982778 	 100.000000
   60 	 -1.000000 	 88.352778 	 100.000000
   61 	 -0.500000 	 79.977063 	 100.000000
   62 	 -1.000000 	 81.690278 	 100.000000
   63 	 -0.333333 	 86.687500 	 100.000000
   64 	 -1.000000 	 78.366944 	 100.000000
   65 	 -0.250000 	 91.700000 	 100.000000
   66 	 -0.250000 	 93.358333 	 100.000000
   67 	 -0.250000 	 85.084722 	 100.000000
   68 	 -0.333333 	 85.061111 	 100.000000
   69 	 -0.333333 	 86.679563 	 100.000000
   70 	 -0.333333 	 80.032778 	 100.000000
   71 	 -1.000000 	 84.992500 	 100.000000
   72 	 -1.000000 	 86.725833 	 100.000000
   73 	 -0.250000 	 85.046667 	 100.000000
   74 	 -0.333333 	 86.706944 	 100.000000
   75 	 0.250000 	 83.436111 	 100.000000
   76 	 -0.250000 	 88.376667 	 100.000000
   77 	 -0.333333 	 90.023611 	 100.000000
   78 	 -1.000000 	 81.707778 	 100.000000
   79 	 -1.000000 	 78.350833 	 100.000000
 