   0 	 0.002290 	 0.004317 	 0.008101
    1 	 0.002297 	 0.004523 	 0.008095
    2 	 0.002790 	 0.004853 	 0.011101
    3 	 0.002796 	 0.005197 	 0.009704
    4 	 0.002790 	 0.005485 	 0.011945
    5 	 0.003001 	 0.006407 	 0.016136
    6 	 0.003299 	 0.007440 	 0.019027
    7 	 0.003536 	 0.008366 	 0.020997
    8 	 0.003885 	 0.009278 	 0.022806
    9 	 0.003184 	 0.011719 	 0.025702
   10 	 0.003383 	 0.011971 	 0.029720
   11 	 0.004825 	 0.012602 	 0.024745
   12 	 0.004839 	 0.012968 	 0.022647
   13 	 0.006145 	 0.014103 	 0.025134
   14 	 0.005750 	 0.014648 	 0.026749
   15 	 0.007232 	 0.014606 	 0.026364
   16 	 0.006153 	 0.014254 	 0.026621
   17 	 0.005137 	 0.014807 	 0.040583
   18 	 0.005612 	 0.016442 	 0.041097
   19 	 0.006305 	 0.019794 	 0.071269
   20 	 0.006681 	 0.022598 	 0.055198
   21 	 0.006910 	 0.026211 	 0.052191
   22 	 0.008101 	 0.028713 	 0.073557
   23 	 0.010187 	 0.030519 	 0.074532
   24 	 0.010197 	 0.032074 	 0.073058
   25 	 0.010363 	 0.030859 	 0.067077
   26 	 0.005409 	 0.034101 	 0.070039
   27 	 0.005194 	 0.034071 	 0.078473
   28 	 0.004965 	 0.036128 	 0.080361
   29 	 0.009641 	 0.039046 	 0.079478
   30 	 0.011469 	 0.040416 	 0.084214
   31 	 0.008291 	 0.039270 	 0.131560
   32 	 0.008342 	 0.041762 	 0.135011
   33 	 0.008509 	 0.043430 	 0.131336
   34 	 0.006913 	 0.046799 	 0.189254
   35 	 0.009733 	 0.056482 	 0.176482
   36 	 0.008669 	 0.059440 	 0.210639
   37 	 0.008050 	 0.070927 	 0.209960
   38 	 0.012310 	 0.073055 	 0.198392
   39 	 0.019755 	 0.081384 	 0.212850
   40 	 0.012994 	 0.060253 	 0.190747
   41 	 0.012853 	 0.063042 	 0.190621
   42 	 0.011561 	 0.061659 	 0.211192
   43 	 0.011211 	 0.074654 	 0.213491
   44 	 0.010712 	 0.077227 	 0.244592
   45 	 0.015217 	 0.075540 	 0.265949
   46 	 0.012266 	 0.079877 	 0.294068
   47 	 0.011510 	 0.077245 	 0.246202
   48 	 0.011445 	 0.077683 	 0.293709
   49 	 0.014976 	 0.069698 	 0.246350
   50 	 0.009859 	 0.072279 	 0.288041
   51 	 0.012154 	 0.056634 	 0.221270
   52 	 0.011864 	 0.057682 	 0.175246
   53 	 0.012430 	 0.060598 	 0.174160
   54 	 0.015369 	 0.064025 	 0.140941
   55 	 0.012918 	 0.062655 	 0.155119
   56 	 0.008979 	 0.066993 	 0.171749
   57 	 0.010679 	 0.066682 	 0.157718
   58 	 0.009661 	 0.065761 	 0.149803
   59 	 0.011707 	 0.068339 	 0.146177
   60 	 0.013749 	 0.058424 	 0.155716
   61 	 0.009341 	 0.052710 	 0.146703
   62 	 0.008134 	 0.052925 	 0.151841
   63 	 0.012427 	 0.064517 	 0.221927
   64 	 0.011432 	 0.072085 	 0.188185
   65 	 0.013678 	 0.075741 	 0.200309
   66 	 0.011800 	 0.087127 	 0.234349
   67 	 0.010226 	 0.091184 	 0.279143
   68 	 0.011967 	 0.088489 	 0.277585
   69 	 0.009679 	 0.102469 	 0.257631
   70 	 0.008495 	 0.089001 	 0.223942
   71 	 0.012352 	 0.077245 	 0.173165
   72 	 0.010058 	 0.073998 	 0.214691
   73 	 0.014446 	 0.075623 	 0.171256
   74 	 0.009090 	 0.075484 	 0.199989
   75 	 0.015198 	 0.083602 	 0.169451
   76 	 0.017154 	 0.069303 	 0.155349
   77 	 0.008815 	 0.065412 	 0.146399
   78 	 0.010908 	 0.070207 	 0.158629
   79 	 0.008305 	 0.075182 	 0.167263
 