   0 	 0.002422 	 0.004749 	 0.011547
    1 	 0.002301 	 0.005360 	 0.017513
    2 	 0.002196 	 0.005838 	 0.011640
    3 	 0.003500 	 0.006305 	 0.010273
    4 	 0.003449 	 0.006514 	 0.011989
    5 	 0.004082 	 0.006565 	 0.011680
    6 	 0.003811 	 0.006691 	 0.012166
    7 	 0.003299 	 0.006655 	 0.012373
    8 	 0.003151 	 0.007035 	 0.013851
    9 	 0.003195 	 0.007778 	 0.015163
   10 	 0.005007 	 0.009019 	 0.015285
   11 	 0.004548 	 0.009435 	 0.015493
   12 	 0.004341 	 0.009986 	 0.017667
   13 	 0.005568 	 0.010152 	 0.019307
   14 	 0.005032 	 0.010637 	 0.023213
   15 	 0.004356 	 0.011016 	 0.021563
   16 	 0.004949 	 0.011350 	 0.023141
   17 	 0.005377 	 0.011486 	 0.026160
   18 	 0.006050 	 0.012193 	 0.023078
   19 	 0.004540 	 0.011410 	 0.022883
   20 	 0.005213 	 0.011800 	 0.025122
   21 	 0.004744 	 0.012406 	 0.024614
   22 	 0.005365 	 0.013110 	 0.027393
   23 	 0.005764 	 0.012991 	 0.025531
   24 	 0.005584 	 0.014147 	 0.028352
   25 	 0.005929 	 0.015152 	 0.035420
   26 	 0.007376 	 0.015602 	 0.036084
   27 	 0.007226 	 0.015602 	 0.031993
   28 	 0.006782 	 0.015395 	 0.036907
   29 	 0.005852 	 0.016831 	 0.039266
   30 	 0.008232 	 0.017813 	 0.038961
   31 	 0.008040 	 0.018647 	 0.035659
   32 	 0.008137 	 0.019431 	 0.033613
   33 	 0.007851 	 0.018979 	 0.034618
   34 	 0.008796 	 0.020161 	 0.038831
   35 	 0.007758 	 0.020844 	 0.036904
   36 	 0.005887 	 0.019728 	 0.047665
   37 	 0.005387 	 0.020393 	 0.047423
   38 	 0.006184 	 0.022282 	 0.058204
   39 	 0.005828 	 0.022977 	 0.058512
   40 	 0.009562 	 0.025195 	 0.061825
   41 	 0.007281 	 0.028580 	 0.065614
   42 	 0.010582 	 0.031265 	 0.067910
   43 	 0.007434 	 0.029575 	 0.058206
   44 	 0.007496 	 0.028661 	 0.061897
   45 	 0.010483 	 0.027884 	 0.055451
   46 	 0.008156 	 0.029003 	 0.070634
   47 	 0.011164 	 0.025526 	 0.053611
   48 	 0.008032 	 0.028293 	 0.074768
   49 	 0.007792 	 0.027757 	 0.067399
   50 	 0.008482 	 0.027749 	 0.062899
   51 	 0.009769 	 0.030519 	 0.054698
   52 	 0.008222 	 0.032545 	 0.092834
   53 	 0.008397 	 0.032598 	 0.072136
   54 	 0.010749 	 0.032080 	 0.091711
   55 	 0.010610 	 0.031606 	 0.098280
   56 	 0.011057 	 0.030675 	 0.082555
   57 	 0.009089 	 0.033036 	 0.109321
   58 	 0.008284 	 0.033417 	 0.103516
   59 	 0.009192 	 0.038939 	 0.097088
   60 	 0.010511 	 0.040965 	 0.136036
   61 	 0.007959 	 0.049406 	 0.151406
   62 	 0.009582 	 0.055150 	 0.161215
   63 	 0.008854 	 0.063359 	 0.164842
   64 	 0.010160 	 0.063975 	 0.165474
   65 	 0.009654 	 0.065677 	 0.131995
   66 	 0.009886 	 0.062772 	 0.137746
   67 	 0.011828 	 0.064906 	 0.147682
   68 	 0.016338 	 0.065109 	 0.168071
   69 	 0.011570 	 0.064334 	 0.143102
   70 	 0.013945 	 0.075943 	 0.165778
   71 	 0.011467 	 0.067010 	 0.165227
   72 	 0.010600 	 0.074861 	 0.163662
   73 	 0.010210 	 0.075309 	 0.244740
   74 	 0.008252 	 0.081814 	 0.251801
   75 	 0.015431 	 0.089331 	 0.298365
   76 	 0.014627 	 0.084434 	 0.249924
   77 	 0.009460 	 0.090646 	 0.272772
   78 	 0.011435 	 0.096587 	 0.270148
   79 	 0.016926 	 0.100238 	 0.266185
 