   0 	 0.002336 	 0.004637 	 0.010223
    1 	 0.002696 	 0.005139 	 0.009786
    2 	 0.002981 	 0.005325 	 0.009873
    3 	 0.003108 	 0.006144 	 0.012840
    4 	 0.003213 	 0.007080 	 0.015141
    5 	 0.004075 	 0.007637 	 0.017458
    6 	 0.003338 	 0.008996 	 0.021174
    7 	 0.003793 	 0.010081 	 0.031195
    8 	 0.003808 	 0.010330 	 0.023390
    9 	 0.004575 	 0.010922 	 0.021788
   10 	 0.004600 	 0.011438 	 0.023318
   11 	 0.005276 	 0.012088 	 0.019607
   12 	 0.005177 	 0.012240 	 0.018375
   13 	 0.004998 	 0.013403 	 0.030922
   14 	 0.005037 	 0.013529 	 0.030452
   15 	 0.005590 	 0.014483 	 0.030381
   16 	 0.006837 	 0.016121 	 0.031136
   17 	 0.008291 	 0.016975 	 0.037271
   18 	 0.006824 	 0.018371 	 0.035869
   19 	 0.008199 	 0.018914 	 0.043941
   20 	 0.008126 	 0.020157 	 0.044980
   21 	 0.009535 	 0.022521 	 0.050611
   22 	 0.008096 	 0.023348 	 0.057048
   23 	 0.007150 	 0.022644 	 0.059288
   24 	 0.006546 	 0.029926 	 0.068515
   25 	 0.010770 	 0.031823 	 0.079266
   26 	 0.009436 	 0.032070 	 0.117359
   27 	 0.006364 	 0.034431 	 0.110489
   28 	 0.009051 	 0.030939 	 0.101871
   29 	 0.007467 	 0.033106 	 0.077024
   30 	 0.011582 	 0.038681 	 0.075894
   31 	 0.010301 	 0.034904 	 0.067177
   32 	 0.010342 	 0.032826 	 0.068686
   33 	 0.008559 	 0.031445 	 0.079440
   34 	 0.008984 	 0.032217 	 0.087666
   35 	 0.007519 	 0.033835 	 0.102042
   36 	 0.011293 	 0.034172 	 0.093570
   37 	 0.008527 	 0.029522 	 0.076117
   38 	 0.008470 	 0.030101 	 0.065689
   39 	 0.007350 	 0.032637 	 0.069543
   40 	 0.012632 	 0.032453 	 0.069916
   41 	 0.013684 	 0.033534 	 0.068905
   42 	 0.011125 	 0.034113 	 0.078625
   43 	 0.007818 	 0.036299 	 0.103859
   44 	 0.010773 	 0.034261 	 0.091813
   45 	 0.009211 	 0.033440 	 0.081959
   46 	 0.009222 	 0.033080 	 0.081986
   47 	 0.008737 	 0.031259 	 0.078563
   48 	 0.008235 	 0.037283 	 0.084811
   49 	 0.009115 	 0.036015 	 0.115951
   50 	 0.011056 	 0.038814 	 0.086102
   51 	 0.006832 	 0.040008 	 0.075382
   52 	 0.005771 	 0.037567 	 0.075707
   53 	 0.005278 	 0.037058 	 0.087687
   54 	 0.006962 	 0.044715 	 0.092227
   55 	 0.011476 	 0.045906 	 0.092120
   56 	 0.010955 	 0.049326 	 0.095632
   57 	 0.012429 	 0.053687 	 0.100947
   58 	 0.013487 	 0.049252 	 0.097610
   59 	 0.012280 	 0.049424 	 0.104114
   60 	 0.008915 	 0.047778 	 0.094939
   61 	 0.009575 	 0.044537 	 0.110386
   62 	 0.010310 	 0.044337 	 0.107198
   63 	 0.008168 	 0.040816 	 0.112990
   64 	 0.008740 	 0.052970 	 0.177023
   65 	 0.008840 	 0.054387 	 0.153697
   66 	 0.007815 	 0.055183 	 0.145201
   67 	 0.012317 	 0.062142 	 0.128690
   68 	 0.009934 	 0.054472 	 0.134371
   69 	 0.009891 	 0.056620 	 0.127117
   70 	 0.012054 	 0.067633 	 0.167595
   71 	 0.013844 	 0.065981 	 0.186792
   72 	 0.012561 	 0.068193 	 0.167479
   73 	 0.012611 	 0.075801 	 0.171633
   74 	 0.011302 	 0.072457 	 0.208973
   75 	 0.011363 	 0.083361 	 0.297136
   76 	 0.011592 	 0.080002 	 0.231233
   77 	 0.017200 	 0.079869 	 0.283565
   78 	 0.008764 	 0.072881 	 0.207625
   79 	 0.007088 	 0.069210 	 0.226355
 