   0 	 0.002139 	 0.004350 	 0.007936
    1 	 0.002495 	 0.004715 	 0.008092
    2 	 0.002975 	 0.005137 	 0.008625
    3 	 0.002717 	 0.005452 	 0.009289
    4 	 0.002575 	 0.005740 	 0.010122
    5 	 0.002532 	 0.006207 	 0.010174
    6 	 0.003181 	 0.006996 	 0.012910
    7 	 0.003963 	 0.007332 	 0.013074
    8 	 0.003711 	 0.007727 	 0.022296
    9 	 0.003693 	 0.008939 	 0.019049
   10 	 0.003292 	 0.009817 	 0.025430
   11 	 0.004615 	 0.011106 	 0.030650
   12 	 0.005176 	 0.013001 	 0.031293
   13 	 0.005746 	 0.013993 	 0.031414
   14 	 0.005483 	 0.013344 	 0.026242
   15 	 0.005692 	 0.014541 	 0.047162
   16 	 0.006224 	 0.017960 	 0.060925
   17 	 0.008201 	 0.019203 	 0.061034
   18 	 0.007487 	 0.023155 	 0.058496
   19 	 0.007014 	 0.026696 	 0.073247
   20 	 0.007474 	 0.028061 	 0.066133
   21 	 0.006114 	 0.029797 	 0.067050
   22 	 0.011871 	 0.031167 	 0.065288
   23 	 0.008851 	 0.026877 	 0.052699
   24 	 0.010046 	 0.026734 	 0.056344
   25 	 0.008924 	 0.026552 	 0.062742
   26 	 0.006621 	 0.025723 	 0.064118
   27 	 0.006606 	 0.026264 	 0.079176
   28 	 0.008298 	 0.031233 	 0.073223
   29 	 0.008633 	 0.033434 	 0.076799
   30 	 0.012137 	 0.038848 	 0.101247
   31 	 0.011255 	 0.037454 	 0.112482
   32 	 0.006698 	 0.036580 	 0.110427
   33 	 0.011145 	 0.040304 	 0.115925
   34 	 0.011502 	 0.044979 	 0.145060
   35 	 0.008688 	 0.049011 	 0.159937
   36 	 0.010997 	 0.047214 	 0.123216
   37 	 0.009272 	 0.048058 	 0.117585
   38 	 0.009691 	 0.051777 	 0.149666
   39 	 0.011647 	 0.052543 	 0.160314
   40 	 0.013372 	 0.049393 	 0.127821
   41 	 0.010983 	 0.056590 	 0.137232
   42 	 0.011342 	 0.062631 	 0.145029
   43 	 0.007659 	 0.063370 	 0.181301
   44 	 0.009229 	 0.069115 	 0.153305
   45 	 0.012888 	 0.066787 	 0.133622
   46 	 0.012471 	 0.066721 	 0.147543
   47 	 0.016204 	 0.065736 	 0.150622
   48 	 0.014454 	 0.072154 	 0.193310
   49 	 0.012774 	 0.066713 	 0.188305
   50 	 0.013354 	 0.057688 	 0.165783
   51 	 0.011674 	 0.051283 	 0.158951
   52 	 0.011621 	 0.060326 	 0.166637
   53 	 0.012314 	 0.057997 	 0.129773
   54 	 0.013113 	 0.061768 	 0.167115
   55 	 0.011453 	 0.068023 	 0.225547
   56 	 0.010873 	 0.080539 	 0.194248
   57 	 0.014119 	 0.087739 	 0.252701
   58 	 0.014175 	 0.093922 	 0.303233
   59 	 0.011850 	 0.102321 	 0.322365
   60 	 0.012055 	 0.111359 	 0.406914
   61 	 0.016318 	 0.144278 	 0.341163
   62 	 0.010695 	 0.139672 	 0.354768
   63 	 0.008984 	 0.135010 	 0.339722
   64 	 0.014814 	 0.114942 	 0.582921
   65 	 0.008882 	 0.143241 	 0.540054
   66 	 0.012520 	 0.187691 	 1.136895
   67 	 0.022709 	 0.258670 	 1.299540
   68 	 0.016077 	 0.270966 	 0.898259
   69 	 0.020431 	 0.317469 	 1.032634
   70 	 0.015660 	 0.376525 	 1.030552
   71 	 0.013583 	 0.293539 	 0.943050
   72 	 0.005977 	 0.300305 	 0.935316
   73 	 0.013802 	 0.315934 	 1.292992
   74 	 0.016307 	 0.285983 	 1.072618
   75 	 0.019131 	 0.293242 	 1.180030
   76 	 0.009633 	 0.342857 	 1.160115
   77 	 0.015908 	 0.350405 	 1.087178
   78 	 0.012705 	 0.322546 	 0.845560
   79 	 0.021065 	 0.439948 	 1.026207
 