   0 	 0.002331 	 0.004691 	 0.011688
    1 	 0.003125 	 0.005041 	 0.009768
    2 	 0.003061 	 0.005441 	 0.009926
    3 	 0.002927 	 0.005909 	 0.015039
    4 	 0.003456 	 0.007077 	 0.021360
    5 	 0.003521 	 0.008209 	 0.028941
    6 	 0.003364 	 0.008946 	 0.021286
    7 	 0.004143 	 0.010145 	 0.038448
    8 	 0.004140 	 0.011259 	 0.028420
    9 	 0.004645 	 0.012130 	 0.028587
   10 	 0.004605 	 0.014530 	 0.045205
   11 	 0.005430 	 0.015648 	 0.036269
   12 	 0.005898 	 0.017780 	 0.046643
   13 	 0.007733 	 0.019450 	 0.049331
   14 	 0.008321 	 0.017192 	 0.028216
   15 	 0.006379 	 0.017508 	 0.040926
   16 	 0.006473 	 0.019266 	 0.048363
   17 	 0.006397 	 0.019425 	 0.037830
   18 	 0.007002 	 0.017923 	 0.037628
   19 	 0.007530 	 0.018423 	 0.036577
   20 	 0.009105 	 0.019227 	 0.047205
   21 	 0.005555 	 0.017658 	 0.048458
   22 	 0.005012 	 0.017224 	 0.048530
   23 	 0.004993 	 0.020874 	 0.049606
   24 	 0.008509 	 0.026557 	 0.058371
   25 	 0.007952 	 0.026246 	 0.058065
   26 	 0.007119 	 0.028367 	 0.059636
   27 	 0.008889 	 0.029674 	 0.068338
   28 	 0.006605 	 0.032939 	 0.116433
   29 	 0.008604 	 0.035636 	 0.115140
   30 	 0.008603 	 0.037711 	 0.101447
   31 	 0.009473 	 0.040757 	 0.178591
   32 	 0.009130 	 0.046212 	 0.210739
   33 	 0.012933 	 0.057786 	 0.233445
   34 	 0.012368 	 0.071001 	 0.316679
   35 	 0.008664 	 0.079822 	 0.357698
   36 	 0.012335 	 0.103795 	 0.323671
   37 	 0.009072 	 0.112197 	 0.378391
   38 	 0.012766 	 0.114670 	 0.406223
   39 	 0.012861 	 0.116625 	 0.493030
   40 	 0.014859 	 0.114422 	 0.422318
   41 	 0.013094 	 0.119271 	 0.376662
   42 	 0.015410 	 0.124641 	 0.364055
   43 	 0.010016 	 0.118228 	 0.386369
   44 	 0.009885 	 0.129725 	 0.453958
   45 	 0.009614 	 0.117722 	 0.398099
   46 	 0.010103 	 0.127262 	 0.470040
   47 	 0.011810 	 0.156919 	 0.484773
   48 	 0.018933 	 0.192012 	 0.757754
   49 	 0.010676 	 0.243144 	 0.995936
   50 	 0.017922 	 0.262152 	 0.880005
   51 	 0.008357 	 0.228388 	 1.146865
   52 	 0.009362 	 0.248389 	 0.942647
   53 	 0.012390 	 0.211340 	 0.853502
   54 	 0.013149 	 0.251666 	 0.929081
   55 	 0.013551 	 0.270604 	 1.062774
   56 	 0.010846 	 0.316466 	 1.167687
   57 	 0.014721 	 0.358062 	 1.346815
   58 	 0.011275 	 0.407410 	 1.830418
   59 	 0.014038 	 0.399570 	 1.333958
   60 	 0.014844 	 0.325646 	 1.521591
   61 	 0.013447 	 0.336422 	 1.286135
   62 	 0.016161 	 0.364343 	 1.300045
   63 	 0.010921 	 0.369010 	 1.318901
   64 	 0.013289 	 0.335184 	 1.130175
   65 	 0.023239 	 0.331963 	 1.187169
   66 	 0.011885 	 0.290364 	 1.080502
   67 	 0.010574 	 0.275598 	 1.149930
   68 	 0.027369 	 0.341143 	 1.236160
   69 	 0.013269 	 0.330435 	 1.094136
   70 	 0.013544 	 0.326554 	 0.989798
   71 	 0.007823 	 0.331011 	 1.151110
   72 	 0.006801 	 0.283484 	 1.119186
   73 	 0.010896 	 0.268835 	 0.857845
   74 	 0.011724 	 0.308366 	 1.084721
   75 	 0.012233 	 0.276817 	 0.874815
   76 	 0.015313 	 0.350959 	 0.885605
   77 	 0.013109 	 0.361862 	 1.016670
   78 	 0.012663 	 0.337453 	 1.129938
   79 	 0.010793 	 0.328466 	 0.982681
 