   0 	 0.002363 	 0.004792 	 0.013334
    1 	 0.002556 	 0.005593 	 0.018853
    2 	 0.002592 	 0.007160 	 0.021529
    3 	 0.003132 	 0.008704 	 0.021859
    4 	 0.003023 	 0.009634 	 0.025329
    5 	 0.004586 	 0.011667 	 0.024910
    6 	 0.005055 	 0.012818 	 0.025062
    7 	 0.003805 	 0.012690 	 0.022286
    8 	 0.005241 	 0.014078 	 0.024248
    9 	 0.006208 	 0.013258 	 0.023210
   10 	 0.006304 	 0.014375 	 0.025025
   11 	 0.005527 	 0.014533 	 0.028128
   12 	 0.005024 	 0.015790 	 0.033798
   13 	 0.003905 	 0.016957 	 0.034574
   14 	 0.008047 	 0.019373 	 0.045750
   15 	 0.008059 	 0.019852 	 0.038697
   16 	 0.008066 	 0.020202 	 0.057921
   17 	 0.007509 	 0.023447 	 0.060402
   18 	 0.009268 	 0.025413 	 0.063534
   19 	 0.009702 	 0.027200 	 0.089260
   20 	 0.008774 	 0.028306 	 0.081572
   21 	 0.009007 	 0.029794 	 0.075569
   22 	 0.008517 	 0.029539 	 0.081678
   23 	 0.007360 	 0.035959 	 0.105425
   24 	 0.011259 	 0.038882 	 0.103663
   25 	 0.008417 	 0.039894 	 0.145990
   26 	 0.008267 	 0.045512 	 0.180160
   27 	 0.010307 	 0.061789 	 0.174768
   28 	 0.010368 	 0.054921 	 0.166821
   29 	 0.011415 	 0.056058 	 0.168299
   30 	 0.014432 	 0.060168 	 0.159504
   31 	 0.012103 	 0.056927 	 0.183861
   32 	 0.011274 	 0.052418 	 0.199665
   33 	 0.013616 	 0.068459 	 0.255557
   34 	 0.014428 	 0.066121 	 0.200515
   35 	 0.011856 	 0.071231 	 0.199323
   36 	 0.007530 	 0.056163 	 0.195825
   37 	 0.011429 	 0.064754 	 0.202015
   38 	 0.008258 	 0.063157 	 0.215988
   39 	 0.015481 	 0.092009 	 0.217593
   40 	 0.013958 	 0.098877 	 0.265550
   41 	 0.013699 	 0.119301 	 0.333877
   42 	 0.014803 	 0.127348 	 0.466262
   43 	 0.010313 	 0.121618 	 0.664071
   44 	 0.009951 	 0.151821 	 0.632693
   45 	 0.015501 	 0.182680 	 0.711932
   46 	 0.017802 	 0.249399 	 0.810628
   47 	 0.010293 	 0.207588 	 0.915651
   48 	 0.009586 	 0.211808 	 0.732052
   49 	 0.013818 	 0.230502 	 0.748811
   50 	 0.014870 	 0.222544 	 0.747545
   51 	 0.015879 	 0.242052 	 0.687994
   52 	 0.015824 	 0.242135 	 0.705748
   53 	 0.014226 	 0.277595 	 1.349140
   54 	 0.014090 	 0.289871 	 1.371613
   55 	 0.013420 	 0.349742 	 1.830874
   56 	 0.015084 	 0.305583 	 0.872406
   57 	 0.016386 	 0.338047 	 1.821883
   58 	 0.009265 	 0.377598 	 2.252429
   59 	 0.014857 	 0.437246 	 1.566011
   60 	 0.016414 	 0.459190 	 1.868406
   61 	 0.020360 	 0.466343 	 1.284158
   62 	 0.016061 	 0.422136 	 1.873309
   63 	 0.016344 	 0.444221 	 1.767006
   64 	 0.010712 	 0.440612 	 2.342952
   65 	 0.012435 	 0.476253 	 2.106383
   66 	 0.014055 	 0.558440 	 2.110772
   67 	 0.016671 	 0.584804 	 2.139904
   68 	 0.011732 	 0.450959 	 2.200955
   69 	 0.010873 	 0.444611 	 2.198633
   70 	 0.013450 	 0.367558 	 1.699935
   71 	 0.018923 	 0.389111 	 1.588087
   72 	 0.014064 	 0.412104 	 2.757816
   73 	 0.010789 	 0.422266 	 1.861364
   74 	 0.016460 	 0.444974 	 1.880132
   75 	 0.015354 	 0.500424 	 2.259236
   76 	 0.007983 	 0.615517 	 2.534509
   77 	 0.010718 	 0.668199 	 2.818372
   78 	 0.017349 	 0.549580 	 2.240284
   79 	 0.010803 	 0.457906 	 2.387121
 