   0 	 0.002584 	 0.004408 	 0.010171
    1 	 0.002676 	 0.004692 	 0.010501
    2 	 0.002916 	 0.005649 	 0.016058
    3 	 0.003065 	 0.006242 	 0.016881
    4 	 0.003723 	 0.008333 	 0.035289
    5 	 0.002926 	 0.009388 	 0.025620
    6 	 0.003029 	 0.010613 	 0.031806
    7 	 0.006423 	 0.012685 	 0.030787
    8 	 0.005807 	 0.013407 	 0.031186
    9 	 0.005449 	 0.014650 	 0.035307
   10 	 0.005397 	 0.014682 	 0.034608
   11 	 0.005273 	 0.016089 	 0.040789
   12 	 0.006658 	 0.018041 	 0.038507
   13 	 0.007432 	 0.019133 	 0.036348
   14 	 0.009612 	 0.019023 	 0.034157
   15 	 0.006335 	 0.019870 	 0.034768
   16 	 0.008264 	 0.020197 	 0.036375
   17 	 0.007304 	 0.019805 	 0.035784
   18 	 0.007742 	 0.017910 	 0.035582
   19 	 0.007809 	 0.018900 	 0.035280
   20 	 0.008185 	 0.017788 	 0.034221
   21 	 0.007685 	 0.018424 	 0.034233
   22 	 0.009171 	 0.019435 	 0.037637
   23 	 0.005615 	 0.019030 	 0.039103
   24 	 0.006722 	 0.019847 	 0.048044
   25 	 0.008466 	 0.021045 	 0.037782
   26 	 0.007571 	 0.019579 	 0.037151
   27 	 0.007037 	 0.020749 	 0.041110
   28 	 0.007842 	 0.019059 	 0.041942
   29 	 0.006346 	 0.020526 	 0.040179
   30 	 0.006599 	 0.021007 	 0.041424
   31 	 0.008680 	 0.023302 	 0.054006
   32 	 0.006361 	 0.022727 	 0.049668
   33 	 0.007867 	 0.022840 	 0.046882
   34 	 0.004119 	 0.024952 	 0.060867
   35 	 0.004145 	 0.028630 	 0.063822
   36 	 0.009800 	 0.031482 	 0.065404
   37 	 0.009621 	 0.029001 	 0.068135
   38 	 0.009674 	 0.029368 	 0.060593
   39 	 0.006606 	 0.028079 	 0.060574
   40 	 0.006606 	 0.028046 	 0.066395
   41 	 0.007967 	 0.029555 	 0.088108
   42 	 0.009359 	 0.033362 	 0.084311
   43 	 0.009719 	 0.034103 	 0.079921
   44 	 0.008853 	 0.031903 	 0.076153
   45 	 0.008901 	 0.033251 	 0.078618
   46 	 0.009457 	 0.038525 	 0.081545
   47 	 0.006706 	 0.040432 	 0.083272
   48 	 0.007899 	 0.039722 	 0.085275
   49 	 0.013317 	 0.042100 	 0.100404
   50 	 0.007631 	 0.044210 	 0.107033
   51 	 0.010731 	 0.044991 	 0.126989
   52 	 0.005964 	 0.040318 	 0.104304
   53 	 0.010275 	 0.042650 	 0.110739
   54 	 0.006132 	 0.041364 	 0.099168
   55 	 0.009884 	 0.051339 	 0.101519
   56 	 0.007691 	 0.046142 	 0.100934
   57 	 0.012297 	 0.045479 	 0.099855
   58 	 0.013342 	 0.044345 	 0.112496
   59 	 0.011271 	 0.043045 	 0.104709
   60 	 0.011727 	 0.043510 	 0.098312
   61 	 0.013867 	 0.051080 	 0.114344
   62 	 0.010923 	 0.046895 	 0.108493
   63 	 0.007416 	 0.048148 	 0.114762
   64 	 0.004745 	 0.059040 	 0.112247
   65 	 0.012264 	 0.051394 	 0.108193
   66 	 0.005441 	 0.057536 	 0.105052
   67 	 0.010626 	 0.056971 	 0.112484
   68 	 0.009143 	 0.057466 	 0.130106
   69 	 0.009038 	 0.058185 	 0.129521
   70 	 0.017563 	 0.066454 	 0.112207
   71 	 0.011129 	 0.052489 	 0.104807
   72 	 0.015937 	 0.053821 	 0.103186
   73 	 0.011691 	 0.054556 	 0.115050
   74 	 0.016367 	 0.051829 	 0.136546
   75 	 0.013415 	 0.053775 	 0.140947
   76 	 0.008323 	 0.057608 	 0.137703
   77 	 0.012812 	 0.062531 	 0.139507
   78 	 0.013243 	 0.077712 	 0.155538
   79 	 0.011679 	 0.069935 	 0.157194
 