   0 	 0.002455 	 0.004470 	 0.011580
    1 	 0.002659 	 0.005199 	 0.011636
    2 	 0.002160 	 0.005480 	 0.018673
    3 	 0.002734 	 0.005918 	 0.015232
    4 	 0.003100 	 0.007032 	 0.013858
    5 	 0.003713 	 0.008014 	 0.014805
    6 	 0.004436 	 0.008652 	 0.024726
    7 	 0.004301 	 0.009912 	 0.024800
    8 	 0.004578 	 0.010479 	 0.023201
    9 	 0.005399 	 0.010867 	 0.024790
   10 	 0.005053 	 0.011818 	 0.025639
   11 	 0.005124 	 0.012149 	 0.023229
   12 	 0.004990 	 0.012204 	 0.022295
   13 	 0.005451 	 0.012769 	 0.025516
   14 	 0.006174 	 0.013817 	 0.022532
   15 	 0.006953 	 0.013751 	 0.026684
   16 	 0.006329 	 0.013994 	 0.027614
   17 	 0.006288 	 0.014004 	 0.024995
   18 	 0.006544 	 0.015013 	 0.027879
   19 	 0.005667 	 0.015620 	 0.030960
   20 	 0.008380 	 0.016460 	 0.034499
   21 	 0.007829 	 0.016891 	 0.030725
   22 	 0.007788 	 0.017001 	 0.035143
   23 	 0.007767 	 0.016543 	 0.034561
   24 	 0.007176 	 0.016255 	 0.035155
   25 	 0.006339 	 0.017222 	 0.031863
   26 	 0.007598 	 0.018461 	 0.036592
   27 	 0.008202 	 0.018915 	 0.036540
   28 	 0.007303 	 0.018601 	 0.038582
   29 	 0.006984 	 0.020500 	 0.034511
   30 	 0.005644 	 0.019272 	 0.037068
   31 	 0.006600 	 0.018623 	 0.037758
   32 	 0.010363 	 0.019416 	 0.050161
   33 	 0.005618 	 0.020975 	 0.050977
   34 	 0.006433 	 0.024983 	 0.053192
   35 	 0.009788 	 0.027017 	 0.051949
   36 	 0.009323 	 0.028055 	 0.056840
   37 	 0.008882 	 0.029919 	 0.057016
   38 	 0.011401 	 0.031997 	 0.053999
   39 	 0.010498 	 0.032992 	 0.071262
   40 	 0.009212 	 0.033366 	 0.080703
   41 	 0.007711 	 0.035730 	 0.064971
   42 	 0.007779 	 0.032778 	 0.065834
   43 	 0.012500 	 0.034347 	 0.067554
   44 	 0.010716 	 0.033994 	 0.068318
   45 	 0.008629 	 0.034686 	 0.076196
   46 	 0.008911 	 0.035413 	 0.074005
   47 	 0.009997 	 0.033480 	 0.075185
   48 	 0.009993 	 0.035459 	 0.073369
   49 	 0.007773 	 0.033725 	 0.078409
   50 	 0.008286 	 0.034700 	 0.091451
   51 	 0.008647 	 0.034198 	 0.091943
   52 	 0.008325 	 0.037255 	 0.100158
   53 	 0.009083 	 0.035089 	 0.095171
   54 	 0.008133 	 0.038004 	 0.174912
   55 	 0.010104 	 0.049651 	 0.164098
   56 	 0.009648 	 0.059394 	 0.147292
   57 	 0.010138 	 0.079682 	 0.269345
   58 	 0.011481 	 0.072634 	 0.270950
   59 	 0.009758 	 0.090266 	 0.298170
   60 	 0.011439 	 0.120658 	 0.321416
   61 	 0.011766 	 0.117252 	 0.302919
   62 	 0.009255 	 0.117200 	 0.315852
   63 	 0.010564 	 0.108023 	 0.334918
   64 	 0.012128 	 0.124690 	 0.344088
   65 	 0.011475 	 0.125467 	 0.332694
   66 	 0.011369 	 0.124647 	 0.309716
   67 	 0.015957 	 0.150225 	 0.316472
   68 	 0.015269 	 0.148295 	 0.308199
   69 	 0.012848 	 0.143284 	 0.367263
   70 	 0.011438 	 0.142828 	 0.356573
   71 	 0.009982 	 0.147960 	 0.399882
   72 	 0.030318 	 0.166651 	 0.403927
   73 	 0.015441 	 0.152042 	 0.323128
   74 	 0.006760 	 0.142413 	 0.354716
   75 	 0.011255 	 0.148819 	 0.388195
   76 	 0.011702 	 0.150899 	 0.380703
   77 	 0.011764 	 0.141298 	 0.441344
   78 	 0.007220 	 0.143167 	 0.433719
   79 	 0.006055 	 0.153446 	 0.441296
 