   0 	 0.002526 	 0.004490 	 0.008361
    1 	 0.002627 	 0.004853 	 0.008567
    2 	 0.002609 	 0.005443 	 0.010784
    3 	 0.002909 	 0.006284 	 0.014978
    4 	 0.003182 	 0.006789 	 0.014936
    5 	 0.003458 	 0.007357 	 0.015356
    6 	 0.003259 	 0.008171 	 0.016926
    7 	 0.003824 	 0.009056 	 0.016048
    8 	 0.004629 	 0.009747 	 0.016937
    9 	 0.004878 	 0.010100 	 0.018360
   10 	 0.004546 	 0.010910 	 0.018564
   11 	 0.004547 	 0.011271 	 0.018610
   12 	 0.004300 	 0.010871 	 0.021959
   13 	 0.004075 	 0.010898 	 0.021685
   14 	 0.005414 	 0.011609 	 0.026312
   15 	 0.005413 	 0.012114 	 0.029899
   16 	 0.005425 	 0.013013 	 0.031808
   17 	 0.004976 	 0.014390 	 0.031849
   18 	 0.005916 	 0.014838 	 0.030359
   19 	 0.006297 	 0.015992 	 0.041961
   20 	 0.006925 	 0.016403 	 0.032188
   21 	 0.006506 	 0.017759 	 0.033820
   22 	 0.007043 	 0.018299 	 0.037551
   23 	 0.007633 	 0.017797 	 0.033387
   24 	 0.005802 	 0.016977 	 0.034406
   25 	 0.006227 	 0.017020 	 0.035833
   26 	 0.007768 	 0.017450 	 0.043135
   27 	 0.008436 	 0.017761 	 0.031603
   28 	 0.006273 	 0.018822 	 0.036967
   29 	 0.006652 	 0.017542 	 0.032684
   30 	 0.007862 	 0.020312 	 0.047514
   31 	 0.008107 	 0.018200 	 0.033880
   32 	 0.008118 	 0.018991 	 0.036971
   33 	 0.007222 	 0.018932 	 0.038048
   34 	 0.007651 	 0.019309 	 0.035592
   35 	 0.006492 	 0.017684 	 0.035556
   36 	 0.006878 	 0.018857 	 0.036358
   37 	 0.006380 	 0.019427 	 0.032031
   38 	 0.008242 	 0.020004 	 0.043943
   39 	 0.007474 	 0.019709 	 0.047191
   40 	 0.007424 	 0.020742 	 0.043267
   41 	 0.005158 	 0.022142 	 0.044887
   42 	 0.008284 	 0.022163 	 0.044447
   43 	 0.007316 	 0.023805 	 0.045238
   44 	 0.007287 	 0.024583 	 0.046335
   45 	 0.007759 	 0.023741 	 0.048688
   46 	 0.007608 	 0.025109 	 0.051527
   47 	 0.007590 	 0.029128 	 0.059061
   48 	 0.008387 	 0.026683 	 0.058420
   49 	 0.008473 	 0.027598 	 0.052447
   50 	 0.008445 	 0.026296 	 0.054744
   51 	 0.007326 	 0.028076 	 0.084690
   52 	 0.010954 	 0.025258 	 0.058389
   53 	 0.011225 	 0.027020 	 0.058561
   54 	 0.007922 	 0.030054 	 0.076226
   55 	 0.010982 	 0.028638 	 0.065181
   56 	 0.008255 	 0.026823 	 0.076007
   57 	 0.008934 	 0.028064 	 0.091001
   58 	 0.010732 	 0.026269 	 0.078099
   59 	 0.009255 	 0.025780 	 0.062716
   60 	 0.008851 	 0.025372 	 0.064071
   61 	 0.007954 	 0.026059 	 0.066271
   62 	 0.007134 	 0.028009 	 0.099014
   63 	 0.006273 	 0.036062 	 0.109169
   64 	 0.008653 	 0.038882 	 0.092755
   65 	 0.009116 	 0.040468 	 0.096090
   66 	 0.010912 	 0.044567 	 0.101895
   67 	 0.008776 	 0.049035 	 0.121561
   68 	 0.013174 	 0.055749 	 0.130675
   69 	 0.009535 	 0.065778 	 0.149808
   70 	 0.008952 	 0.067133 	 0.144228
   71 	 0.006052 	 0.067926 	 0.147736
   72 	 0.005881 	 0.070327 	 0.154240
   73 	 0.011808 	 0.072235 	 0.155081
   74 	 0.009110 	 0.060985 	 0.146883
   75 	 0.010739 	 0.075328 	 0.177245
   76 	 0.011321 	 0.069069 	 0.170497
   77 	 0.007948 	 0.070120 	 0.219590
   78 	 0.011067 	 0.074333 	 0.190806
   79 	 0.010985 	 0.081568 	 0.171433
 