   0 	 0.002623 	 0.004771 	 0.010098
    1 	 0.002703 	 0.005369 	 0.010972
    2 	 0.002621 	 0.005683 	 0.011051
    3 	 0.002627 	 0.005689 	 0.010204
    4 	 0.003682 	 0.006559 	 0.017433
    5 	 0.003502 	 0.006806 	 0.016637
    6 	 0.003805 	 0.007764 	 0.017092
    7 	 0.004147 	 0.008263 	 0.015493
    8 	 0.004339 	 0.009126 	 0.015689
    9 	 0.005919 	 0.010362 	 0.016083
   10 	 0.004898 	 0.010717 	 0.028232
   11 	 0.005312 	 0.010850 	 0.025483
   12 	 0.005130 	 0.011540 	 0.025627
   13 	 0.005416 	 0.011928 	 0.030864
   14 	 0.004874 	 0.012332 	 0.022533
   15 	 0.004510 	 0.011817 	 0.028964
   16 	 0.004964 	 0.013356 	 0.053907
   17 	 0.005319 	 0.016851 	 0.061651
   18 	 0.006053 	 0.019917 	 0.061202
   19 	 0.005558 	 0.024629 	 0.060184
   20 	 0.007438 	 0.024328 	 0.066886
   21 	 0.008141 	 0.027656 	 0.061537
   22 	 0.008160 	 0.028600 	 0.058337
   23 	 0.007788 	 0.029140 	 0.056994
   24 	 0.008636 	 0.029266 	 0.074347
   25 	 0.010115 	 0.029234 	 0.059428
   26 	 0.008239 	 0.031416 	 0.057546
   27 	 0.011698 	 0.029970 	 0.062584
   28 	 0.008172 	 0.031455 	 0.063475
   29 	 0.010126 	 0.031601 	 0.076326
   30 	 0.008856 	 0.034193 	 0.082063
   31 	 0.008970 	 0.033811 	 0.095647
   32 	 0.007580 	 0.038385 	 0.136799
   33 	 0.007528 	 0.039078 	 0.126922
   34 	 0.007154 	 0.041315 	 0.117631
   35 	 0.010565 	 0.053418 	 0.164395
   36 	 0.010228 	 0.053819 	 0.154785
   37 	 0.012188 	 0.062237 	 0.164530
   38 	 0.015570 	 0.062453 	 0.169885
   39 	 0.011688 	 0.063450 	 0.160524
   40 	 0.015173 	 0.069292 	 0.163618
   41 	 0.012543 	 0.074097 	 0.195641
   42 	 0.010232 	 0.083502 	 0.256087
   43 	 0.009946 	 0.073522 	 0.247135
   44 	 0.010236 	 0.077734 	 0.257487
   45 	 0.009367 	 0.080402 	 0.221037
   46 	 0.009348 	 0.075612 	 0.251736
   47 	 0.012796 	 0.099174 	 0.262355
   48 	 0.012747 	 0.096758 	 0.271925
   49 	 0.010795 	 0.098318 	 0.238005
   50 	 0.014929 	 0.086947 	 0.260897
   51 	 0.012534 	 0.105602 	 0.367889
   52 	 0.012139 	 0.108334 	 0.321951
   53 	 0.009553 	 0.117704 	 0.278547
   54 	 0.019235 	 0.116246 	 0.262992
   55 	 0.011852 	 0.103335 	 0.258641
   56 	 0.013088 	 0.092864 	 0.244599
   57 	 0.010794 	 0.100925 	 0.240103
   58 	 0.007317 	 0.105104 	 0.263960
   59 	 0.010125 	 0.098792 	 0.280465
   60 	 0.011816 	 0.109949 	 0.265613
   61 	 0.010695 	 0.129760 	 0.277481
   62 	 0.011817 	 0.118348 	 0.256300
   63 	 0.013278 	 0.106778 	 0.284806
   64 	 0.011161 	 0.111586 	 0.275338
   65 	 0.010662 	 0.120277 	 0.333317
   66 	 0.013369 	 0.127698 	 0.353200
   67 	 0.008042 	 0.106341 	 0.303104
   68 	 0.012216 	 0.130246 	 0.344964
   69 	 0.009772 	 0.126257 	 0.364352
   70 	 0.009393 	 0.130572 	 0.371554
   71 	 0.008171 	 0.143353 	 0.438133
   72 	 0.011543 	 0.160630 	 0.547801
   73 	 0.011046 	 0.150772 	 0.563062
   74 	 0.011897 	 0.183932 	 0.651907
   75 	 0.011014 	 0.136943 	 0.535570
   76 	 0.012205 	 0.189081 	 0.653711
   77 	 0.013080 	 0.209623 	 0.759827
   78 	 0.018453 	 0.211602 	 0.761101
   79 	 0.014891 	 0.239617 	 1.040476
 