   0 	 0.002476 	 0.004475 	 0.009801
    1 	 0.002487 	 0.004991 	 0.012111
    2 	 0.002134 	 0.005044 	 0.010634
    3 	 0.002970 	 0.005494 	 0.012975
    4 	 0.002726 	 0.006229 	 0.012687
    5 	 0.003006 	 0.006529 	 0.014895
    6 	 0.003926 	 0.008068 	 0.020495
    7 	 0.004000 	 0.008821 	 0.024356
    8 	 0.003760 	 0.009663 	 0.021810
    9 	 0.003816 	 0.010697 	 0.046187
   10 	 0.004622 	 0.011366 	 0.039101
   11 	 0.005550 	 0.015472 	 0.043315
   12 	 0.006260 	 0.017974 	 0.044061
   13 	 0.005785 	 0.020477 	 0.054738
   14 	 0.004809 	 0.022619 	 0.057455
   15 	 0.005886 	 0.024820 	 0.065936
   16 	 0.008285 	 0.029116 	 0.085157
   17 	 0.008323 	 0.033744 	 0.090351
   18 	 0.007491 	 0.034514 	 0.088911
   19 	 0.009781 	 0.037982 	 0.089450
   20 	 0.009815 	 0.039595 	 0.077709
   21 	 0.010119 	 0.038473 	 0.071488
   22 	 0.012633 	 0.041754 	 0.073461
   23 	 0.009650 	 0.042457 	 0.124921
   24 	 0.008932 	 0.041310 	 0.134503
   25 	 0.008490 	 0.035160 	 0.093795
   26 	 0.010823 	 0.040191 	 0.086774
   27 	 0.009530 	 0.046652 	 0.149533
   28 	 0.013615 	 0.049710 	 0.211295
   29 	 0.008791 	 0.049826 	 0.202866
   30 	 0.006317 	 0.050828 	 0.198095
   31 	 0.006000 	 0.050878 	 0.177341
   32 	 0.009861 	 0.048432 	 0.145474
   33 	 0.009137 	 0.061368 	 0.142342
   34 	 0.015975 	 0.062074 	 0.178428
   35 	 0.009580 	 0.055838 	 0.121067
   36 	 0.010984 	 0.061276 	 0.181160
   37 	 0.007060 	 0.064270 	 0.163477
   38 	 0.010562 	 0.066140 	 0.226746
   39 	 0.013398 	 0.073367 	 0.247228
   40 	 0.014817 	 0.081091 	 0.244223
   41 	 0.010973 	 0.095014 	 0.244783
   42 	 0.011596 	 0.082237 	 0.237435
   43 	 0.011221 	 0.086408 	 0.248605
   44 	 0.011334 	 0.096432 	 0.351091
   45 	 0.013744 	 0.095283 	 0.288252
   46 	 0.015060 	 0.118497 	 0.386615
   47 	 0.009667 	 0.091981 	 0.281749
   48 	 0.012415 	 0.093003 	 0.342174
   49 	 0.009373 	 0.085545 	 0.349320
   50 	 0.010800 	 0.098102 	 0.392753
   51 	 0.008453 	 0.121110 	 0.390426
   52 	 0.013094 	 0.098141 	 0.336653
   53 	 0.017011 	 0.110414 	 0.338067
   54 	 0.014827 	 0.111269 	 0.390574
   55 	 0.017412 	 0.116785 	 0.381929
   56 	 0.008984 	 0.134799 	 0.377906
   57 	 0.008719 	 0.135240 	 0.362096
   58 	 0.011174 	 0.149528 	 0.377178
   59 	 0.012075 	 0.150649 	 0.400684
   60 	 0.014483 	 0.140259 	 0.362808
   61 	 0.012441 	 0.119664 	 0.308866
   62 	 0.011859 	 0.151702 	 0.369791
   63 	 0.016627 	 0.143892 	 0.394882
   64 	 0.015304 	 0.142568 	 0.380262
   65 	 0.015784 	 0.130620 	 0.378826
   66 	 0.013384 	 0.159722 	 0.325552
   67 	 0.014387 	 0.127933 	 0.349518
   68 	 0.009718 	 0.156159 	 0.373632
   69 	 0.015324 	 0.137624 	 0.383672
   70 	 0.011487 	 0.114433 	 0.479850
   71 	 0.011474 	 0.106206 	 0.423259
   72 	 0.015238 	 0.153048 	 0.447226
   73 	 0.008609 	 0.153517 	 0.475980
   74 	 0.009295 	 0.146847 	 0.429948
   75 	 0.012958 	 0.149143 	 0.650828
   76 	 0.013871 	 0.162634 	 0.574630
   77 	 0.011930 	 0.198653 	 0.668379
   78 	 0.006324 	 0.196271 	 0.588303
   79 	 0.018140 	 0.186856 	 0.517073
 