   0 	 0.002503 	 0.004497 	 0.009095
    1 	 0.002592 	 0.004614 	 0.009104
    2 	 0.002513 	 0.005081 	 0.008598
    3 	 0.002551 	 0.005114 	 0.008477
    4 	 0.002952 	 0.005568 	 0.010282
    5 	 0.002781 	 0.005918 	 0.013243
    6 	 0.003276 	 0.006661 	 0.013278
    7 	 0.003597 	 0.006866 	 0.016736
    8 	 0.003560 	 0.007251 	 0.020350
    9 	 0.003492 	 0.007948 	 0.020343
   10 	 0.004289 	 0.009343 	 0.020451
   11 	 0.005087 	 0.010941 	 0.033236
   12 	 0.004991 	 0.011594 	 0.034951
   13 	 0.004697 	 0.013229 	 0.035570
   14 	 0.004710 	 0.015727 	 0.035466
   15 	 0.005180 	 0.018030 	 0.036539
   16 	 0.005314 	 0.019997 	 0.059452
   17 	 0.005746 	 0.022206 	 0.060479
   18 	 0.005742 	 0.023514 	 0.062467
   19 	 0.006426 	 0.026770 	 0.072510
   20 	 0.007030 	 0.027949 	 0.070608
   21 	 0.006964 	 0.029374 	 0.074046
   22 	 0.009724 	 0.028262 	 0.069092
   23 	 0.009939 	 0.028051 	 0.081107
   24 	 0.009798 	 0.032653 	 0.078748
   25 	 0.008363 	 0.036723 	 0.087729
   26 	 0.007481 	 0.038916 	 0.093581
   27 	 0.007220 	 0.039839 	 0.095361
   28 	 0.010111 	 0.045095 	 0.100335
   29 	 0.010169 	 0.047749 	 0.107704
   30 	 0.009364 	 0.047865 	 0.099897
   31 	 0.008366 	 0.043538 	 0.125671
   32 	 0.010889 	 0.044651 	 0.085062
   33 	 0.009259 	 0.040190 	 0.094474
   34 	 0.008874 	 0.047800 	 0.100282
   35 	 0.011504 	 0.046565 	 0.109659
   36 	 0.008259 	 0.052368 	 0.119767
   37 	 0.011422 	 0.052484 	 0.116959
   38 	 0.011348 	 0.058973 	 0.157659
   39 	 0.014046 	 0.057863 	 0.163170
   40 	 0.007941 	 0.062491 	 0.187830
   41 	 0.011650 	 0.065253 	 0.215433
   42 	 0.011428 	 0.067753 	 0.186326
   43 	 0.006881 	 0.076833 	 0.200331
   44 	 0.008432 	 0.076040 	 0.205530
   45 	 0.008305 	 0.068054 	 0.169599
   46 	 0.008112 	 0.062105 	 0.166391
   47 	 0.005664 	 0.058385 	 0.141661
   48 	 0.015511 	 0.065442 	 0.191836
   49 	 0.011323 	 0.065973 	 0.204946
   50 	 0.012385 	 0.071662 	 0.248236
   51 	 0.010419 	 0.066584 	 0.229594
   52 	 0.006762 	 0.056816 	 0.256028
   53 	 0.007701 	 0.066775 	 0.237940
   54 	 0.008980 	 0.071391 	 0.237580
   55 	 0.009796 	 0.089044 	 0.290110
   56 	 0.010946 	 0.097247 	 0.305719
   57 	 0.010917 	 0.111895 	 0.318055
   58 	 0.006701 	 0.117901 	 0.310356
   59 	 0.012863 	 0.130669 	 0.298214
   60 	 0.011572 	 0.096849 	 0.286191
   61 	 0.012870 	 0.097570 	 0.263854
   62 	 0.011793 	 0.110299 	 0.262910
   63 	 0.011770 	 0.108233 	 0.481835
   64 	 0.012418 	 0.142011 	 0.351507
   65 	 0.011963 	 0.128681 	 0.282991
   66 	 0.012257 	 0.106951 	 0.234280
   67 	 0.018807 	 0.108005 	 0.340029
   68 	 0.012348 	 0.117623 	 0.299902
   69 	 0.011925 	 0.122911 	 0.389860
   70 	 0.011386 	 0.115934 	 0.345921
   71 	 0.011292 	 0.134703 	 0.353949
   72 	 0.011056 	 0.135242 	 0.378843
   73 	 0.009875 	 0.152621 	 0.399551
   74 	 0.020987 	 0.157854 	 0.385134
   75 	 0.012255 	 0.136534 	 0.389057
   76 	 0.011976 	 0.122224 	 0.511236
   77 	 0.011677 	 0.118972 	 0.407877
   78 	 0.011297 	 0.151354 	 0.454835
   79 	 0.008084 	 0.116392 	 0.592357
 