   0 	 0.002256 	 0.004720 	 0.011378
    1 	 0.002240 	 0.005127 	 0.011360
    2 	 0.002242 	 0.005435 	 0.012048
    3 	 0.002849 	 0.006125 	 0.011206
    4 	 0.002907 	 0.006547 	 0.011279
    5 	 0.002931 	 0.007497 	 0.019700
    6 	 0.003736 	 0.007995 	 0.016864
    7 	 0.003997 	 0.008401 	 0.019818
    8 	 0.004911 	 0.009247 	 0.019702
    9 	 0.004539 	 0.010442 	 0.025631
   10 	 0.004978 	 0.010718 	 0.040903
   11 	 0.004840 	 0.011270 	 0.041574
   12 	 0.005861 	 0.013060 	 0.041677
   13 	 0.004164 	 0.014803 	 0.045459
   14 	 0.005117 	 0.017840 	 0.046865
   15 	 0.005414 	 0.022905 	 0.054179
   16 	 0.008920 	 0.027651 	 0.051740
   17 	 0.008359 	 0.024768 	 0.051601
   18 	 0.007940 	 0.024290 	 0.047951
   19 	 0.007579 	 0.026504 	 0.052884
   20 	 0.006851 	 0.028935 	 0.054238
   21 	 0.006340 	 0.031515 	 0.066059
   22 	 0.010347 	 0.032944 	 0.069501
   23 	 0.008090 	 0.030057 	 0.063555
   24 	 0.008102 	 0.030770 	 0.070979
   25 	 0.009856 	 0.033717 	 0.066513
   26 	 0.007619 	 0.034303 	 0.077038
   27 	 0.010851 	 0.033462 	 0.065229
   28 	 0.010048 	 0.034540 	 0.065559
   29 	 0.009167 	 0.032548 	 0.065355
   30 	 0.010757 	 0.032970 	 0.078941
   31 	 0.008033 	 0.034471 	 0.070991
   32 	 0.008267 	 0.033713 	 0.071889
   33 	 0.007904 	 0.031462 	 0.066366
   34 	 0.007775 	 0.031613 	 0.067177
   35 	 0.007697 	 0.031118 	 0.060456
   36 	 0.009336 	 0.031054 	 0.063183
   37 	 0.009317 	 0.034178 	 0.077230
   38 	 0.008418 	 0.032717 	 0.080700
   39 	 0.011229 	 0.034798 	 0.077098
   40 	 0.007118 	 0.033516 	 0.084857
   41 	 0.007285 	 0.031284 	 0.083864
   42 	 0.008593 	 0.032858 	 0.080366
   43 	 0.008101 	 0.031602 	 0.073844
   44 	 0.011106 	 0.035204 	 0.104818
   45 	 0.009549 	 0.035801 	 0.108379
   46 	 0.006768 	 0.035575 	 0.103572
   47 	 0.009386 	 0.041164 	 0.176259
   48 	 0.007499 	 0.041775 	 0.101370
   49 	 0.008490 	 0.041421 	 0.126469
   50 	 0.009063 	 0.046639 	 0.160393
   51 	 0.008185 	 0.051922 	 0.172126
   52 	 0.013806 	 0.052578 	 0.233958
   53 	 0.011046 	 0.067915 	 0.241014
   54 	 0.011989 	 0.074556 	 0.189411
   55 	 0.011365 	 0.075693 	 0.191457
   56 	 0.009068 	 0.070026 	 0.172008
   57 	 0.010474 	 0.077479 	 0.179403
   58 	 0.012110 	 0.079411 	 0.187986
   59 	 0.011974 	 0.076829 	 0.210647
   60 	 0.008530 	 0.082581 	 0.198004
   61 	 0.014628 	 0.097937 	 0.211696
   62 	 0.012272 	 0.091254 	 0.336534
   63 	 0.011335 	 0.103915 	 0.362323
   64 	 0.009958 	 0.109127 	 0.467903
   65 	 0.009974 	 0.123376 	 0.362775
   66 	 0.012059 	 0.124148 	 0.403435
   67 	 0.018622 	 0.150590 	 0.416076
   68 	 0.012684 	 0.132124 	 0.406531
   69 	 0.007876 	 0.135160 	 0.380876
   70 	 0.013682 	 0.152539 	 0.473112
   71 	 0.010951 	 0.140988 	 0.414423
   72 	 0.014027 	 0.126969 	 0.369140
   73 	 0.012712 	 0.130017 	 0.464767
   74 	 0.008817 	 0.128445 	 0.515986
   75 	 0.012458 	 0.164609 	 0.568601
   76 	 0.010033 	 0.176779 	 0.562619
   77 	 0.012138 	 0.174763 	 0.537156
   78 	 0.006966 	 0.178460 	 0.507478
   79 	 0.009777 	 0.199737 	 0.574564
 