   0 	 0.002481 	 0.004640 	 0.009351
    1 	 0.002647 	 0.005467 	 0.012358
    2 	 0.002693 	 0.006031 	 0.013720
    3 	 0.002643 	 0.006385 	 0.012917
    4 	 0.003297 	 0.006825 	 0.014019
    5 	 0.003442 	 0.007163 	 0.011560
    6 	 0.004608 	 0.007268 	 0.011623
    7 	 0.004411 	 0.007533 	 0.012708
    8 	 0.004300 	 0.007302 	 0.015000
    9 	 0.003879 	 0.007757 	 0.014906
   10 	 0.003713 	 0.008487 	 0.015409
   11 	 0.004663 	 0.008959 	 0.015128
   12 	 0.005025 	 0.008770 	 0.015558
   13 	 0.005375 	 0.009365 	 0.023162
   14 	 0.005103 	 0.009682 	 0.022271
   15 	 0.005303 	 0.009683 	 0.020896
   16 	 0.005642 	 0.009843 	 0.016545
   17 	 0.004315 	 0.009380 	 0.016369
   18 	 0.005862 	 0.009617 	 0.018838
   19 	 0.005262 	 0.009706 	 0.018609
   20 	 0.004995 	 0.010099 	 0.021103
   21 	 0.004313 	 0.009850 	 0.021225
   22 	 0.005196 	 0.010354 	 0.020004
   23 	 0.006030 	 0.011079 	 0.021381
   24 	 0.005153 	 0.010881 	 0.021587
   25 	 0.005099 	 0.011202 	 0.021698
   26 	 0.005903 	 0.012073 	 0.019155
   27 	 0.006071 	 0.012643 	 0.024774
   28 	 0.006787 	 0.013150 	 0.019781
   29 	 0.006214 	 0.013667 	 0.034155
   30 	 0.007180 	 0.014274 	 0.025180
   31 	 0.006288 	 0.013980 	 0.029663
   32 	 0.008010 	 0.015105 	 0.029327
   33 	 0.005862 	 0.016127 	 0.031606
   34 	 0.007174 	 0.016247 	 0.031251
   35 	 0.006739 	 0.016833 	 0.033471
   36 	 0.006914 	 0.017970 	 0.032590
   37 	 0.006049 	 0.017054 	 0.037648
   38 	 0.008820 	 0.016555 	 0.030687
   39 	 0.005503 	 0.016164 	 0.030324
   40 	 0.004778 	 0.015822 	 0.032587
   41 	 0.006907 	 0.016456 	 0.038103
   42 	 0.006235 	 0.017044 	 0.035077
   43 	 0.006640 	 0.019342 	 0.040548
   44 	 0.006000 	 0.020537 	 0.045104
   45 	 0.007747 	 0.022565 	 0.042650
   46 	 0.007796 	 0.021331 	 0.059476
   47 	 0.008404 	 0.020359 	 0.057184
   48 	 0.007868 	 0.022242 	 0.056748
   49 	 0.007212 	 0.023647 	 0.059079
   50 	 0.006533 	 0.028120 	 0.063444
   51 	 0.008724 	 0.026815 	 0.070732
   52 	 0.007502 	 0.025913 	 0.063322
   53 	 0.006116 	 0.030422 	 0.071789
   54 	 0.007529 	 0.037173 	 0.072343
   55 	 0.014486 	 0.040510 	 0.073124
   56 	 0.008966 	 0.034212 	 0.072865
   57 	 0.007762 	 0.035336 	 0.075837
   58 	 0.007617 	 0.036484 	 0.076610
   59 	 0.007634 	 0.033963 	 0.071798
   60 	 0.011605 	 0.034918 	 0.074275
   61 	 0.010041 	 0.033092 	 0.072961
   62 	 0.009510 	 0.036888 	 0.086198
   63 	 0.008508 	 0.037883 	 0.073399
   64 	 0.011118 	 0.036891 	 0.120583
   65 	 0.007427 	 0.035751 	 0.089635
   66 	 0.009465 	 0.033725 	 0.085505
   67 	 0.010334 	 0.033044 	 0.083822
   68 	 0.009352 	 0.036257 	 0.084069
   69 	 0.013049 	 0.038350 	 0.082224
   70 	 0.009533 	 0.036498 	 0.085503
   71 	 0.006298 	 0.035699 	 0.080050
   72 	 0.008026 	 0.036399 	 0.080608
   73 	 0.011579 	 0.039505 	 0.083536
   74 	 0.011460 	 0.035231 	 0.084116
   75 	 0.011596 	 0.036930 	 0.082446
   76 	 0.007851 	 0.035315 	 0.081663
   77 	 0.007472 	 0.033983 	 0.098415
   78 	 0.008748 	 0.035477 	 0.100708
   79 	 0.006061 	 0.036728 	 0.103010
 