   0 	 0.001873 	 0.004380 	 0.011052
    1 	 0.002832 	 0.004854 	 0.011276
    2 	 0.002947 	 0.005275 	 0.011186
    3 	 0.003265 	 0.005891 	 0.011424
    4 	 0.002900 	 0.006457 	 0.019560
    5 	 0.003097 	 0.007800 	 0.018573
    6 	 0.003399 	 0.008601 	 0.026282
    7 	 0.003205 	 0.011128 	 0.030112
    8 	 0.005392 	 0.013037 	 0.025868
    9 	 0.007059 	 0.014660 	 0.032138
   10 	 0.007137 	 0.017447 	 0.029295
   11 	 0.007115 	 0.016497 	 0.029908
   12 	 0.005631 	 0.016293 	 0.032092
   13 	 0.005655 	 0.017932 	 0.035370
   14 	 0.005098 	 0.017766 	 0.035742
   15 	 0.007744 	 0.017471 	 0.036337
   16 	 0.006945 	 0.019040 	 0.049070
   17 	 0.007700 	 0.022030 	 0.071695
   18 	 0.007793 	 0.020621 	 0.074256
   19 	 0.006744 	 0.026720 	 0.080238
   20 	 0.006421 	 0.037640 	 0.153608
   21 	 0.010106 	 0.037353 	 0.091250
   22 	 0.010240 	 0.040032 	 0.135947
   23 	 0.008063 	 0.050714 	 0.157852
   24 	 0.013383 	 0.054749 	 0.155215
   25 	 0.012900 	 0.062333 	 0.147931
   26 	 0.013059 	 0.070016 	 0.197200
   27 	 0.008729 	 0.071923 	 0.159933
   28 	 0.007901 	 0.077298 	 0.157201
   29 	 0.008524 	 0.075031 	 0.193805
   30 	 0.008506 	 0.071764 	 0.220577
   31 	 0.010801 	 0.075868 	 0.275964
   32 	 0.011503 	 0.089261 	 0.265748
   33 	 0.011928 	 0.093444 	 0.235185
   34 	 0.011193 	 0.103446 	 0.262185
   35 	 0.012773 	 0.106657 	 0.253925
   36 	 0.012018 	 0.104026 	 0.278328
   37 	 0.008930 	 0.120157 	 0.254694
   38 	 0.009663 	 0.106908 	 0.275099
   39 	 0.008552 	 0.095446 	 0.266072
   40 	 0.010584 	 0.112093 	 0.277398
   41 	 0.010678 	 0.096699 	 0.264251
   42 	 0.008852 	 0.106366 	 0.263385
   43 	 0.010542 	 0.097189 	 0.316030
   44 	 0.010525 	 0.091589 	 0.297178
   45 	 0.012389 	 0.100967 	 0.321176
   46 	 0.013535 	 0.126266 	 0.344711
   47 	 0.013123 	 0.117555 	 0.379197
   48 	 0.009029 	 0.137374 	 0.360571
   49 	 0.013097 	 0.108800 	 0.436398
   50 	 0.011783 	 0.110201 	 0.362947
   51 	 0.013266 	 0.110650 	 0.356782
   52 	 0.013212 	 0.110212 	 0.310707
   53 	 0.013185 	 0.125306 	 0.362055
   54 	 0.009942 	 0.127906 	 0.326468
   55 	 0.012281 	 0.132817 	 0.382202
   56 	 0.009449 	 0.155137 	 0.467851
   57 	 0.012018 	 0.164016 	 0.417428
   58 	 0.010887 	 0.158488 	 0.441627
   59 	 0.017241 	 0.161249 	 0.451916
   60 	 0.015399 	 0.162515 	 0.602447
   61 	 0.012571 	 0.175600 	 0.459242
   62 	 0.011042 	 0.174097 	 0.418105
   63 	 0.008838 	 0.190489 	 0.502281
   64 	 0.011537 	 0.146271 	 0.413138
   65 	 0.008340 	 0.149065 	 0.457759
   66 	 0.010606 	 0.156611 	 0.478385
   67 	 0.013129 	 0.165394 	 0.433786
   68 	 0.008281 	 0.180548 	 0.511378
   69 	 0.013550 	 0.155904 	 0.427964
   70 	 0.012550 	 0.179798 	 0.442453
   71 	 0.012376 	 0.182178 	 0.542293
   72 	 0.009417 	 0.201025 	 0.534417
   73 	 0.013235 	 0.197051 	 0.533873
   74 	 0.011124 	 0.185753 	 0.488469
   75 	 0.007873 	 0.205053 	 0.443513
   76 	 0.013211 	 0.164089 	 0.484989
   77 	 0.010901 	 0.154582 	 0.477819
   78 	 0.009931 	 0.194032 	 0.490443
   79 	 0.015877 	 0.178211 	 0.489415
 