   0 	 0.002217 	 0.004529 	 0.008387
    1 	 0.002644 	 0.005109 	 0.011238
    2 	 0.002603 	 0.005882 	 0.011341
    3 	 0.002643 	 0.005998 	 0.009868
    4 	 0.003246 	 0.006346 	 0.016200
    5 	 0.003202 	 0.006693 	 0.011484
    6 	 0.003544 	 0.007372 	 0.019534
    7 	 0.003244 	 0.007955 	 0.018636
    8 	 0.004461 	 0.008682 	 0.021091
    9 	 0.003697 	 0.008362 	 0.021225
   10 	 0.004599 	 0.009155 	 0.023925
   11 	 0.004108 	 0.010865 	 0.024223
   12 	 0.003179 	 0.011859 	 0.027275
   13 	 0.005076 	 0.013194 	 0.030800
   14 	 0.005689 	 0.013654 	 0.040809
   15 	 0.006549 	 0.015658 	 0.040819
   16 	 0.007192 	 0.015890 	 0.039910
   17 	 0.006596 	 0.017292 	 0.041947
   18 	 0.006414 	 0.019464 	 0.057061
   19 	 0.008355 	 0.021558 	 0.062069
   20 	 0.007614 	 0.021442 	 0.064056
   21 	 0.006527 	 0.027074 	 0.124692
   22 	 0.010717 	 0.037483 	 0.148742
   23 	 0.010872 	 0.039498 	 0.128176
   24 	 0.009460 	 0.048866 	 0.133344
   25 	 0.009596 	 0.052736 	 0.140020
   26 	 0.013331 	 0.052770 	 0.144719
   27 	 0.010114 	 0.054031 	 0.167475
   28 	 0.015393 	 0.064681 	 0.197617
   29 	 0.010705 	 0.073521 	 0.204192
   30 	 0.015123 	 0.069351 	 0.259324
   31 	 0.008569 	 0.075825 	 0.283356
   32 	 0.017495 	 0.093893 	 0.272908
   33 	 0.014415 	 0.104685 	 0.305807
   34 	 0.016891 	 0.115276 	 0.281457
   35 	 0.014551 	 0.105452 	 0.303102
   36 	 0.012659 	 0.091842 	 0.279211
   37 	 0.013327 	 0.083427 	 0.235873
   38 	 0.015108 	 0.083010 	 0.269396
   39 	 0.009496 	 0.089567 	 0.369926
   40 	 0.012536 	 0.098344 	 0.440676
   41 	 0.009325 	 0.121034 	 0.368441
   42 	 0.012261 	 0.108091 	 0.329423
   43 	 0.011936 	 0.105679 	 0.298032
   44 	 0.009360 	 0.108230 	 0.440144
   45 	 0.018146 	 0.134030 	 0.385620
   46 	 0.011760 	 0.153370 	 0.498363
   47 	 0.010623 	 0.142003 	 0.461135
   48 	 0.008315 	 0.164279 	 0.499256
   49 	 0.009837 	 0.144260 	 0.557562
   50 	 0.015646 	 0.188482 	 0.504701
   51 	 0.010882 	 0.152632 	 0.515191
   52 	 0.010103 	 0.197657 	 0.692263
   53 	 0.018792 	 0.182904 	 0.524358
   54 	 0.011395 	 0.155177 	 0.526306
   55 	 0.014189 	 0.154708 	 0.552094
   56 	 0.013036 	 0.200591 	 0.499496
   57 	 0.013888 	 0.211531 	 0.658500
   58 	 0.017138 	 0.265504 	 0.655218
   59 	 0.015283 	 0.209163 	 0.652725
   60 	 0.015618 	 0.185094 	 0.618269
   61 	 0.009526 	 0.206405 	 0.494872
   62 	 0.009975 	 0.198696 	 0.548285
   63 	 0.015132 	 0.223306 	 0.702199
   64 	 0.011771 	 0.195192 	 0.717206
   65 	 0.011379 	 0.200115 	 0.564588
   66 	 0.013397 	 0.253305 	 0.901872
   67 	 0.019211 	 0.273140 	 0.930718
   68 	 0.012771 	 0.277077 	 0.806257
   69 	 0.009787 	 0.250774 	 0.913134
   70 	 0.009363 	 0.291642 	 1.005660
   71 	 0.017413 	 0.324656 	 1.030384
   72 	 0.014988 	 0.334189 	 1.552341
   73 	 0.017331 	 0.340098 	 1.211168
   74 	 0.012998 	 0.374424 	 1.611966
   75 	 0.013182 	 0.496550 	 1.639474
   76 	 0.018436 	 0.308522 	 1.307716
   77 	 0.012261 	 0.322883 	 1.387977
   78 	 0.011724 	 0.362338 	 1.319650
   79 	 0.011762 	 0.403949 	 1.509743
 