   0 	 0.002461 	 0.004794 	 0.009496
    1 	 0.002460 	 0.004973 	 0.009101
    2 	 0.002503 	 0.005363 	 0.009537
    3 	 0.003351 	 0.005789 	 0.009399
    4 	 0.002905 	 0.006328 	 0.012050
    5 	 0.003729 	 0.006644 	 0.015845
    6 	 0.003373 	 0.007756 	 0.020394
    7 	 0.004044 	 0.009254 	 0.020496
    8 	 0.004288 	 0.009858 	 0.020266
    9 	 0.003964 	 0.011358 	 0.030747
   10 	 0.004001 	 0.012484 	 0.030788
   11 	 0.005115 	 0.014723 	 0.029802
   12 	 0.006346 	 0.015987 	 0.030269
   13 	 0.005882 	 0.017271 	 0.030499
   14 	 0.006186 	 0.016484 	 0.033592
   15 	 0.006306 	 0.017985 	 0.036811
   16 	 0.008602 	 0.018839 	 0.037453
   17 	 0.008068 	 0.019181 	 0.041680
   18 	 0.008777 	 0.023176 	 0.042733
   19 	 0.008097 	 0.023373 	 0.055034
   20 	 0.008833 	 0.022765 	 0.051304
   21 	 0.008155 	 0.022624 	 0.052611
   22 	 0.007439 	 0.024525 	 0.052028
   23 	 0.006544 	 0.024851 	 0.059989
   24 	 0.011134 	 0.029939 	 0.057698
   25 	 0.010984 	 0.029597 	 0.057435
   26 	 0.009444 	 0.032676 	 0.079407
   27 	 0.009427 	 0.031894 	 0.074464
   28 	 0.011008 	 0.031969 	 0.066751
   29 	 0.008146 	 0.032056 	 0.056570
   30 	 0.010397 	 0.033669 	 0.090034
   31 	 0.010372 	 0.035071 	 0.093584
   32 	 0.008234 	 0.030863 	 0.111851
   33 	 0.011338 	 0.033473 	 0.106801
   34 	 0.008695 	 0.038274 	 0.103786
   35 	 0.011143 	 0.047029 	 0.118302
   36 	 0.010556 	 0.046315 	 0.227615
   37 	 0.008155 	 0.066517 	 0.278633
   38 	 0.008047 	 0.085206 	 0.397983
   39 	 0.011917 	 0.101973 	 0.445341
   40 	 0.009739 	 0.121959 	 0.396397
   41 	 0.011198 	 0.132234 	 0.395234
   42 	 0.012603 	 0.127612 	 0.360104
   43 	 0.009201 	 0.165520 	 0.402593
   44 	 0.018647 	 0.137241 	 0.384288
   45 	 0.018841 	 0.167291 	 0.417394
   46 	 0.009025 	 0.150273 	 0.423474
   47 	 0.016396 	 0.174633 	 0.390250
   48 	 0.007991 	 0.159046 	 0.421065
   49 	 0.009960 	 0.176884 	 0.380344
   50 	 0.015105 	 0.181414 	 0.365088
   51 	 0.013209 	 0.175224 	 0.406041
   52 	 0.017178 	 0.156916 	 0.394260
   53 	 0.012839 	 0.148680 	 0.464076
   54 	 0.009502 	 0.149713 	 0.497724
   55 	 0.017645 	 0.225560 	 0.507962
   56 	 0.011161 	 0.202475 	 0.521210
   57 	 0.013413 	 0.198224 	 0.503800
   58 	 0.012179 	 0.184843 	 0.419964
   59 	 0.018156 	 0.180800 	 0.446161
   60 	 0.014086 	 0.206523 	 0.455387
   61 	 0.007600 	 0.182463 	 0.508291
   62 	 0.013005 	 0.169966 	 0.464648
   63 	 0.011372 	 0.155819 	 0.541357
   64 	 0.012706 	 0.138861 	 0.608892
   65 	 0.016497 	 0.145263 	 0.535022
   66 	 0.019830 	 0.173007 	 0.486393
   67 	 0.010356 	 0.178452 	 0.522090
   68 	 0.018492 	 0.189364 	 0.623685
   69 	 0.026209 	 0.202168 	 0.476593
   70 	 0.012451 	 0.215468 	 0.493648
   71 	 0.013426 	 0.252294 	 0.644778
   72 	 0.008126 	 0.219053 	 0.772544
   73 	 0.026119 	 0.239572 	 0.672534
   74 	 0.008796 	 0.203402 	 0.726168
   75 	 0.007964 	 0.221612 	 0.638291
   76 	 0.007810 	 0.237388 	 0.649734
   77 	 0.011923 	 0.235312 	 0.654832
   78 	 0.006085 	 0.269547 	 1.483605
   79 	 0.018527 	 0.222271 	 0.769464
 