   0 	 0.002549 	 0.004566 	 0.008783
    1 	 0.002741 	 0.005382 	 0.009113
    2 	 0.002736 	 0.005838 	 0.011546
    3 	 0.002691 	 0.005758 	 0.012999
    4 	 0.003319 	 0.006447 	 0.012597
    5 	 0.002887 	 0.006805 	 0.018813
    6 	 0.003528 	 0.007383 	 0.021208
    7 	 0.003994 	 0.007876 	 0.020579
    8 	 0.004288 	 0.008973 	 0.020581
    9 	 0.004826 	 0.010022 	 0.024520
   10 	 0.004811 	 0.011533 	 0.025550
   11 	 0.004622 	 0.011819 	 0.025596
   12 	 0.005817 	 0.013051 	 0.043921
   13 	 0.006226 	 0.014632 	 0.043742
   14 	 0.005552 	 0.016739 	 0.046602
   15 	 0.006394 	 0.018408 	 0.067576
   16 	 0.006441 	 0.021325 	 0.075381
   17 	 0.008993 	 0.025908 	 0.074106
   18 	 0.006378 	 0.028464 	 0.086228
   19 	 0.007293 	 0.028997 	 0.075831
   20 	 0.011864 	 0.036951 	 0.090349
   21 	 0.012367 	 0.039241 	 0.086521
   22 	 0.010436 	 0.039386 	 0.108105
   23 	 0.012369 	 0.040436 	 0.120195
   24 	 0.009842 	 0.043412 	 0.106139
   25 	 0.009815 	 0.051902 	 0.108258
   26 	 0.006980 	 0.045339 	 0.112577
   27 	 0.006633 	 0.047000 	 0.152020
   28 	 0.011637 	 0.052930 	 0.164649
   29 	 0.009971 	 0.065232 	 0.169985
   30 	 0.016956 	 0.074858 	 0.165063
   31 	 0.009325 	 0.074222 	 0.182256
   32 	 0.009487 	 0.070675 	 0.195423
   33 	 0.010383 	 0.089853 	 0.197544
   34 	 0.010298 	 0.084524 	 0.199336
   35 	 0.010209 	 0.081750 	 0.176216
   36 	 0.010090 	 0.083222 	 0.234595
   37 	 0.011502 	 0.076527 	 0.185730
   38 	 0.008390 	 0.074040 	 0.176777
   39 	 0.010219 	 0.080792 	 0.178355
   40 	 0.008845 	 0.079390 	 0.261755
   41 	 0.014660 	 0.082685 	 0.354468
   42 	 0.013007 	 0.082278 	 0.312538
   43 	 0.009123 	 0.078763 	 0.358093
   44 	 0.014291 	 0.090466 	 0.423790
   45 	 0.009100 	 0.091496 	 0.231356
   46 	 0.010438 	 0.087737 	 0.227967
   47 	 0.009296 	 0.083693 	 0.322701
   48 	 0.016603 	 0.134155 	 0.394031
   49 	 0.023000 	 0.184289 	 0.449167
   50 	 0.020082 	 0.165766 	 0.483266
   51 	 0.019129 	 0.182607 	 0.474102
   52 	 0.013291 	 0.170770 	 0.487802
   53 	 0.015561 	 0.179558 	 0.453114
   54 	 0.013211 	 0.186545 	 0.872195
   55 	 0.011645 	 0.220217 	 0.764815
   56 	 0.016709 	 0.209769 	 0.670759
   57 	 0.014398 	 0.234342 	 0.866683
   58 	 0.008766 	 0.276491 	 1.064307
   59 	 0.016296 	 0.259998 	 1.159708
   60 	 0.012212 	 0.218441 	 1.199521
   61 	 0.011786 	 0.268955 	 1.012569
   62 	 0.013053 	 0.302329 	 0.901924
   63 	 0.011875 	 0.283729 	 1.104974
   64 	 0.011593 	 0.407016 	 1.103333
   65 	 0.012392 	 0.327601 	 1.184453
   66 	 0.012389 	 0.367129 	 0.901512
   67 	 0.013484 	 0.299012 	 1.091549
   68 	 0.008590 	 0.302073 	 1.496391
   69 	 0.010785 	 0.309557 	 0.992100
   70 	 0.012092 	 0.276046 	 0.853571
   71 	 0.013909 	 0.212241 	 0.626619
   72 	 0.012203 	 0.313315 	 0.928697
   73 	 0.012208 	 0.255767 	 0.988031
   74 	 0.010140 	 0.251616 	 1.009683
   75 	 0.014718 	 0.283031 	 2.427903
   76 	 0.011049 	 0.331866 	 1.959647
   77 	 0.014321 	 0.339807 	 1.127194
   78 	 0.015618 	 0.322414 	 1.958930
   79 	 0.009650 	 0.269677 	 1.140852
 