   0 	 0.002016 	 0.004213 	 0.008324
    1 	 0.002642 	 0.004428 	 0.008349
    2 	 0.002575 	 0.004693 	 0.007596
    3 	 0.003189 	 0.005050 	 0.008502
    4 	 0.003458 	 0.005639 	 0.009896
    5 	 0.003413 	 0.005866 	 0.011535
    6 	 0.003520 	 0.006322 	 0.014000
    7 	 0.003793 	 0.007247 	 0.014481
    8 	 0.003820 	 0.008163 	 0.017259
    9 	 0.003470 	 0.009166 	 0.025722
   10 	 0.004227 	 0.009979 	 0.018952
   11 	 0.004567 	 0.010822 	 0.019882
   12 	 0.005531 	 0.010821 	 0.019319
   13 	 0.005678 	 0.010771 	 0.021455
   14 	 0.004534 	 0.011350 	 0.022992
   15 	 0.005592 	 0.012927 	 0.024292
   16 	 0.006926 	 0.013741 	 0.024575
   17 	 0.006409 	 0.013889 	 0.023735
   18 	 0.004787 	 0.013451 	 0.034472
   19 	 0.006267 	 0.014734 	 0.033576
   20 	 0.006207 	 0.014397 	 0.024370
   21 	 0.006141 	 0.015078 	 0.033640
   22 	 0.006336 	 0.015638 	 0.033934
   23 	 0.006288 	 0.018112 	 0.051357
   24 	 0.007645 	 0.022161 	 0.070864
   25 	 0.006859 	 0.024755 	 0.059927
   26 	 0.008425 	 0.026835 	 0.061367
   27 	 0.006824 	 0.024896 	 0.061492
   28 	 0.006474 	 0.024875 	 0.053329
   29 	 0.005959 	 0.024335 	 0.050281
   30 	 0.006677 	 0.026120 	 0.050236
   31 	 0.006850 	 0.027931 	 0.053569
   32 	 0.008171 	 0.029111 	 0.067520
   33 	 0.009307 	 0.032316 	 0.066258
   34 	 0.005738 	 0.032504 	 0.061284
   35 	 0.007615 	 0.031752 	 0.077646
   36 	 0.006989 	 0.031986 	 0.076953
   37 	 0.008881 	 0.031090 	 0.082219
   38 	 0.008789 	 0.037248 	 0.077854
   39 	 0.006215 	 0.036989 	 0.092771
   40 	 0.008161 	 0.040213 	 0.095178
   41 	 0.009538 	 0.042173 	 0.091418
   42 	 0.008687 	 0.045082 	 0.087105
   43 	 0.008640 	 0.042182 	 0.123102
   44 	 0.010958 	 0.047833 	 0.117496
   45 	 0.009467 	 0.044311 	 0.132464
   46 	 0.012775 	 0.052604 	 0.195529
   47 	 0.007757 	 0.053757 	 0.146785
   48 	 0.007774 	 0.056958 	 0.154008
   49 	 0.013108 	 0.075673 	 0.182809
   50 	 0.006521 	 0.066203 	 0.233669
   51 	 0.014967 	 0.083477 	 0.228191
   52 	 0.010203 	 0.089570 	 0.227778
   53 	 0.010624 	 0.092970 	 0.249704
   54 	 0.011913 	 0.100434 	 0.229453
   55 	 0.008781 	 0.109992 	 0.250877
   56 	 0.015042 	 0.104921 	 0.274972
   57 	 0.012763 	 0.097038 	 0.232139
   58 	 0.010954 	 0.097798 	 0.286202
   59 	 0.015737 	 0.125040 	 0.282796
   60 	 0.012676 	 0.117169 	 0.349844
   61 	 0.012419 	 0.133906 	 0.347211
   62 	 0.016555 	 0.124381 	 0.341318
   63 	 0.009817 	 0.116129 	 0.358288
   64 	 0.014565 	 0.124779 	 0.407005
   65 	 0.013113 	 0.117262 	 0.393373
   66 	 0.020350 	 0.156602 	 0.406696
   67 	 0.013481 	 0.136976 	 0.455923
   68 	 0.016363 	 0.130503 	 0.421702
   69 	 0.012098 	 0.150899 	 0.354138
   70 	 0.014074 	 0.152407 	 0.384704
   71 	 0.016228 	 0.150644 	 0.379520
   72 	 0.010492 	 0.178442 	 0.424576
   73 	 0.011758 	 0.190381 	 0.516224
   74 	 0.014428 	 0.159309 	 0.424541
   75 	 0.015484 	 0.149587 	 0.411799
   76 	 0.013846 	 0.161868 	 0.391181
   77 	 0.014189 	 0.162543 	 0.447530
   78 	 0.013384 	 0.187184 	 0.403795
   79 	 0.010834 	 0.161536 	 0.426800
 