   0 	 0.002163 	 0.004547 	 0.009027
    1 	 0.002687 	 0.004847 	 0.009471
    2 	 0.002751 	 0.005345 	 0.014629
    3 	 0.003189 	 0.005492 	 0.009589
    4 	 0.003490 	 0.005885 	 0.012435
    5 	 0.003507 	 0.006622 	 0.014247
    6 	 0.003419 	 0.007447 	 0.014786
    7 	 0.003521 	 0.007864 	 0.013508
    8 	 0.005280 	 0.008304 	 0.014926
    9 	 0.003867 	 0.008360 	 0.013897
   10 	 0.003898 	 0.008484 	 0.013314
   11 	 0.004497 	 0.008036 	 0.026584
   12 	 0.004470 	 0.008709 	 0.027125
   13 	 0.003775 	 0.009273 	 0.018519
   14 	 0.005789 	 0.010413 	 0.021987
   15 	 0.005427 	 0.011065 	 0.018792
   16 	 0.005147 	 0.011497 	 0.022233
   17 	 0.004641 	 0.011158 	 0.020891
   18 	 0.005961 	 0.010530 	 0.019202
   19 	 0.004428 	 0.011025 	 0.021729
   20 	 0.005461 	 0.011476 	 0.018458
   21 	 0.004945 	 0.011176 	 0.019356
   22 	 0.004921 	 0.010847 	 0.019347
   23 	 0.004946 	 0.011433 	 0.024661
   24 	 0.004942 	 0.013075 	 0.035306
   25 	 0.005920 	 0.012733 	 0.026782
   26 	 0.005753 	 0.013851 	 0.023905
   27 	 0.006727 	 0.014385 	 0.024797
   28 	 0.007841 	 0.015101 	 0.027711
   29 	 0.005947 	 0.015103 	 0.028567
   30 	 0.005015 	 0.015664 	 0.028713
   31 	 0.005856 	 0.014780 	 0.047159
   32 	 0.006029 	 0.016947 	 0.046482
   33 	 0.006823 	 0.019196 	 0.047401
   34 	 0.007529 	 0.022125 	 0.066265
   35 	 0.005337 	 0.025826 	 0.088131
   36 	 0.007988 	 0.028503 	 0.061717
   37 	 0.008167 	 0.030408 	 0.065936
   38 	 0.011014 	 0.032914 	 0.073284
   39 	 0.008064 	 0.035928 	 0.071785
   40 	 0.006602 	 0.034142 	 0.092005
   41 	 0.007618 	 0.035396 	 0.084850
   42 	 0.012744 	 0.039846 	 0.089206
   43 	 0.009908 	 0.040883 	 0.099145
   44 	 0.010762 	 0.043389 	 0.170132
   45 	 0.012012 	 0.048969 	 0.202715
   46 	 0.009157 	 0.061975 	 0.207562
   47 	 0.009511 	 0.063691 	 0.205261
   48 	 0.007388 	 0.070774 	 0.208385
   49 	 0.013652 	 0.072873 	 0.194352
   50 	 0.013381 	 0.079703 	 0.196659
   51 	 0.013027 	 0.077424 	 0.205536
   52 	 0.005625 	 0.079825 	 0.201964
   53 	 0.014557 	 0.086200 	 0.229648
   54 	 0.010143 	 0.086910 	 0.201926
   55 	 0.013343 	 0.079773 	 0.208509
   56 	 0.017105 	 0.087327 	 0.204405
   57 	 0.012063 	 0.092089 	 0.266501
   58 	 0.015488 	 0.099340 	 0.305145
   59 	 0.012748 	 0.098579 	 0.286664
   60 	 0.007532 	 0.117474 	 0.344091
   61 	 0.009438 	 0.099713 	 0.352338
   62 	 0.016183 	 0.106129 	 0.345023
   63 	 0.015726 	 0.106290 	 0.355942
   64 	 0.015079 	 0.114270 	 0.352528
   65 	 0.011363 	 0.108494 	 0.292376
   66 	 0.008988 	 0.100002 	 0.296203
   67 	 0.010622 	 0.114724 	 0.362773
   68 	 0.014428 	 0.100249 	 0.323130
   69 	 0.012304 	 0.102963 	 0.386513
   70 	 0.011098 	 0.103847 	 0.437678
   71 	 0.008066 	 0.122832 	 0.405389
   72 	 0.013297 	 0.132620 	 0.385029
   73 	 0.015028 	 0.161000 	 0.427508
   74 	 0.011742 	 0.183951 	 0.398913
   75 	 0.012072 	 0.169442 	 0.496682
   76 	 0.007891 	 0.193014 	 0.437204
   77 	 0.009792 	 0.185409 	 0.496659
   78 	 0.013854 	 0.169478 	 0.502257
   79 	 0.014310 	 0.192857 	 0.734748
 