   0 	 0.002775 	 0.004753 	 0.009349
    1 	 0.003059 	 0.005480 	 0.013329
    2 	 0.003760 	 0.006315 	 0.015352
    3 	 0.003968 	 0.006673 	 0.015474
    4 	 0.003046 	 0.007007 	 0.014833
    5 	 0.003328 	 0.007261 	 0.016046
    6 	 0.003855 	 0.007444 	 0.016528
    7 	 0.003922 	 0.007947 	 0.016587
    8 	 0.003850 	 0.008713 	 0.034341
    9 	 0.004651 	 0.008975 	 0.038746
   10 	 0.005235 	 0.010239 	 0.038943
   11 	 0.003881 	 0.011729 	 0.038855
   12 	 0.004483 	 0.013146 	 0.038333
   13 	 0.005806 	 0.015136 	 0.040505
   14 	 0.006599 	 0.018146 	 0.040620
   15 	 0.006924 	 0.020400 	 0.040072
   16 	 0.009025 	 0.021554 	 0.040918
   17 	 0.007294 	 0.022428 	 0.049695
   18 	 0.006733 	 0.022403 	 0.042459
   19 	 0.005599 	 0.024009 	 0.058731
   20 	 0.005650 	 0.024053 	 0.051119
   21 	 0.008249 	 0.024689 	 0.054301
   22 	 0.008224 	 0.024647 	 0.071672
   23 	 0.008158 	 0.024258 	 0.071000
   24 	 0.007413 	 0.028312 	 0.069701
   25 	 0.009635 	 0.031201 	 0.063202
   26 	 0.008967 	 0.033963 	 0.094966
   27 	 0.008495 	 0.042256 	 0.096239
   28 	 0.008456 	 0.048371 	 0.101312
   29 	 0.009525 	 0.048141 	 0.139043
   30 	 0.013921 	 0.055233 	 0.114418
   31 	 0.011994 	 0.053551 	 0.115883
   32 	 0.009353 	 0.054073 	 0.103258
   33 	 0.010272 	 0.057200 	 0.137755
   34 	 0.011367 	 0.057285 	 0.180309
   35 	 0.009693 	 0.056936 	 0.116046
   36 	 0.008140 	 0.049164 	 0.133518
   37 	 0.007990 	 0.042679 	 0.171734
   38 	 0.008980 	 0.043356 	 0.121241
   39 	 0.009475 	 0.044571 	 0.109484
   40 	 0.009482 	 0.045583 	 0.193791
   41 	 0.007826 	 0.052947 	 0.186001
   42 	 0.012927 	 0.060646 	 0.206989
   43 	 0.021253 	 0.064968 	 0.178287
   44 	 0.008847 	 0.059384 	 0.159443
   45 	 0.011910 	 0.068998 	 0.160385
   46 	 0.010132 	 0.078235 	 0.159199
   47 	 0.010768 	 0.076896 	 0.186849
   48 	 0.013566 	 0.082874 	 0.204504
   49 	 0.010443 	 0.066043 	 0.171062
   50 	 0.011050 	 0.076042 	 0.168376
   51 	 0.008792 	 0.071925 	 0.189327
   52 	 0.010450 	 0.076362 	 0.191105
   53 	 0.012157 	 0.075193 	 0.211427
   54 	 0.011803 	 0.081729 	 0.208533
   55 	 0.006566 	 0.091804 	 0.209448
   56 	 0.013317 	 0.089456 	 0.212937
   57 	 0.011307 	 0.089660 	 0.203550
   58 	 0.010452 	 0.107655 	 0.236430
   59 	 0.010498 	 0.089088 	 0.205037
   60 	 0.015297 	 0.093366 	 0.219360
   61 	 0.019970 	 0.096173 	 0.222808
   62 	 0.016706 	 0.109836 	 0.294408
   63 	 0.009676 	 0.108117 	 0.280879
   64 	 0.009365 	 0.089532 	 0.276332
   65 	 0.018218 	 0.110571 	 0.300377
   66 	 0.011671 	 0.105981 	 0.281998
   67 	 0.010014 	 0.104184 	 0.268876
   68 	 0.011998 	 0.115045 	 0.429838
   69 	 0.010480 	 0.118541 	 0.548362
   70 	 0.011185 	 0.116821 	 0.423538
   71 	 0.010461 	 0.125914 	 0.496449
   72 	 0.014938 	 0.168374 	 0.562392
   73 	 0.011833 	 0.236431 	 0.578954
   74 	 0.011634 	 0.183882 	 0.527087
   75 	 0.011635 	 0.197871 	 0.626285
   76 	 0.012757 	 0.195586 	 0.855398
   77 	 0.009038 	 0.168595 	 0.751506
   78 	 0.015128 	 0.197766 	 0.559222
   79 	 0.012456 	 0.204885 	 0.638571
 