   0 	 0.002608 	 0.004496 	 0.007843
    1 	 0.002374 	 0.004657 	 0.008108
    2 	 0.003000 	 0.004939 	 0.010182
    3 	 0.002792 	 0.005163 	 0.009672
    4 	 0.003440 	 0.006052 	 0.013172
    5 	 0.003406 	 0.006247 	 0.012209
    6 	 0.002669 	 0.006694 	 0.013424
    7 	 0.003335 	 0.007707 	 0.014671
    8 	 0.003659 	 0.008270 	 0.019441
    9 	 0.004643 	 0.009144 	 0.023091
   10 	 0.004568 	 0.011190 	 0.024993
   11 	 0.004018 	 0.010866 	 0.021393
   12 	 0.003973 	 0.010404 	 0.026400
   13 	 0.004799 	 0.012153 	 0.029029
   14 	 0.004585 	 0.012811 	 0.026433
   15 	 0.005950 	 0.013912 	 0.032771
   16 	 0.006481 	 0.014988 	 0.036670
   17 	 0.006028 	 0.014792 	 0.038299
   18 	 0.006050 	 0.015670 	 0.037415
   19 	 0.005249 	 0.017237 	 0.044453
   20 	 0.005214 	 0.019155 	 0.040227
   21 	 0.008597 	 0.022762 	 0.040834
   22 	 0.008566 	 0.024998 	 0.055695
   23 	 0.007728 	 0.024150 	 0.056016
   24 	 0.010014 	 0.020034 	 0.046230
   25 	 0.007821 	 0.020601 	 0.044764
   26 	 0.008745 	 0.020530 	 0.036799
   27 	 0.008690 	 0.020707 	 0.040334
   28 	 0.008856 	 0.022337 	 0.064872
   29 	 0.008142 	 0.025075 	 0.078254
   30 	 0.006589 	 0.026466 	 0.081178
   31 	 0.007503 	 0.025895 	 0.063616
   32 	 0.008049 	 0.025048 	 0.067161
   33 	 0.006246 	 0.025212 	 0.071792
   34 	 0.007075 	 0.028118 	 0.090876
   35 	 0.005917 	 0.033410 	 0.095268
   36 	 0.008272 	 0.040562 	 0.106292
   37 	 0.006590 	 0.049512 	 0.122523
   38 	 0.011459 	 0.057726 	 0.120844
   39 	 0.010059 	 0.055915 	 0.128594
   40 	 0.009171 	 0.059835 	 0.126554
   41 	 0.010055 	 0.059592 	 0.125574
   42 	 0.011027 	 0.054690 	 0.139067
   43 	 0.009778 	 0.059543 	 0.136394
   44 	 0.012178 	 0.060831 	 0.140341
   45 	 0.014995 	 0.055835 	 0.133680
   46 	 0.011801 	 0.056444 	 0.119216
   47 	 0.011274 	 0.052047 	 0.131253
   48 	 0.009554 	 0.052878 	 0.131334
   49 	 0.009852 	 0.057743 	 0.135658
   50 	 0.012605 	 0.049965 	 0.133381
   51 	 0.007884 	 0.048147 	 0.143345
   52 	 0.006762 	 0.045610 	 0.146489
   53 	 0.011100 	 0.049088 	 0.123014
   54 	 0.012620 	 0.052385 	 0.134877
   55 	 0.008500 	 0.054822 	 0.131898
   56 	 0.008827 	 0.059615 	 0.124217
   57 	 0.008968 	 0.066756 	 0.147756
   58 	 0.010042 	 0.063252 	 0.136872
   59 	 0.009812 	 0.062518 	 0.139191
   60 	 0.011423 	 0.060468 	 0.147730
   61 	 0.012749 	 0.070662 	 0.217474
   62 	 0.012892 	 0.070352 	 0.200138
   63 	 0.008039 	 0.078410 	 0.220853
   64 	 0.014461 	 0.086054 	 0.262329
   65 	 0.014195 	 0.111971 	 0.256500
   66 	 0.014680 	 0.105349 	 0.281281
   67 	 0.009365 	 0.083569 	 0.228581
   68 	 0.010186 	 0.085344 	 0.197451
   69 	 0.010115 	 0.089629 	 0.220448
   70 	 0.014023 	 0.087626 	 0.230384
   71 	 0.010350 	 0.091801 	 0.243669
   72 	 0.008596 	 0.090273 	 0.282500
   73 	 0.010883 	 0.090868 	 0.243995
   74 	 0.013080 	 0.091830 	 0.218409
   75 	 0.013997 	 0.105299 	 0.276465
   76 	 0.008718 	 0.101410 	 0.323189
   77 	 0.009894 	 0.099147 	 0.310932
   78 	 0.012478 	 0.134925 	 0.430214
   79 	 0.016813 	 0.122272 	 0.453508
 