   0 	 0.002466 	 0.004829 	 0.008650
    1 	 0.002430 	 0.005369 	 0.011577
    2 	 0.002363 	 0.005186 	 0.015556
    3 	 0.002872 	 0.006502 	 0.020717
    4 	 0.002925 	 0.007521 	 0.024216
    5 	 0.003399 	 0.008807 	 0.024271
    6 	 0.003223 	 0.010121 	 0.039961
    7 	 0.003173 	 0.012869 	 0.036220
    8 	 0.003858 	 0.013934 	 0.026258
    9 	 0.004815 	 0.015047 	 0.032583
   10 	 0.006306 	 0.016003 	 0.029478
   11 	 0.008126 	 0.017142 	 0.034051
   12 	 0.007886 	 0.016919 	 0.029659
   13 	 0.007001 	 0.017543 	 0.029539
   14 	 0.005174 	 0.017159 	 0.030525
   15 	 0.004874 	 0.017474 	 0.030009
   16 	 0.006839 	 0.018651 	 0.034340
   17 	 0.005391 	 0.018255 	 0.033466
   18 	 0.007669 	 0.017626 	 0.039323
   19 	 0.006450 	 0.018241 	 0.031338
   20 	 0.004805 	 0.020026 	 0.040466
   21 	 0.007528 	 0.020507 	 0.046358
   22 	 0.008189 	 0.020337 	 0.036140
   23 	 0.008845 	 0.022606 	 0.043828
   24 	 0.006078 	 0.024101 	 0.043857
   25 	 0.006291 	 0.024091 	 0.063265
   26 	 0.008592 	 0.024114 	 0.044702
   27 	 0.010083 	 0.024942 	 0.045081
   28 	 0.010119 	 0.025438 	 0.045558
   29 	 0.011056 	 0.026645 	 0.048514
   30 	 0.008606 	 0.025296 	 0.054627
   31 	 0.007155 	 0.026041 	 0.054577
   32 	 0.008918 	 0.025136 	 0.056469
   33 	 0.007067 	 0.027202 	 0.061547
   34 	 0.008442 	 0.029329 	 0.071246
   35 	 0.009506 	 0.032468 	 0.079012
   36 	 0.010665 	 0.032308 	 0.069556
   37 	 0.010654 	 0.032731 	 0.074887
   38 	 0.008822 	 0.030093 	 0.071548
   39 	 0.007617 	 0.028238 	 0.069313
   40 	 0.012009 	 0.030712 	 0.065345
   41 	 0.007960 	 0.030264 	 0.063422
   42 	 0.010096 	 0.029562 	 0.072756
   43 	 0.010210 	 0.031629 	 0.073837
   44 	 0.011176 	 0.030297 	 0.063559
   45 	 0.008468 	 0.029720 	 0.075503
   46 	 0.008360 	 0.027154 	 0.067376
   47 	 0.009178 	 0.027688 	 0.082452
   48 	 0.008803 	 0.031818 	 0.072524
   49 	 0.008979 	 0.032627 	 0.073832
   50 	 0.008031 	 0.038040 	 0.090485
   51 	 0.010228 	 0.039195 	 0.068869
   52 	 0.010848 	 0.038428 	 0.092344
   53 	 0.010975 	 0.043744 	 0.087171
   54 	 0.011447 	 0.040976 	 0.100972
   55 	 0.009006 	 0.041389 	 0.148847
   56 	 0.008994 	 0.046020 	 0.152125
   57 	 0.011100 	 0.048537 	 0.142022
   58 	 0.008276 	 0.048023 	 0.142216
   59 	 0.008231 	 0.046391 	 0.138138
   60 	 0.009988 	 0.047185 	 0.151155
   61 	 0.011353 	 0.050969 	 0.172347
   62 	 0.009143 	 0.047560 	 0.170230
   63 	 0.010824 	 0.055295 	 0.177082
   64 	 0.009174 	 0.070072 	 0.186538
   65 	 0.010315 	 0.063454 	 0.170703
   66 	 0.011231 	 0.082405 	 0.186387
   67 	 0.011589 	 0.082258 	 0.199572
   68 	 0.014868 	 0.093751 	 0.186007
   69 	 0.011308 	 0.072300 	 0.174609
   70 	 0.011215 	 0.070211 	 0.182841
   71 	 0.011912 	 0.072451 	 0.173851
   72 	 0.010788 	 0.073350 	 0.192377
   73 	 0.013723 	 0.079838 	 0.182364
   74 	 0.010975 	 0.074359 	 0.172085
   75 	 0.010211 	 0.067648 	 0.181335
   76 	 0.012170 	 0.071647 	 0.202500
   77 	 0.008590 	 0.076537 	 0.230203
   78 	 0.013739 	 0.081222 	 0.222863
   79 	 0.010683 	 0.090728 	 0.248832
 