   0 	 0.002341 	 0.004710 	 0.011031
    1 	 0.003075 	 0.005151 	 0.009172
    2 	 0.003277 	 0.005703 	 0.011205
    3 	 0.003119 	 0.006624 	 0.016412
    4 	 0.004095 	 0.007552 	 0.017571
    5 	 0.004164 	 0.008072 	 0.020406
    6 	 0.004624 	 0.008790 	 0.021864
    7 	 0.005044 	 0.009987 	 0.023084
    8 	 0.005096 	 0.010260 	 0.022133
    9 	 0.005612 	 0.012162 	 0.024732
   10 	 0.004430 	 0.012508 	 0.026329
   11 	 0.004552 	 0.012710 	 0.027275
   12 	 0.004808 	 0.013599 	 0.028015
   13 	 0.006058 	 0.014861 	 0.033186
   14 	 0.007714 	 0.016678 	 0.036826
   15 	 0.008936 	 0.018549 	 0.042298
   16 	 0.006234 	 0.019700 	 0.055986
   17 	 0.006366 	 0.024246 	 0.066822
   18 	 0.006339 	 0.027314 	 0.064953
   19 	 0.008150 	 0.028674 	 0.062910
   20 	 0.010150 	 0.030170 	 0.071819
   21 	 0.008804 	 0.030514 	 0.094619
   22 	 0.008555 	 0.035572 	 0.101912
   23 	 0.009065 	 0.041090 	 0.100190
   24 	 0.008643 	 0.036676 	 0.094179
   25 	 0.008806 	 0.035875 	 0.092789
   26 	 0.009074 	 0.040828 	 0.095659
   27 	 0.013788 	 0.043672 	 0.099305
   28 	 0.008616 	 0.037632 	 0.102957
   29 	 0.008723 	 0.035937 	 0.084456
   30 	 0.012324 	 0.040437 	 0.095113
   31 	 0.010290 	 0.041353 	 0.100175
   32 	 0.007040 	 0.040603 	 0.131844
   33 	 0.008788 	 0.052822 	 0.128394
   34 	 0.008345 	 0.060674 	 0.149021
   35 	 0.008684 	 0.060877 	 0.187356
   36 	 0.010722 	 0.058797 	 0.144396
   37 	 0.007483 	 0.063011 	 0.192467
   38 	 0.008580 	 0.070433 	 0.177431
   39 	 0.011881 	 0.073809 	 0.158331
   40 	 0.008267 	 0.060138 	 0.153454
   41 	 0.010849 	 0.062382 	 0.141566
   42 	 0.007576 	 0.059902 	 0.185325
   43 	 0.009569 	 0.058735 	 0.195305
   44 	 0.017009 	 0.075874 	 0.192956
   45 	 0.011627 	 0.078651 	 0.201831
   46 	 0.009624 	 0.078535 	 0.208658
   47 	 0.010169 	 0.089253 	 0.246464
   48 	 0.008428 	 0.089788 	 0.207606
   49 	 0.010395 	 0.087677 	 0.202573
   50 	 0.010428 	 0.079124 	 0.189935
   51 	 0.019042 	 0.084101 	 0.208600
   52 	 0.016851 	 0.093515 	 0.197138
   53 	 0.008946 	 0.071412 	 0.172393
   54 	 0.009862 	 0.077446 	 0.186206
   55 	 0.009763 	 0.070206 	 0.164630
   56 	 0.009156 	 0.062986 	 0.161791
   57 	 0.009223 	 0.065292 	 0.173780
   58 	 0.010123 	 0.071989 	 0.150666
   59 	 0.009645 	 0.077887 	 0.192979
   60 	 0.009478 	 0.072819 	 0.195348
   61 	 0.012070 	 0.088734 	 0.222920
   62 	 0.011957 	 0.085086 	 0.209871
   63 	 0.016340 	 0.082999 	 0.205881
   64 	 0.010005 	 0.068734 	 0.190266
   65 	 0.012004 	 0.074231 	 0.206562
   66 	 0.012518 	 0.086773 	 0.212281
   67 	 0.010984 	 0.085686 	 0.213965
   68 	 0.007129 	 0.081765 	 0.191851
   69 	 0.014650 	 0.095181 	 0.208830
   70 	 0.013638 	 0.109457 	 0.254085
   71 	 0.011680 	 0.114138 	 0.312204
   72 	 0.020212 	 0.085661 	 0.257842
   73 	 0.008618 	 0.086464 	 0.256743
   74 	 0.013590 	 0.091974 	 0.331866
   75 	 0.008722 	 0.112214 	 0.337021
   76 	 0.011647 	 0.114249 	 0.312545
   77 	 0.010189 	 0.106381 	 0.328909
   78 	 0.011053 	 0.104508 	 0.280039
   79 	 0.010977 	 0.108166 	 0.367622
 