   0 	 0.002470 	 0.004373 	 0.009493
    1 	 0.002301 	 0.004592 	 0.009486
    2 	 0.002344 	 0.004628 	 0.007044
    3 	 0.002516 	 0.004967 	 0.008214
    4 	 0.002579 	 0.005072 	 0.007751
    5 	 0.003167 	 0.005335 	 0.008155
    6 	 0.002918 	 0.005500 	 0.009525
    7 	 0.003341 	 0.005963 	 0.013301
    8 	 0.003298 	 0.006109 	 0.014605
    9 	 0.003238 	 0.006127 	 0.011104
   10 	 0.003405 	 0.006394 	 0.011746
   11 	 0.003761 	 0.006649 	 0.011377
   12 	 0.003872 	 0.007059 	 0.012041
   13 	 0.004293 	 0.007518 	 0.023031
   14 	 0.004431 	 0.007997 	 0.020887
   15 	 0.004063 	 0.008753 	 0.015667
   16 	 0.003734 	 0.009028 	 0.018374
   17 	 0.003094 	 0.009490 	 0.027841
   18 	 0.004034 	 0.010868 	 0.021280
   19 	 0.005427 	 0.011770 	 0.025062
   20 	 0.005057 	 0.013020 	 0.033407
   21 	 0.006003 	 0.016748 	 0.059568
   22 	 0.005921 	 0.017860 	 0.046278
   23 	 0.006900 	 0.019858 	 0.042504
   24 	 0.007190 	 0.020030 	 0.052828
   25 	 0.006442 	 0.021388 	 0.049906
   26 	 0.005829 	 0.020036 	 0.039998
   27 	 0.006500 	 0.020133 	 0.050453
   28 	 0.008490 	 0.022307 	 0.071100
   29 	 0.007715 	 0.022215 	 0.067933
   30 	 0.009368 	 0.025625 	 0.070258
   31 	 0.006578 	 0.029591 	 0.069516
   32 	 0.010484 	 0.030595 	 0.086969
   33 	 0.008326 	 0.031011 	 0.116981
   34 	 0.012268 	 0.040831 	 0.113147
   35 	 0.010356 	 0.038818 	 0.119422
   36 	 0.007365 	 0.043595 	 0.128328
   37 	 0.011559 	 0.049084 	 0.137393
   38 	 0.013387 	 0.049650 	 0.126506
   39 	 0.011502 	 0.052905 	 0.132450
   40 	 0.007905 	 0.051943 	 0.121900
   41 	 0.007729 	 0.045546 	 0.113562
   42 	 0.010263 	 0.052096 	 0.127214
   43 	 0.010364 	 0.061116 	 0.117929
   44 	 0.008480 	 0.058572 	 0.125650
   45 	 0.009445 	 0.060609 	 0.140768
   46 	 0.011722 	 0.060287 	 0.133719
   47 	 0.008838 	 0.055546 	 0.138432
   48 	 0.014774 	 0.063350 	 0.167106
   49 	 0.012096 	 0.062202 	 0.130077
   50 	 0.012029 	 0.052536 	 0.142197
   51 	 0.013755 	 0.052308 	 0.131974
   52 	 0.012458 	 0.053748 	 0.167135
   53 	 0.013930 	 0.054415 	 0.130059
   54 	 0.006710 	 0.053248 	 0.115075
   55 	 0.011524 	 0.055047 	 0.136094
   56 	 0.012028 	 0.044991 	 0.093608
   57 	 0.010554 	 0.048816 	 0.110784
   58 	 0.008733 	 0.052253 	 0.131168
   59 	 0.011131 	 0.049315 	 0.127523
   60 	 0.011337 	 0.049520 	 0.135337
   61 	 0.012184 	 0.052067 	 0.140767
   62 	 0.015284 	 0.055365 	 0.148631
   63 	 0.015001 	 0.054195 	 0.202821
   64 	 0.010521 	 0.053074 	 0.175484
   65 	 0.014055 	 0.060220 	 0.163398
   66 	 0.010432 	 0.065266 	 0.200823
   67 	 0.011109 	 0.072228 	 0.199893
   68 	 0.007067 	 0.078241 	 0.209188
   69 	 0.014763 	 0.091306 	 0.227633
   70 	 0.009557 	 0.092093 	 0.249584
   71 	 0.011100 	 0.090964 	 0.242589
   72 	 0.012965 	 0.085860 	 0.216240
   73 	 0.010907 	 0.101282 	 0.251832
   74 	 0.011791 	 0.097675 	 0.264800
   75 	 0.010603 	 0.106019 	 0.329858
   76 	 0.011324 	 0.115367 	 0.272871
   77 	 0.012902 	 0.091123 	 0.303287
   78 	 0.014890 	 0.101437 	 0.240543
   79 	 0.009693 	 0.101342 	 0.298818
 