   0 	 0.002605 	 0.004745 	 0.011528
    1 	 0.002549 	 0.005100 	 0.009647
    2 	 0.002909 	 0.005486 	 0.010309
    3 	 0.002913 	 0.005951 	 0.011423
    4 	 0.002725 	 0.006792 	 0.011963
    5 	 0.003870 	 0.007384 	 0.012164
    6 	 0.004415 	 0.008010 	 0.012867
    7 	 0.004922 	 0.008733 	 0.020003
    8 	 0.005338 	 0.009094 	 0.020467
    9 	 0.004870 	 0.010268 	 0.022362
   10 	 0.005060 	 0.011835 	 0.025747
   11 	 0.004862 	 0.011853 	 0.029151
   12 	 0.006044 	 0.012093 	 0.025592
   13 	 0.005287 	 0.012675 	 0.025651
   14 	 0.006277 	 0.013362 	 0.026369
   15 	 0.005524 	 0.014125 	 0.027823
   16 	 0.005559 	 0.014117 	 0.031423
   17 	 0.005891 	 0.014320 	 0.032382
   18 	 0.006765 	 0.013666 	 0.028520
   19 	 0.005599 	 0.014509 	 0.041738
   20 	 0.005367 	 0.015614 	 0.042898
   21 	 0.006445 	 0.017831 	 0.045243
   22 	 0.006429 	 0.018399 	 0.039525
   23 	 0.006649 	 0.019573 	 0.041759
   24 	 0.008033 	 0.018965 	 0.037111
   25 	 0.006250 	 0.018222 	 0.038550
   26 	 0.007534 	 0.019577 	 0.036033
   27 	 0.007792 	 0.019579 	 0.042902
   28 	 0.006717 	 0.018686 	 0.047214
   29 	 0.005094 	 0.019844 	 0.047627
   30 	 0.005116 	 0.022312 	 0.048864
   31 	 0.007243 	 0.024469 	 0.051345
   32 	 0.006595 	 0.024071 	 0.068089
   33 	 0.007307 	 0.024880 	 0.060850
   34 	 0.008090 	 0.027913 	 0.063486
   35 	 0.010103 	 0.032365 	 0.065467
   36 	 0.008289 	 0.032503 	 0.070354
   37 	 0.007895 	 0.035458 	 0.082782
   38 	 0.010501 	 0.036203 	 0.073961
   39 	 0.009183 	 0.036238 	 0.077631
   40 	 0.010939 	 0.036798 	 0.095240
   41 	 0.010907 	 0.039738 	 0.102758
   42 	 0.011086 	 0.039621 	 0.101311
   43 	 0.010118 	 0.035284 	 0.094585
   44 	 0.009719 	 0.041196 	 0.126632
   45 	 0.008647 	 0.042834 	 0.145594
   46 	 0.010207 	 0.046144 	 0.123759
   47 	 0.011269 	 0.051114 	 0.119655
   48 	 0.009213 	 0.046829 	 0.129994
   49 	 0.008401 	 0.047822 	 0.157143
   50 	 0.009581 	 0.047299 	 0.166967
   51 	 0.010458 	 0.051980 	 0.160497
   52 	 0.010797 	 0.058798 	 0.170866
   53 	 0.011695 	 0.052617 	 0.161025
   54 	 0.009571 	 0.056256 	 0.179078
   55 	 0.009710 	 0.065736 	 0.180878
   56 	 0.009985 	 0.078752 	 0.206817
   57 	 0.009394 	 0.081408 	 0.230587
   58 	 0.012919 	 0.084491 	 0.225738
   59 	 0.012796 	 0.083568 	 0.226292
   60 	 0.010999 	 0.092714 	 0.221288
   61 	 0.014201 	 0.106828 	 0.367519
   62 	 0.009023 	 0.099568 	 0.308406
   63 	 0.015436 	 0.098743 	 0.256008
   64 	 0.014705 	 0.098335 	 0.296046
   65 	 0.013579 	 0.099845 	 0.363177
   66 	 0.009579 	 0.091534 	 0.357007
   67 	 0.010587 	 0.087794 	 0.331618
   68 	 0.010638 	 0.092800 	 0.234127
   69 	 0.011773 	 0.100339 	 0.219403
   70 	 0.009975 	 0.095417 	 0.272268
   71 	 0.011861 	 0.105694 	 0.245823
   72 	 0.013897 	 0.091225 	 0.457518
   73 	 0.011497 	 0.092998 	 0.250553
   74 	 0.012857 	 0.080862 	 0.235284
   75 	 0.016044 	 0.115322 	 0.350280
   76 	 0.016246 	 0.111712 	 0.303563
   77 	 0.013708 	 0.126428 	 0.305136
   78 	 0.010644 	 0.104716 	 0.301729
   79 	 0.011414 	 0.090791 	 0.335738
 