   0 	 0.000405 	 0.025708 	 0.429459
    1 	 0.001250 	 0.147597 	 0.580372
    2 	 0.001284 	 0.180027 	 0.580372
    3 	 0.001051 	 0.282031 	 0.580372
    4 	 0.002065 	 0.372124 	 0.580372
    5 	 0.000911 	 0.341820 	 0.580372
    6 	 0.002065 	 0.375922 	 0.580372
    7 	 0.018118 	 0.393644 	 0.580372
    8 	 0.002065 	 0.388164 	 0.580372
    9 	 0.002065 	 0.391348 	 0.429459
   10 	 0.022642 	 0.416417 	 0.429459
   11 	 0.013169 	 0.399839 	 0.429459
   12 	 0.012303 	 0.379926 	 0.429459
   13 	 0.012303 	 0.399026 	 0.429459
   14 	 0.004664 	 0.403446 	 0.429459
   15 	 0.002065 	 0.369059 	 0.429459
   16 	 0.002065 	 0.361825 	 0.429459
   17 	 0.022642 	 0.380491 	 0.429459
   18 	 0.004664 	 0.388162 	 0.429459
   19 	 0.000911 	 0.360946 	 0.429459
   20 	 0.002065 	 0.387718 	 0.429459
   21 	 0.012303 	 0.403305 	 0.429459
   22 	 0.004664 	 0.395804 	 0.429459
   23 	 0.013169 	 0.391368 	 0.429459
   24 	 0.012303 	 0.390574 	 0.429459
   25 	 0.002065 	 0.379928 	 0.429459
   26 	 0.002065 	 0.383652 	 0.429459
   27 	 0.012303 	 0.393502 	 0.429459
   28 	 0.002065 	 0.389967 	 0.429459
   29 	 0.000811 	 0.381866 	 0.429459
   30 	 0.002065 	 0.360981 	 0.429459
   31 	 0.012303 	 0.388962 	 0.429459
   32 	 0.001284 	 0.379937 	 0.429459
   33 	 0.002065 	 0.383733 	 0.429459
   34 	 0.002065 	 0.391243 	 0.429459
   35 	 0.004664 	 0.396125 	 0.429459
   36 	 0.011800 	 0.398526 	 0.429459
   37 	 0.003945 	 0.398745 	 0.429459
   38 	 0.002065 	 0.394285 	 0.429459
   39 	 0.004664 	 0.394567 	 0.429459
   40 	 0.012303 	 0.409567 	 0.429459
   41 	 0.013169 	 0.409403 	 0.429459
   42 	 0.004664 	 0.391498 	 0.429459
   43 	 0.002065 	 0.366222 	 0.429459
   44 	 0.004664 	 0.396831 	 0.429459
   45 	 0.002065 	 0.390771 	 0.429459
   46 	 0.018118 	 0.418040 	 0.429459
   47 	 0.002705 	 0.398409 	 0.429459
   48 	 0.001830 	 0.388774 	 0.429459
   49 	 0.012303 	 0.397211 	 0.429459
   50 	 0.127019 	 0.424418 	 0.429459
   51 	 0.002065 	 0.393333 	 0.429459
   52 	 0.018118 	 0.382392 	 0.429459
   53 	 0.013169 	 0.387978 	 0.429459
   54 	 0.012303 	 0.380284 	 0.429459
   55 	 0.002065 	 0.339973 	 0.429459
   56 	 0.001863 	 0.375759 	 0.429459
   57 	 0.002065 	 0.403049 	 0.429459
   58 	 0.013169 	 0.390891 	 0.429459
   59 	 0.002065 	 0.379990 	 0.429459
   60 	 0.002065 	 0.369038 	 0.429459
   61 	 0.002065 	 0.388850 	 0.429459
   62 	 0.013169 	 0.393472 	 0.429459
   63 	 0.002705 	 0.369495 	 0.429459
   64 	 0.004664 	 0.372554 	 0.429459
   65 	 0.022642 	 0.398907 	 0.429459
   66 	 0.002065 	 0.375258 	 0.429459
   67 	 0.002065 	 0.357641 	 0.429459
   68 	 0.012303 	 0.363664 	 0.429459
   69 	 0.002065 	 0.390190 	 0.429459
   70 	 0.002065 	 0.390824 	 0.429459
   71 	 0.002065 	 0.378199 	 0.429459
   72 	 0.002065 	 0.381146 	 0.429459
   73 	 0.004664 	 0.392897 	 0.429459
   74 	 0.012799 	 0.390267 	 0.429459
   75 	 0.002065 	 0.378064 	 0.429459
   76 	 0.013169 	 0.402111 	 0.429459
   77 	 0.004664 	 0.380380 	 0.429459
   78 	 0.002065 	 0.364604 	 0.429459
   79 	 0.004664 	 0.386621 	 0.429459
 