   0 	 0.000278 	 0.297027 	 16.400538
    1 	 0.001511 	 10.684018 	 16.400538
    2 	 0.005599 	 13.433641 	 16.400538
    3 	 0.005599 	 14.242714 	 16.400538
    4 	 0.005599 	 14.764596 	 16.400538
    5 	 0.009095 	 15.599347 	 16.400538
    6 	 0.002328 	 15.857901 	 16.400538
    7 	 0.002328 	 13.419595 	 16.400538
    8 	 0.186696 	 15.332974 	 16.400538
    9 	 0.009095 	 14.510383 	 16.400538
   10 	 0.005599 	 15.325346 	 16.400538
   11 	 0.008563 	 15.311282 	 16.400538
   12 	 0.005599 	 15.326104 	 16.400538
   13 	 0.005599 	 15.045280 	 16.400538
   14 	 0.002328 	 14.237581 	 16.400538
   15 	 0.002328 	 13.952654 	 16.400538
   16 	 0.005599 	 15.586827 	 16.400538
   17 	 0.009447 	 14.787148 	 16.400538
   18 	 0.009095 	 13.974621 	 16.400538
   19 	 0.005599 	 15.310677 	 16.400538
   20 	 0.002328 	 14.523346 	 16.400538
   21 	 0.002328 	 14.495090 	 16.400538
   22 	 0.002328 	 13.962731 	 16.400538
   23 	 0.026436 	 15.070124 	 16.400538
   24 	 0.005599 	 15.855756 	 16.400538
   25 	 0.005599 	 15.313782 	 16.400538
   26 	 0.002328 	 15.045261 	 16.400538
   27 	 0.002645 	 15.041592 	 16.400538
   28 	 0.009095 	 15.043470 	 16.400538
   29 	 0.002328 	 15.049840 	 16.400538
   30 	 0.005599 	 14.503988 	 16.400538
   31 	 0.002328 	 13.969194 	 16.400538
   32 	 0.002328 	 14.219319 	 16.400538
   33 	 0.008563 	 15.583923 	 16.400538
   34 	 0.001796 	 14.493930 	 16.400538
   35 	 0.002328 	 15.581692 	 16.400538
   36 	 0.002328 	 13.965088 	 16.400538
   37 	 0.002328 	 15.585424 	 16.400538
   38 	 0.009447 	 15.314057 	 16.400538
   39 	 16.400538 	 16.400538 	 16.400538
   40 	 0.009095 	 15.040510 	 16.400538
   41 	 0.002328 	 15.035455 	 16.400538
   42 	 0.005599 	 15.310624 	 16.400538
   43 	 0.005599 	 14.496907 	 16.400538
   44 	 0.002328 	 15.310515 	 16.400538
   45 	 0.002328 	 14.783815 	 16.400538
   46 	 0.002328 	 14.228282 	 16.400538
   47 	 0.005599 	 14.510586 	 16.400538
   48 	 0.009447 	 15.309994 	 16.400538
   49 	 0.002328 	 14.258480 	 16.400538
   50 	 0.002328 	 14.505548 	 16.400538
   51 	 0.002328 	 14.764963 	 16.400538
   52 	 0.009447 	 15.045815 	 16.400538
   53 	 0.002328 	 14.506335 	 16.400538
   54 	 0.002328 	 14.766738 	 16.400538
   55 	 0.005599 	 14.488642 	 16.400538
   56 	 0.005599 	 14.521773 	 16.400538
   57 	 0.002328 	 15.311178 	 16.400538
   58 	 0.002328 	 13.146941 	 16.400538
   59 	 0.002328 	 14.506014 	 16.400538
   60 	 0.009095 	 15.053255 	 16.400538
   61 	 0.002645 	 15.323580 	 16.400538
   62 	 0.005599 	 14.510939 	 16.400538
   63 	 0.002328 	 15.050998 	 16.400538
   64 	 0.002328 	 14.765758 	 16.400538
   65 	 0.005599 	 15.050178 	 16.400538
   66 	 0.009095 	 14.780426 	 16.400538
   67 	 0.002328 	 15.326828 	 16.400538
   68 	 0.002328 	 15.854593 	 16.400538
   69 	 0.005599 	 14.528304 	 16.400538
   70 	 0.009095 	 14.237591 	 16.400538
   71 	 0.002328 	 14.769644 	 16.400538
   72 	 0.002328 	 14.782105 	 16.400538
   73 	 0.002328 	 14.795981 	 16.400538
   74 	 0.005599 	 14.766190 	 16.400538
   75 	 0.009095 	 14.782886 	 16.400538
   76 	 0.009447 	 15.317558 	 16.400538
   77 	 0.009095 	 14.230107 	 16.400538
   78 	 0.002328 	 14.538153 	 16.400538
   79 	 0.009095 	 15.324296 	 16.400538
 