   0 	 0.000304 	 0.036885 	 0.498248
    1 	 0.000702 	 0.135618 	 0.498248
    2 	 0.000643 	 0.272106 	 4.133618
    3 	 0.000613 	 0.870490 	 4.133618
    4 	 0.002259 	 2.946342 	 4.133618
    5 	 0.000580 	 3.352112 	 4.133618
    6 	 0.002259 	 3.615481 	 4.133618
    7 	 0.002369 	 3.810109 	 4.133618
    8 	 0.002369 	 3.724117 	 4.133618
    9 	 0.002259 	 3.605686 	 4.133618
   10 	 0.038719 	 3.877264 	 4.133618
   11 	 0.002259 	 3.609234 	 4.133618
   12 	 0.002228 	 4.002564 	 4.133618
   13 	 0.089304 	 3.932258 	 4.133618
   14 	 0.002228 	 3.859767 	 4.133618
   15 	 0.002228 	 3.732956 	 4.133618
   16 	 0.132387 	 4.000243 	 4.133618
   17 	 0.002228 	 3.943343 	 4.133618
   18 	 0.002228 	 3.824902 	 4.133618
   19 	 0.009630 	 3.540605 	 4.133618
   20 	 0.009630 	 3.733797 	 4.133618
   21 	 0.002228 	 3.862791 	 4.133618
   22 	 0.002369 	 3.669295 	 4.133618
   23 	 0.002228 	 3.732895 	 4.133618
   24 	 0.002369 	 3.808535 	 4.133618
   25 	 0.002228 	 3.807937 	 4.133618
   26 	 0.002228 	 3.741858 	 4.133618
   27 	 0.002228 	 3.591842 	 4.133618
   28 	 0.002259 	 3.334625 	 4.133618
   29 	 0.002228 	 3.608759 	 4.133618
   30 	 0.002228 	 3.654527 	 4.133618
   31 	 0.002228 	 3.798425 	 4.133618
   32 	 0.002063 	 3.670347 	 4.133618
   33 	 0.002259 	 3.803709 	 4.133618
   34 	 0.002369 	 3.748704 	 4.133618
   35 	 0.002228 	 3.468132 	 4.133618
   36 	 0.002228 	 3.594578 	 4.133618
   37 	 0.002228 	 3.682032 	 4.133618
   38 	 0.038719 	 3.939461 	 4.133618
   39 	 0.002259 	 3.740395 	 4.133618
   40 	 0.009630 	 3.876779 	 4.133618
   41 	 0.002369 	 3.746398 	 4.133618
   42 	 0.009630 	 3.938977 	 4.133618
   43 	 0.002369 	 3.862560 	 4.133618
   44 	 0.002228 	 3.459913 	 4.133618
   45 	 0.002228 	 3.619052 	 4.133618
   46 	 0.002228 	 4.005540 	 4.133618
   47 	 0.002369 	 3.744167 	 4.133618
   48 	 0.002259 	 3.604716 	 4.133618
   49 	 0.002369 	 3.726159 	 4.133618
   50 	 0.002369 	 3.737865 	 4.133618
   51 	 0.009630 	 3.808531 	 4.133618
   52 	 0.002228 	 3.796589 	 4.133618
   53 	 0.002259 	 3.930807 	 4.133618
   54 	 0.002259 	 3.749512 	 4.133618
   55 	 0.002228 	 3.539765 	 4.133618
   56 	 0.002369 	 3.668568 	 4.133618
   57 	 0.002228 	 3.664195 	 4.133618
   58 	 0.002228 	 3.666233 	 4.133618
   59 	 0.002228 	 3.863263 	 4.133618
   60 	 0.002259 	 3.664166 	 4.133618
   61 	 0.002259 	 3.861231 	 4.133618
   62 	 0.002259 	 3.798178 	 4.133618
   63 	 0.002228 	 3.595428 	 4.133618
   64 	 0.002369 	 3.928625 	 4.133618
   65 	 0.002228 	 3.862073 	 4.133618
   66 	 0.002228 	 3.450376 	 4.133618
   67 	 0.002259 	 3.928502 	 4.133618
   68 	 0.002228 	 3.860361 	 4.133618
   69 	 0.002228 	 3.665733 	 4.133618
   70 	 0.002259 	 3.794406 	 4.133618
   71 	 0.002259 	 3.927174 	 4.133618
   72 	 0.002259 	 3.806344 	 4.133618
   73 	 0.002228 	 3.600643 	 4.133618
   74 	 0.002259 	 3.870605 	 4.133618
   75 	 0.002228 	 3.585901 	 4.133618
   76 	 0.009630 	 3.671687 	 4.133618
   77 	 0.089304 	 3.932838 	 4.133618
   78 	 0.002228 	 3.466734 	 4.133618
   79 	 0.002259 	 3.664176 	 4.133618
 