   0 	 0.000304 	 0.108751 	 4.081935
    1 	 0.002172 	 1.908280 	 4.081935
    2 	 0.002278 	 3.456926 	 4.081935
    3 	 0.002278 	 3.568117 	 4.081935
    4 	 0.006233 	 3.745808 	 4.081935
    5 	 0.020197 	 3.946544 	 4.081935
    6 	 0.006233 	 3.633562 	 4.081935
    7 	 0.004502 	 3.682765 	 4.081935
    8 	 0.002278 	 3.767558 	 4.081935
    9 	 0.004502 	 3.767528 	 4.081935
   10 	 0.020197 	 4.084887 	 16.400538
   11 	 0.002278 	 3.482762 	 16.400538
   12 	 0.003280 	 3.968916 	 16.400538
   13 	 0.002278 	 3.573204 	 16.400538
   14 	 0.020197 	 3.787635 	 16.400538
   15 	 0.006233 	 5.973602 	 16.400538
   16 	 0.003030 	 8.507796 	 16.400538
   17 	 0.002278 	 13.816283 	 16.400538
   18 	 0.005599 	 14.764415 	 16.400538
   19 	 0.005599 	 14.225079 	 16.400538
   20 	 0.009447 	 15.039786 	 16.400538
   21 	 0.009095 	 15.580966 	 16.400538
   22 	 0.005599 	 14.519294 	 16.400538
   23 	 0.002328 	 14.235928 	 16.400538
   24 	 0.002328 	 15.058773 	 16.400538
   25 	 0.002328 	 13.965979 	 16.400538
   26 	 0.009447 	 14.498971 	 16.400538
   27 	 0.009447 	 16.127353 	 16.400538
   28 	 0.002328 	 14.496796 	 16.400538
   29 	 0.009447 	 15.042314 	 16.400538
   30 	 0.005599 	 14.784124 	 16.400538
   31 	 0.005599 	 14.495546 	 16.400538
   32 	 0.009095 	 15.310747 	 16.400538
   33 	 0.002328 	 15.308443 	 16.400538
   34 	 0.009447 	 14.770431 	 16.400538
   35 	 0.005599 	 14.763485 	 16.400538
   36 	 0.009447 	 15.316256 	 16.400538
   37 	 0.026436 	 15.310561 	 16.400538
   38 	 0.002328 	 14.226831 	 16.400538
   39 	 0.002328 	 15.581029 	 16.400538
   40 	 0.002328 	 15.308212 	 16.400538
   41 	 0.002328 	 14.768746 	 16.400538
   42 	 0.005599 	 15.326454 	 16.400538
   43 	 0.002328 	 14.231022 	 16.400538
   44 	 0.009095 	 14.496740 	 16.400538
   45 	 0.002328 	 15.038523 	 16.400538
   46 	 0.026436 	 15.340565 	 16.400538
   47 	 0.002328 	 14.766063 	 16.400538
   48 	 0.002328 	 13.456327 	 16.400538
   49 	 0.002328 	 14.225041 	 16.400538
   50 	 0.002328 	 14.510447 	 16.400538
   51 	 0.006066 	 13.157327 	 16.400538
   52 	 0.002007 	 13.950202 	 16.400538
   53 	 0.005599 	 13.673947 	 16.400538
   54 	 0.002328 	 14.242946 	 16.400538
   55 	 0.002328 	 15.041845 	 16.400538
   56 	 0.009095 	 15.323202 	 16.400538
   57 	 0.005599 	 15.040452 	 16.400538
   58 	 0.026436 	 14.799632 	 16.400538
   59 	 0.005599 	 15.066208 	 16.400538
   60 	 0.002328 	 15.051282 	 16.400538
   61 	 0.009095 	 14.512389 	 16.400538
   62 	 0.003724 	 15.311007 	 16.400538
   63 	 0.009095 	 14.514594 	 16.400538
   64 	 0.002328 	 14.767347 	 16.400538
   65 	 16.400538 	 16.400538 	 16.400538
   66 	 0.005599 	 15.038354 	 16.400538
   67 	 0.009095 	 15.038456 	 16.400538
   68 	 0.002328 	 15.580840 	 16.400538
   69 	 0.002328 	 14.504815 	 16.400538
   70 	 0.026436 	 15.046713 	 16.400538
   71 	 0.002328 	 14.240402 	 16.400538
   72 	 0.005599 	 14.240307 	 16.400538
   73 	 0.005599 	 15.583867 	 16.400538
   74 	 0.009095 	 15.051675 	 16.400538
   75 	 0.002328 	 15.326947 	 16.400538
   76 	 0.005599 	 15.312152 	 16.400538
   77 	 0.009447 	 15.318456 	 16.400538
   78 	 0.005599 	 14.783322 	 16.400538
   79 	 0.002328 	 13.951141 	 16.400538
 