   0 	 0.000267 	 0.022148 	 0.240560
    1 	 0.000565 	 0.358748 	 16.400538
    2 	 0.001239 	 9.880884 	 16.400538
    3 	 0.005599 	 14.761867 	 16.400538
    4 	 0.002328 	 15.053029 	 16.400538
    5 	 0.002328 	 15.047209 	 16.400538
    6 	 0.002328 	 14.221832 	 16.400538
    7 	 0.009095 	 15.309722 	 16.400538
    8 	 0.002328 	 14.493631 	 16.400538
    9 	 0.005599 	 13.971057 	 16.400538
   10 	 0.002328 	 15.311751 	 16.400538
   11 	 0.000873 	 13.945373 	 16.400538
   12 	 0.005599 	 13.957974 	 16.400538
   13 	 0.009447 	 14.508077 	 16.400538
   14 	 0.005599 	 14.772856 	 16.400538
   15 	 0.026436 	 15.316329 	 16.400538
   16 	 0.001043 	 15.034224 	 16.400538
   17 	 0.005599 	 14.219128 	 16.400538
   18 	 0.002328 	 14.763233 	 16.400538
   19 	 0.009095 	 15.338907 	 16.400538
   20 	 0.009447 	 15.047821 	 16.400538
   21 	 0.002328 	 15.329901 	 16.400538
   22 	 0.002328 	 15.580740 	 16.400538
   23 	 0.005599 	 14.798501 	 16.400538
   24 	 0.009095 	 15.580994 	 16.400538
   25 	 0.002328 	 15.052101 	 16.400538
   26 	 0.002328 	 14.792850 	 16.400538
   27 	 0.005599 	 15.582565 	 16.400538
   28 	 0.002328 	 14.229243 	 16.400538
   29 	 0.009095 	 15.585373 	 16.400538
   30 	 0.002328 	 14.224766 	 16.400538
   31 	 0.009095 	 15.040112 	 16.400538
   32 	 0.002328 	 13.693839 	 16.400538
   33 	 0.009095 	 15.040395 	 16.400538
   34 	 0.005599 	 15.312124 	 16.400538
   35 	 0.002306 	 14.254573 	 16.400538
   36 	 0.026436 	 15.326801 	 16.400538
   37 	 0.002328 	 13.407342 	 16.400538
   38 	 0.001043 	 15.034732 	 16.400538
   39 	 0.005599 	 14.513495 	 16.400538
   40 	 0.002328 	 15.341465 	 16.400538
   41 	 0.009447 	 14.784738 	 16.400538
   42 	 0.005599 	 15.308566 	 16.400538
   43 	 0.005599 	 15.854040 	 16.400538
   44 	 0.001411 	 13.941762 	 16.400538
   45 	 0.002328 	 13.947207 	 16.400538
   46 	 0.009095 	 15.580977 	 16.400538
   47 	 0.002328 	 14.249006 	 16.400538
   48 	 0.002328 	 14.226738 	 16.400538
   49 	 0.026436 	 14.778278 	 16.400538
   50 	 0.002328 	 14.514199 	 16.400538
   51 	 0.002328 	 14.227666 	 16.400538
   52 	 0.002328 	 13.693115 	 16.400538
   53 	 0.009095 	 15.596676 	 16.400538
   54 	 0.002328 	 14.253332 	 16.400538
   55 	 0.005599 	 14.768509 	 16.400538
   56 	 0.009095 	 15.035579 	 16.400538
   57 	 0.002328 	 14.504413 	 16.400538
   58 	 0.002328 	 15.310938 	 16.400538
   59 	 0.002328 	 14.506823 	 16.400538
   60 	 0.002328 	 14.219000 	 16.400538
   61 	 0.002328 	 14.795639 	 16.400538
   62 	 0.001411 	 14.761601 	 16.400538
   63 	 0.026436 	 14.529468 	 16.400538
   64 	 0.001411 	 14.505157 	 16.400538
   65 	 0.009447 	 15.311933 	 16.400538
   66 	 0.002328 	 14.521846 	 16.400538
   67 	 0.026436 	 15.328103 	 16.400538
   68 	 0.009095 	 15.059379 	 16.400538
   69 	 0.002328 	 15.307610 	 16.400538
   70 	 0.002328 	 15.316138 	 16.400538
   71 	 0.007479 	 14.769921 	 16.400538
   72 	 0.026436 	 14.812354 	 16.400538
   73 	 0.001809 	 14.508087 	 16.400538
   74 	 0.005599 	 14.776629 	 16.400538
   75 	 0.002328 	 15.581142 	 16.400538
   76 	 0.002328 	 15.055350 	 16.400538
   77 	 0.005599 	 15.583115 	 16.400538
   78 	 0.002328 	 14.495122 	 16.400538
   79 	 0.010820 	 15.037138 	 16.400538
 