   0 	 0.000317 	 0.045194 	 0.934378
    1 	 0.000869 	 0.611318 	 16.400538
    2 	 0.000789 	 7.891703 	 16.400538
    3 	 0.000873 	 16.127210 	 16.400538
    4 	 0.002328 	 14.494997 	 16.400538
    5 	 0.009095 	 15.052750 	 16.400538
    6 	 0.009095 	 15.328698 	 16.400538
    7 	 0.026436 	 15.316944 	 16.400538
    8 	 0.002328 	 14.504207 	 16.400538
    9 	 0.002328 	 15.588568 	 16.400538
   10 	 0.026436 	 14.511665 	 16.400538
   11 	 0.009095 	 13.967388 	 16.400538
   12 	 0.002328 	 13.704723 	 16.400538
   13 	 0.005599 	 15.042183 	 16.400538
   14 	 0.002328 	 14.781340 	 16.400538
   15 	 0.009095 	 15.311313 	 16.400538
   16 	 0.009447 	 15.312755 	 16.400538
   17 	 0.002328 	 15.311532 	 16.400538
   18 	 0.009095 	 15.583931 	 16.400538
   19 	 0.009095 	 14.223578 	 16.400538
   20 	 0.002328 	 14.779957 	 16.400538
   21 	 0.002328 	 14.494653 	 16.400538
   22 	 0.002328 	 15.582452 	 16.400538
   23 	 0.009447 	 14.769062 	 16.400538
   24 	 0.002328 	 14.770429 	 16.400538
   25 	 0.002088 	 14.799841 	 16.400538
   26 	 0.005599 	 14.776734 	 16.400538
   27 	 0.026436 	 15.857405 	 16.400538
   28 	 0.002328 	 15.307726 	 16.400538
   29 	 0.005599 	 14.264343 	 16.400538
   30 	 0.001043 	 15.036658 	 16.400538
   31 	 0.002328 	 14.765919 	 16.400538
   32 	 0.001043 	 15.308138 	 16.400538
   33 	 0.009447 	 15.584220 	 16.400538
   34 	 0.005599 	 15.855756 	 16.400538
   35 	 0.005599 	 13.985700 	 16.400538
   36 	 0.005599 	 14.523900 	 16.400538
   37 	 0.009447 	 15.854168 	 16.400538
   38 	 0.002328 	 13.693756 	 16.400538
   39 	 0.009447 	 15.586487 	 16.400538
   40 	 0.002328 	 15.324683 	 16.400538
   41 	 0.005599 	 15.037781 	 16.400538
   42 	 0.042090 	 15.330564 	 16.400538
   43 	 0.000986 	 14.782745 	 16.400538
   44 	 0.002328 	 13.413410 	 16.400538
   45 	 0.002328 	 14.778655 	 16.400538
   46 	 0.009095 	 15.581389 	 16.400538
   47 	 0.009447 	 14.513419 	 16.400538
   48 	 0.001411 	 13.677506 	 16.400538
   49 	 0.002328 	 15.580795 	 16.400538
   50 	 0.002328 	 15.040397 	 16.400538
   51 	 0.009095 	 15.311922 	 16.400538
   52 	 0.002328 	 14.767004 	 16.400538
   53 	 0.002328 	 13.683904 	 16.400538
   54 	 0.002328 	 14.492534 	 16.400538
   55 	 0.005599 	 15.308295 	 16.400538
   56 	 0.003724 	 14.492272 	 16.400538
   57 	 0.002328 	 15.038762 	 16.400538
   58 	 0.108574 	 15.859672 	 16.400538
   59 	 0.002328 	 14.782507 	 16.400538
   60 	 0.005599 	 15.037983 	 16.400538
   61 	 0.002328 	 14.508627 	 16.400538
   62 	 0.005599 	 15.051611 	 16.400538
   63 	 0.001411 	 14.215616 	 16.400538
   64 	 0.005599 	 14.785022 	 16.400538
   65 	 0.008563 	 15.037547 	 16.400538
   66 	 0.002328 	 15.313871 	 16.400538
   67 	 0.005599 	 13.689368 	 16.400538
   68 	 0.002306 	 14.509725 	 16.400538
   69 	 0.002328 	 14.237208 	 16.400538
   70 	 0.002328 	 14.542359 	 16.400538
   71 	 0.009095 	 15.325143 	 16.400538
   72 	 0.005599 	 14.770771 	 16.400538
   73 	 0.005599 	 13.994247 	 16.400538
   74 	 0.005599 	 15.310722 	 16.400538
   75 	 0.002328 	 15.312076 	 16.400538
   76 	 0.002328 	 15.038224 	 16.400538
   77 	 0.001809 	 14.503831 	 16.400538
   78 	 0.005599 	 16.127289 	 16.400538
   79 	 0.026436 	 15.055129 	 16.400538
 