   0 	 0.000267 	 0.362052 	 16.400538
    1 	 0.009095 	 12.851950 	 16.400538
    2 	 0.005599 	 13.540230 	 16.400538
    3 	 0.006847 	 14.777364 	 16.400538
    4 	 0.002328 	 14.509171 	 16.400538
    5 	 0.002328 	 14.508360 	 16.400538
    6 	 0.009776 	 15.312744 	 16.400538
    7 	 0.002328 	 15.039929 	 16.400538
    8 	 0.002328 	 14.222237 	 16.400538
    9 	 0.009095 	 15.056475 	 16.400538
   10 	 0.005599 	 15.854387 	 16.400538
   11 	 0.009447 	 13.968631 	 16.400538
   12 	 0.002328 	 14.217220 	 16.400538
   13 	 0.002328 	 15.582511 	 16.400538
   14 	 0.005599 	 13.955365 	 16.400538
   15 	 0.002328 	 15.584652 	 16.400538
   16 	 0.009095 	 14.783994 	 16.400538
   17 	 0.008563 	 16.127338 	 16.400538
   18 	 0.002328 	 15.309355 	 16.400538
   19 	 0.005599 	 14.780214 	 16.400538
   20 	 0.026436 	 15.584765 	 16.400538
   21 	 0.002328 	 13.945951 	 16.400538
   22 	 0.026436 	 14.797222 	 16.400538
   23 	 0.005599 	 14.235908 	 16.400538
   24 	 0.005599 	 15.584417 	 16.400538
   25 	 0.005599 	 14.780300 	 16.400538
   26 	 0.000986 	 15.325963 	 16.400538
   27 	 0.003724 	 13.145616 	 16.400538
   28 	 0.002306 	 14.232993 	 16.400538
   29 	 0.005599 	 14.233903 	 16.400538
   30 	 0.002328 	 14.231038 	 16.400538
   31 	 0.002328 	 15.034813 	 16.400538
   32 	 0.009095 	 13.691989 	 16.400538
   33 	 0.009095 	 14.764440 	 16.400538
   34 	 0.005599 	 15.035076 	 16.400538
   35 	 0.005599 	 15.308556 	 16.400538
   36 	 0.042090 	 15.597487 	 16.400538
   37 	 0.005599 	 15.053753 	 16.400538
   38 	 0.009095 	 14.803809 	 16.400538
   39 	 0.005599 	 15.869519 	 16.400538
   40 	 0.005599 	 14.765696 	 16.400538
   41 	 0.002328 	 15.313582 	 16.400538
   42 	 0.002328 	 14.218885 	 16.400538
   43 	 0.009095 	 15.310741 	 16.400538
   44 	 0.002328 	 15.314367 	 16.400538
   45 	 0.005599 	 14.227517 	 16.400538
   46 	 0.002328 	 14.764017 	 16.400538
   47 	 0.009447 	 15.325149 	 16.400538
   48 	 0.026436 	 15.342764 	 16.400538
   49 	 0.005599 	 15.043842 	 16.400538
   50 	 0.002328 	 14.771064 	 16.400538
   51 	 0.002328 	 14.795987 	 16.400538
   52 	 0.005599 	 15.042434 	 16.400538
   53 	 0.009095 	 15.585112 	 16.400538
   54 	 0.005599 	 14.776704 	 16.400538
   55 	 0.002328 	 15.581084 	 16.400538
   56 	 0.005599 	 14.765343 	 16.400538
   57 	 0.009447 	 14.236191 	 16.400538
   58 	 0.009095 	 15.053863 	 16.400538
   59 	 0.002328 	 14.238914 	 16.400538
   60 	 0.005599 	 15.040047 	 16.400538
   61 	 0.108574 	 15.320108 	 16.400538
   62 	 0.009447 	 13.981093 	 16.400538
   63 	 0.009447 	 14.501996 	 16.400538
   64 	 0.009095 	 15.585373 	 16.400538
   65 	 0.002328 	 15.337662 	 16.400538
   66 	 0.002328 	 15.581692 	 16.400538
   67 	 0.002328 	 15.585471 	 16.400538
   68 	 0.009095 	 15.596387 	 16.400538
   69 	 0.009095 	 15.323336 	 16.400538
   70 	 0.005599 	 15.056707 	 16.400538
   71 	 0.009095 	 14.489892 	 16.400538
   72 	 0.002328 	 15.057614 	 16.400538
   73 	 0.042090 	 15.855256 	 16.400538
   74 	 0.009095 	 15.311291 	 16.400538
   75 	 0.026436 	 14.254156 	 16.400538
   76 	 0.000873 	 15.053378 	 16.400538
   77 	 0.042090 	 15.857666 	 16.400538
   78 	 0.002328 	 14.489230 	 16.400538
   79 	 0.005599 	 14.498627 	 16.400538
 