   0 	 0.000426 	 0.058876 	 0.934378
    1 	 0.000476 	 0.786926 	 16.400538
    2 	 0.001555 	 9.143565 	 16.400538
    3 	 0.002328 	 14.783444 	 16.400538
    4 	 0.002328 	 14.508862 	 16.400538
    5 	 0.009447 	 15.316256 	 16.400538
    6 	 0.042090 	 15.072795 	 16.400538
    7 	 0.005599 	 15.310907 	 16.400538
    8 	 0.005599 	 15.324796 	 16.400538
    9 	 0.002328 	 14.501622 	 16.400538
   10 	 0.005599 	 15.854040 	 16.400538
   11 	 0.009447 	 14.227935 	 16.400538
   12 	 0.002328 	 13.723620 	 16.400538
   13 	 0.009095 	 15.585112 	 16.400538
   14 	 0.009095 	 14.826937 	 16.400538
   15 	 0.005599 	 13.432774 	 16.400538
   16 	 0.003030 	 15.312298 	 16.400538
   17 	 0.009447 	 15.324041 	 16.400538
   18 	 0.009095 	 13.694992 	 16.400538
   19 	 0.002328 	 15.854043 	 16.400538
   20 	 0.002328 	 13.416504 	 16.400538
   21 	 0.005599 	 15.584771 	 16.400538
   22 	 0.009095 	 15.054413 	 16.400538
   23 	 0.002328 	 14.762768 	 16.400538
   24 	 0.005599 	 15.854648 	 16.400538
   25 	 0.003030 	 15.034720 	 16.400538
   26 	 0.002328 	 14.236067 	 16.400538
   27 	 0.002328 	 14.781609 	 16.400538
   28 	 0.108574 	 15.859672 	 16.400538
   29 	 0.009095 	 15.038672 	 16.400538
   30 	 0.002328 	 14.781326 	 16.400538
   31 	 0.009447 	 15.583179 	 16.400538
   32 	 0.005599 	 14.224006 	 16.400538
   33 	 0.005599 	 15.854104 	 16.400538
   34 	 0.009095 	 15.327343 	 16.400538
   35 	 0.002328 	 13.703155 	 16.400538
   36 	 0.026436 	 15.327893 	 16.400538
   37 	 0.002328 	 13.949203 	 16.400538
   38 	 0.005599 	 15.308845 	 16.400538
   39 	 0.002328 	 14.770045 	 16.400538
   40 	 0.005599 	 15.035248 	 16.400538
   41 	 0.001809 	 15.036184 	 16.400538
   42 	 0.009095 	 14.490711 	 16.400538
   43 	 0.005599 	 14.514791 	 16.400538
   44 	 0.005599 	 15.581399 	 16.400538
   45 	 0.002328 	 15.038766 	 16.400538
   46 	 0.009095 	 15.036254 	 16.400538
   47 	 0.009447 	 15.854451 	 16.400538
   48 	 0.009095 	 14.256432 	 16.400538
   49 	 0.042090 	 14.801262 	 16.400538
   50 	 0.002328 	 14.505661 	 16.400538
   51 	 0.009447 	 14.526447 	 16.400538
   52 	 0.005599 	 14.553079 	 16.400538
   53 	 0.009095 	 14.224128 	 16.400538
   54 	 0.002328 	 14.761170 	 16.400538
   55 	 0.002328 	 14.496760 	 16.400538
   56 	 0.005599 	 14.523684 	 16.400538
   57 	 0.002328 	 15.040403 	 16.400538
   58 	 0.009095 	 14.770775 	 16.400538
   59 	 0.002328 	 15.054911 	 16.400538
   60 	 0.002328 	 15.049663 	 16.400538
   61 	 0.000873 	 14.250075 	 16.400538
   62 	 0.002328 	 15.853985 	 16.400538
   63 	 0.005599 	 14.799285 	 16.400538
   64 	 0.009447 	 15.858020 	 16.400538
   65 	 0.009095 	 15.327814 	 16.400538
   66 	 0.002328 	 13.679148 	 16.400538
   67 	 0.002328 	 15.037379 	 16.400538
   68 	 0.002328 	 15.037229 	 16.400538
   69 	 0.002328 	 14.223379 	 16.400538
   70 	 0.002328 	 14.239576 	 16.400538
   71 	 0.002328 	 15.036360 	 16.400538
   72 	 0.002328 	 14.250366 	 16.400538
   73 	 0.005599 	 14.765076 	 16.400538
   74 	 0.009095 	 14.511348 	 16.400538
   75 	 0.026436 	 15.043899 	 16.400538
   76 	 0.009447 	 15.855820 	 16.400538
   77 	 0.005599 	 15.580855 	 16.400538
   78 	 0.005599 	 15.035654 	 16.400538
   79 	 0.009095 	 15.311291 	 16.400538
 