   0 	 0.000333 	 0.025493 	 0.641999
    1 	 0.000701 	 0.232470 	 5.124623
    2 	 0.000687 	 1.403065 	 5.124623
    3 	 0.001757 	 3.435602 	 5.124623
    4 	 0.001757 	 4.227503 	 5.124623
    5 	 0.002325 	 4.464777 	 5.124623
    6 	 0.001757 	 4.473365 	 5.124623
    7 	 0.001757 	 4.790696 	 5.124623
    8 	 0.010019 	 5.039380 	 5.124623
    9 	 0.010019 	 4.879182 	 5.124623
   10 	 0.010019 	 4.715976 	 5.124623
   11 	 0.001643 	 4.784429 	 5.124623
   12 	 0.001757 	 4.551778 	 5.124623
   13 	 0.001757 	 4.615468 	 5.124623
   14 	 0.003827 	 4.634403 	 5.124623
   15 	 0.002325 	 4.492979 	 5.124623
   16 	 0.002325 	 4.716997 	 5.124623
   17 	 0.001757 	 4.532352 	 5.124623
   18 	 0.001757 	 4.541724 	 5.124623
   19 	 0.003827 	 4.795054 	 5.124623
   20 	 0.002325 	 4.717215 	 5.124623
   21 	 0.002325 	 4.791849 	 5.124623
   22 	 0.003827 	 4.540208 	 5.124623
   23 	 0.004099 	 4.623278 	 5.124623
   24 	 0.001583 	 4.953868 	 5.124623
   25 	 0.001757 	 4.631616 	 5.124623
   26 	 0.001757 	 4.454582 	 5.124623
   27 	 0.001757 	 4.622338 	 5.124623
   28 	 0.001757 	 4.791358 	 5.124623
   29 	 0.000916 	 4.455293 	 5.124623
   30 	 0.010019 	 4.546521 	 5.124623
   31 	 0.001757 	 4.548474 	 5.124623
   32 	 0.003827 	 4.887802 	 5.124623
   33 	 0.002694 	 4.706508 	 5.124623
   34 	 0.001757 	 4.533942 	 5.124623
   35 	 0.002325 	 4.625848 	 5.124623
   36 	 0.001757 	 4.374752 	 5.124623
   37 	 0.010019 	 4.795590 	 5.124623
   38 	 0.042038 	 4.624444 	 5.124623
   39 	 0.002325 	 4.960538 	 5.124623
   40 	 0.001757 	 4.620186 	 5.124623
   41 	 0.003827 	 4.622270 	 5.124623
   42 	 0.003827 	 4.791077 	 5.124623
   43 	 0.056975 	 4.486818 	 5.124623
   44 	 0.002325 	 4.623323 	 5.124623
   45 	 0.001757 	 4.870072 	 5.124623
   46 	 0.001757 	 4.626205 	 5.124623
   47 	 0.001757 	 4.707396 	 5.124623
   48 	 0.001757 	 4.620427 	 5.124623
   49 	 0.124078 	 5.041281 	 5.124623
   50 	 0.003827 	 4.640135 	 5.124623
   51 	 0.002325 	 4.630853 	 5.124623
   52 	 0.001757 	 4.451516 	 5.124623
   53 	 0.002325 	 4.634481 	 5.124623
   54 	 0.001757 	 4.457708 	 5.124623
   55 	 0.001757 	 4.287232 	 5.124623
   56 	 0.001757 	 4.627985 	 5.124623
   57 	 0.001757 	 4.622225 	 5.124623
   58 	 0.002325 	 4.785371 	 5.124623
   59 	 0.001757 	 4.784443 	 5.124623
   60 	 0.042038 	 4.964176 	 5.124623
   61 	 0.001757 	 4.360291 	 5.124623
   62 	 0.001757 	 4.626215 	 5.124623
   63 	 0.056975 	 5.040163 	 5.124623
   64 	 0.001757 	 4.706213 	 5.124623
   65 	 0.001757 	 4.701170 	 5.124623
   66 	 0.000749 	 4.619917 	 5.124623
   67 	 0.042038 	 4.786967 	 5.124623
   68 	 0.001757 	 4.040926 	 5.124623
   69 	 0.001757 	 4.467555 	 5.124623
   70 	 0.001757 	 4.455187 	 5.124623
   71 	 0.001757 	 4.453293 	 5.124623
   72 	 0.000910 	 4.205970 	 5.124623
   73 	 0.042038 	 4.885462 	 5.124623
   74 	 0.001757 	 4.621249 	 5.124623
   75 	 0.002325 	 4.632536 	 5.124623
   76 	 0.003827 	 4.720868 	 5.124623
   77 	 0.001757 	 4.562588 	 5.124623
   78 	 0.003827 	 4.285956 	 5.124623
   79 	 0.003827 	 4.467170 	 5.124623
 