   0 	 -1.000000 	 8.294173 	 100.000000
    1 	 -1.000000 	 30.000000 	 100.000000
    2 	 -1.000000 	 36.685952 	 100.000000
    3 	 -1.000000 	 49.990575 	 100.000000
    4 	 -1.000000 	 50.029722 	 100.000000
    5 	 -1.000000 	 73.321230 	 100.000000
    6 	 -1.000000 	 58.322222 	 100.000000
    7 	 -1.000000 	 71.651786 	 100.000000
    8 	 -1.000000 	 84.995833 	 100.000000
    9 	 -1.000000 	 91.650000 	 100.000000
   10 	 -0.500000 	 98.325000 	 100.000000
   11 	 100.000000 	 100.000000 	 100.000000
   12 	 -0.333333 	 98.327778 	 100.000000
   13 	 -0.250000 	 98.329167 	 100.000000
   14 	 -0.500000 	 98.325000 	 100.000000
   15 	 100.000000 	 100.000000 	 100.000000
   16 	 -0.500000 	 96.650000 	 100.000000
   17 	 -1.000000 	 98.316667 	 100.000000
   18 	 100.000000 	 100.000000 	 100.000000
   19 	 0.333333 	 98.338889 	 100.000000
   20 	 -1.000000 	 91.605556 	 100.000000
   21 	 -1.000000 	 96.644444 	 100.000000
   22 	 -1.000000 	 96.644444 	 100.000000
   23 	 -0.500000 	 98.325000 	 100.000000
   24 	 0.250000 	 98.337500 	 100.000000
   25 	 1.000000 	 98.350000 	 100.000000
   26 	 -0.333333 	 98.327778 	 100.000000
   27 	 -1.000000 	 96.645833 	 100.000000
   28 	 -0.500000 	 95.016667 	 100.000000
   29 	 -0.250000 	 95.029167 	 100.000000
   30 	 -0.250000 	 98.329167 	 100.000000
   31 	 -1.000000 	 96.645833 	 100.000000
   32 	 100.000000 	 100.000000 	 100.000000
   33 	 -1.000000 	 98.316667 	 100.000000
   34 	 -1.000000 	 98.316667 	 100.000000
   35 	 100.000000 	 100.000000 	 100.000000
   36 	 100.000000 	 100.000000 	 100.000000
   37 	 100.000000 	 100.000000 	 100.000000
   38 	 0.250000 	 98.337500 	 100.000000
   39 	 -1.000000 	 98.316667 	 100.000000
   40 	 100.000000 	 100.000000 	 100.000000
   41 	 100.000000 	 100.000000 	 100.000000
   42 	 -0.500000 	 96.663889 	 100.000000
   43 	 -1.000000 	 96.666667 	 100.000000
   44 	 -1.000000 	 96.658333 	 100.000000
   45 	 -1.000000 	 98.316667 	 100.000000
   46 	 0.250000 	 96.687500 	 100.000000
   47 	 -1.000000 	 98.316667 	 100.000000
   48 	 -1.000000 	 94.980556 	 100.000000
   49 	 -1.000000 	 94.994444 	 100.000000
   50 	 0.250000 	 98.337500 	 100.000000
   51 	 1.000000 	 98.350000 	 100.000000
   52 	 -1.000000 	 96.644444 	 100.000000
   53 	 -1.000000 	 94.991667 	 100.000000
   54 	 100.000000 	 100.000000 	 100.000000
   55 	 -1.000000 	 96.654167 	 100.000000
   56 	 -0.500000 	 98.325000 	 100.000000
   57 	 0.250000 	 96.687500 	 100.000000
   58 	 -1.000000 	 96.644444 	 100.000000
   59 	 -0.333333 	 95.006944 	 100.000000
   60 	 -0.500000 	 96.675000 	 100.000000
   61 	 -0.500000 	 96.662500 	 100.000000
   62 	 -0.333333 	 96.677778 	 100.000000
   63 	 100.000000 	 100.000000 	 100.000000
   64 	 -0.333333 	 98.327778 	 100.000000
   65 	 -1.000000 	 98.316667 	 100.000000
   66 	 -1.000000 	 96.666667 	 100.000000
   67 	 -1.000000 	 98.316667 	 100.000000
   68 	 1.000000 	 98.350000 	 100.000000
   69 	 -0.333333 	 98.327778 	 100.000000
   70 	 100.000000 	 100.000000 	 100.000000
   71 	 -0.250000 	 98.329167 	 100.000000
   72 	 1.000000 	 98.350000 	 100.000000
   73 	 100.000000 	 100.000000 	 100.000000
   74 	 -0.333333 	 98.327778 	 100.000000
   75 	 1.000000 	 98.350000 	 100.000000
   76 	 -0.500000 	 98.325000 	 100.000000
   77 	 0.250000 	 98.337500 	 100.000000
   78 	 -0.250000 	 98.329167 	 100.000000
   79 	 -1.000000 	 98.316667 	 100.000000
 