   0 	 -1.000000 	 -0.081397 	 1.000000
    1 	 -0.125000 	 -0.125000 	 -0.125000
    2 	 -0.125000 	 -0.125000 	 -0.125000
    3 	 -0.142857 	 -0.125298 	 -0.125000
    4 	 -0.250000 	 -0.127381 	 -0.125000
    5 	 -0.250000 	 -0.126098 	 -0.090909
    6 	 -0.125000 	 -0.091351 	 -0.083333
    7 	 -0.090909 	 -0.090676 	 -0.076923
    8 	 -0.090909 	 -0.090909 	 -0.090909
    9 	 -0.090909 	 -0.090909 	 -0.090909
   10 	 -0.090909 	 -0.090272 	 -0.066667
   11 	 -0.090909 	 -0.090909 	 -0.090909
   12 	 -0.090909 	 -0.090909 	 -0.090909
   13 	 -0.142857 	 -0.091775 	 -0.090909
   14 	 -0.125000 	 -0.091814 	 -0.090909
   15 	 -0.090909 	 -0.090909 	 -0.090909
   16 	 -0.125000 	 -0.091351 	 -0.083333
   17 	 -0.090909 	 -0.090783 	 -0.083333
   18 	 -0.090909 	 -0.090909 	 -0.090909
   19 	 -0.125000 	 -0.092197 	 -0.090909
   20 	 -0.166667 	 -0.093038 	 -0.090909
   21 	 -0.166667 	 -0.093434 	 -0.090909
   22 	 -0.090909 	 -0.090909 	 -0.090909
   23 	 -0.100000 	 -0.091061 	 -0.090909
   24 	 -0.125000 	 -0.091477 	 -0.090909
   25 	 -0.090909 	 -0.090783 	 -0.083333
   26 	 -0.090909 	 -0.090676 	 -0.076923
   27 	 -0.142857 	 -0.091416 	 -0.076923
   28 	 -0.090909 	 -0.090909 	 -0.090909
   29 	 -0.090909 	 -0.090379 	 -0.066667
   30 	 -0.090909 	 -0.090909 	 -0.090909
   31 	 -0.142857 	 -0.091926 	 -0.090909
   32 	 -0.142857 	 -0.091775 	 -0.090909
   33 	 -0.142857 	 -0.092343 	 -0.090909
   34 	 -0.125000 	 -0.091477 	 -0.090909
   35 	 -0.090909 	 -0.090909 	 -0.090909
   36 	 -0.090909 	 -0.090783 	 -0.083333
   37 	 -0.090909 	 -0.090909 	 -0.090909
   38 	 -0.090909 	 -0.090783 	 -0.083333
   39 	 -0.090909 	 -0.090909 	 -0.090909
   40 	 -0.100000 	 -0.091061 	 -0.090909
   41 	 -0.111111 	 -0.091271 	 -0.083333
   42 	 -0.111111 	 -0.091013 	 -0.076923
   43 	 -0.090909 	 -0.090909 	 -0.090909
   44 	 -0.090909 	 -0.090909 	 -0.090909
   45 	 -0.111111 	 -0.091246 	 -0.090909
   46 	 -0.090909 	 -0.090783 	 -0.083333
   47 	 -0.142857 	 -0.091775 	 -0.090909
   48 	 -0.142857 	 -0.091775 	 -0.090909
   49 	 -0.142857 	 -0.091693 	 -0.076923
   50 	 -0.100000 	 -0.090808 	 -0.066667
   51 	 -0.090909 	 -0.090909 	 -0.090909
   52 	 -0.142857 	 -0.092641 	 -0.090909
   53 	 -0.090909 	 -0.090909 	 -0.090909
   54 	 -0.111111 	 -0.091246 	 -0.090909
   55 	 -0.125000 	 -0.092487 	 -0.090909
   56 	 -0.142857 	 -0.091775 	 -0.090909
   57 	 -0.090909 	 -0.090909 	 -0.090909
   58 	 -0.090909 	 -0.090676 	 -0.076923
   59 	 -0.142857 	 -0.091775 	 -0.090909
   60 	 -0.090909 	 -0.090909 	 -0.090909
   61 	 -0.111111 	 -0.091582 	 -0.090909
   62 	 -0.090909 	 -0.090909 	 -0.090909
   63 	 -0.090909 	 -0.090783 	 -0.083333
   64 	 -0.090909 	 -0.090909 	 -0.090909
   65 	 -0.100000 	 -0.091086 	 -0.083333
   66 	 -0.090909 	 -0.090909 	 -0.090909
   67 	 -0.125000 	 -0.091225 	 -0.066667
   68 	 -0.111111 	 -0.091246 	 -0.090909
   69 	 -0.090909 	 -0.090909 	 -0.090909
   70 	 -0.142857 	 -0.091800 	 -0.083333
   71 	 -0.142857 	 -0.091542 	 -0.076923
   72 	 -0.090909 	 -0.090783 	 -0.083333
   73 	 -0.142857 	 -0.091649 	 -0.083333
   74 	 -0.090909 	 -0.090909 	 -0.090909
   75 	 -0.090909 	 -0.090909 	 -0.090909
   76 	 -0.111111 	 -0.091852 	 -0.090909
   77 	 -0.090909 	 -0.090909 	 -0.090909
   78 	 -0.111111 	 -0.091246 	 -0.090909
   79 	 -0.090909 	 -0.090909 	 -0.090909
 