   0 	 -1.000000 	 6.788024 	 100.000000
    1 	 -1.000000 	 23.327751 	 100.000000
    2 	 -1.000000 	 36.676025 	 100.000000
    3 	 -1.000000 	 38.332269 	 100.000000
    4 	 -1.000000 	 43.303784 	 100.000000
    5 	 -1.000000 	 53.335046 	 100.000000
    6 	 -1.000000 	 46.683333 	 100.000000
    7 	 -1.000000 	 66.625000 	 100.000000
    8 	 -1.000000 	 80.024167 	 100.000000
    9 	 -1.000000 	 78.316667 	 100.000000
   10 	 -0.250000 	 96.679167 	 100.000000
   11 	 -0.250000 	 98.329167 	 100.000000
   12 	 -0.333333 	 96.656944 	 100.000000
   13 	 -1.000000 	 94.975000 	 100.000000
   14 	 1.000000 	 96.700000 	 100.000000
   15 	 100.000000 	 100.000000 	 100.000000
   16 	 -1.000000 	 98.316667 	 100.000000
   17 	 100.000000 	 100.000000 	 100.000000
   18 	 100.000000 	 100.000000 	 100.000000
   19 	 100.000000 	 100.000000 	 100.000000
   20 	 1.000000 	 98.350000 	 100.000000
   21 	 100.000000 	 100.000000 	 100.000000
   22 	 0.333333 	 96.688889 	 100.000000
   23 	 -0.333333 	 96.677778 	 100.000000
   24 	 -1.000000 	 96.666667 	 100.000000
   25 	 1.000000 	 98.350000 	 100.000000
   26 	 0.500000 	 98.341667 	 100.000000
   27 	 100.000000 	 100.000000 	 100.000000
   28 	 -0.250000 	 90.047222 	 100.000000
   29 	 -1.000000 	 93.334722 	 100.000000
   30 	 100.000000 	 100.000000 	 100.000000
   31 	 0.500000 	 98.341667 	 100.000000
   32 	 100.000000 	 100.000000 	 100.000000
   33 	 100.000000 	 100.000000 	 100.000000
   34 	 -1.000000 	 96.655556 	 100.000000
   35 	 -0.250000 	 98.329167 	 100.000000
   36 	 1.000000 	 98.350000 	 100.000000
   37 	 1.000000 	 98.350000 	 100.000000
   38 	 100.000000 	 100.000000 	 100.000000
   39 	 1.000000 	 98.350000 	 100.000000
   40 	 -1.000000 	 98.316667 	 100.000000
   41 	 -1.000000 	 96.655556 	 100.000000
   42 	 1.000000 	 96.700000 	 100.000000
   43 	 0.250000 	 98.337500 	 100.000000
   44 	 0.250000 	 98.337500 	 100.000000
   45 	 1.000000 	 98.350000 	 100.000000
   46 	 -1.000000 	 98.316667 	 100.000000
   47 	 100.000000 	 100.000000 	 100.000000
   48 	 100.000000 	 100.000000 	 100.000000
   49 	 0.500000 	 96.691667 	 100.000000
   50 	 -0.250000 	 98.329167 	 100.000000
   51 	 -1.000000 	 98.316667 	 100.000000
   52 	 -0.250000 	 98.329167 	 100.000000
   53 	 100.000000 	 100.000000 	 100.000000
   54 	 100.000000 	 100.000000 	 100.000000
   55 	 100.000000 	 100.000000 	 100.000000
   56 	 1.000000 	 98.350000 	 100.000000
   57 	 100.000000 	 100.000000 	 100.000000
   58 	 -0.250000 	 95.008333 	 100.000000
   59 	 -1.000000 	 98.316667 	 100.000000
   60 	 0.500000 	 98.341667 	 100.000000
   61 	 -0.250000 	 98.329167 	 100.000000
   62 	 -1.000000 	 98.316667 	 100.000000
   63 	 1.000000 	 98.350000 	 100.000000
   64 	 100.000000 	 100.000000 	 100.000000
   65 	 -0.250000 	 98.329167 	 100.000000
   66 	 100.000000 	 100.000000 	 100.000000
   67 	 -1.000000 	 96.666667 	 100.000000
   68 	 1.000000 	 98.350000 	 100.000000
   69 	 -0.333333 	 93.345833 	 100.000000
   70 	 0.333333 	 98.338889 	 100.000000
   71 	 -0.333333 	 98.327778 	 100.000000
   72 	 0.333333 	 98.338889 	 100.000000
   73 	 0.333333 	 96.688889 	 100.000000
   74 	 100.000000 	 100.000000 	 100.000000
   75 	 1.000000 	 98.350000 	 100.000000
   76 	 1.000000 	 98.350000 	 100.000000
   77 	 -0.250000 	 98.329167 	 100.000000
   78 	 100.000000 	 100.000000 	 100.000000
   79 	 100.000000 	 100.000000 	 100.000000
 