   0 	 -1.000000 	 9.999868 	 100.000000
    1 	 -1.000000 	 41.692778 	 100.000000
    2 	 -0.500000 	 38.367110 	 100.000000
    3 	 -1.000000 	 38.368730 	 100.000000
    4 	 -1.000000 	 53.334722 	 100.000000
    5 	 -1.000000 	 48.319881 	 100.000000
    6 	 -1.000000 	 64.997500 	 100.000000
    7 	 -0.250000 	 93.333333 	 100.000000
    8 	 -0.333333 	 98.327778 	 100.000000
    9 	 -0.250000 	 98.329167 	 100.000000
   10 	 -0.500000 	 98.325000 	 100.000000
   11 	 0.250000 	 98.337500 	 100.000000
   12 	 -1.000000 	 93.341667 	 100.000000
   13 	 -0.250000 	 96.666667 	 100.000000
   14 	 -1.000000 	 96.654167 	 100.000000
   15 	 100.000000 	 100.000000 	 100.000000
   16 	 -0.250000 	 98.329167 	 100.000000
   17 	 100.000000 	 100.000000 	 100.000000
   18 	 100.000000 	 100.000000 	 100.000000
   19 	 100.000000 	 100.000000 	 100.000000
   20 	 100.000000 	 100.000000 	 100.000000
   21 	 -1.000000 	 98.316667 	 100.000000
   22 	 -1.000000 	 96.655556 	 100.000000
   23 	 -1.000000 	 93.345833 	 100.000000
   24 	 100.000000 	 100.000000 	 100.000000
   25 	 -1.000000 	 98.316667 	 100.000000
   26 	 100.000000 	 100.000000 	 100.000000
   27 	 100.000000 	 100.000000 	 100.000000
   28 	 1.000000 	 98.350000 	 100.000000
   29 	 -0.333333 	 96.666667 	 100.000000
   30 	 -1.000000 	 98.316667 	 100.000000
   31 	 -0.333333 	 98.327778 	 100.000000
   32 	 100.000000 	 100.000000 	 100.000000
   33 	 -0.500000 	 96.662500 	 100.000000
   34 	 -0.333333 	 98.327778 	 100.000000
   35 	 100.000000 	 100.000000 	 100.000000
   36 	 -1.000000 	 96.655556 	 100.000000
   37 	 100.000000 	 100.000000 	 100.000000
   38 	 100.000000 	 100.000000 	 100.000000
   39 	 -1.000000 	 98.316667 	 100.000000
   40 	 -1.000000 	 96.654167 	 100.000000
   41 	 -0.333333 	 96.665278 	 100.000000
   42 	 -1.000000 	 94.987500 	 100.000000
   43 	 100.000000 	 100.000000 	 100.000000
   44 	 -1.000000 	 96.654167 	 100.000000
   45 	 100.000000 	 100.000000 	 100.000000
   46 	 -1.000000 	 98.316667 	 100.000000
   47 	 100.000000 	 100.000000 	 100.000000
   48 	 100.000000 	 100.000000 	 100.000000
   49 	 -0.333333 	 98.327778 	 100.000000
   50 	 -1.000000 	 98.316667 	 100.000000
   51 	 -0.333333 	 98.327778 	 100.000000
   52 	 -1.000000 	 96.644444 	 100.000000
   53 	 -0.333333 	 96.677778 	 100.000000
   54 	 100.000000 	 100.000000 	 100.000000
   55 	 0.250000 	 98.337500 	 100.000000
   56 	 -1.000000 	 98.316667 	 100.000000
   57 	 0.333333 	 98.338889 	 100.000000
   58 	 100.000000 	 100.000000 	 100.000000
   59 	 100.000000 	 100.000000 	 100.000000
   60 	 100.000000 	 100.000000 	 100.000000
   61 	 -0.500000 	 98.325000 	 100.000000
   62 	 -1.000000 	 96.658333 	 100.000000
   63 	 100.000000 	 100.000000 	 100.000000
   64 	 -0.500000 	 96.662500 	 100.000000
   65 	 100.000000 	 100.000000 	 100.000000
   66 	 -0.250000 	 98.329167 	 100.000000
   67 	 -1.000000 	 98.316667 	 100.000000
   68 	 -0.333333 	 98.327778 	 100.000000
   69 	 -0.333333 	 98.327778 	 100.000000
   70 	 -0.500000 	 96.652778 	 100.000000
   71 	 100.000000 	 100.000000 	 100.000000
   72 	 0.250000 	 98.337500 	 100.000000
   73 	 100.000000 	 100.000000 	 100.000000
   74 	 -1.000000 	 94.995833 	 100.000000
   75 	 100.000000 	 100.000000 	 100.000000
   76 	 0.250000 	 98.337500 	 100.000000
   77 	 0.250000 	 98.337500 	 100.000000
   78 	 -0.500000 	 96.650000 	 100.000000
   79 	 0.333333 	 98.338889 	 100.000000
 