   0 	 -1.000000 	 3.249884 	 100.000000
    1 	 -1.000000 	 64.959286 	 100.000000
    2 	 -1.000000 	 60.009471 	 100.000000
    3 	 -1.000000 	 63.328056 	 100.000000
    4 	 -1.000000 	 76.659722 	 100.000000
    5 	 -1.000000 	 98.316667 	 100.000000
    6 	 100.000000 	 100.000000 	 100.000000
    7 	 -1.000000 	 96.666667 	 100.000000
    8 	 -1.000000 	 94.979167 	 100.000000
    9 	 0.333333 	 98.338889 	 100.000000
   10 	 -1.000000 	 98.316667 	 100.000000
   11 	 100.000000 	 100.000000 	 100.000000
   12 	 0.250000 	 98.337500 	 100.000000
   13 	 1.000000 	 98.350000 	 100.000000
   14 	 -1.000000 	 96.666667 	 100.000000
   15 	 -1.000000 	 91.602778 	 100.000000
   16 	 -1.000000 	 98.316667 	 100.000000
   17 	 -0.250000 	 96.666667 	 100.000000
   18 	 0.250000 	 98.337500 	 100.000000
   19 	 -1.000000 	 94.958333 	 100.000000
   20 	 -0.333333 	 96.665278 	 100.000000
   21 	 -1.000000 	 98.316667 	 100.000000
   22 	 0.250000 	 96.679167 	 100.000000
   23 	 -0.500000 	 98.325000 	 100.000000
   24 	 -0.500000 	 96.675000 	 100.000000
   25 	 1.000000 	 98.350000 	 100.000000
   26 	 1.000000 	 98.350000 	 100.000000
   27 	 -0.500000 	 98.325000 	 100.000000
   28 	 -1.000000 	 98.316667 	 100.000000
   29 	 100.000000 	 100.000000 	 100.000000
   30 	 -1.000000 	 98.316667 	 100.000000
   31 	 100.000000 	 100.000000 	 100.000000
   32 	 0.250000 	 98.337500 	 100.000000
   33 	 100.000000 	 100.000000 	 100.000000
   34 	 100.000000 	 100.000000 	 100.000000
   35 	 -1.000000 	 98.316667 	 100.000000
   36 	 -0.250000 	 98.329167 	 100.000000
   37 	 0.250000 	 98.337500 	 100.000000
   38 	 -0.500000 	 96.650000 	 100.000000
   39 	 100.000000 	 100.000000 	 100.000000
   40 	 0.250000 	 96.676389 	 100.000000
   41 	 -0.500000 	 98.325000 	 100.000000
   42 	 100.000000 	 100.000000 	 100.000000
   43 	 100.000000 	 100.000000 	 100.000000
   44 	 -0.250000 	 95.004167 	 100.000000
   45 	 100.000000 	 100.000000 	 100.000000
   46 	 1.000000 	 98.350000 	 100.000000
   47 	 -0.250000 	 95.000000 	 100.000000
   48 	 -1.000000 	 98.316667 	 100.000000
   49 	 0.333333 	 98.338889 	 100.000000
   50 	 -1.000000 	 98.316667 	 100.000000
   51 	 100.000000 	 100.000000 	 100.000000
   52 	 -1.000000 	 94.969444 	 100.000000
   53 	 -1.000000 	 96.654167 	 100.000000
   54 	 -1.000000 	 96.654167 	 100.000000
   55 	 -0.333333 	 94.994444 	 100.000000
   56 	 100.000000 	 100.000000 	 100.000000
   57 	 -1.000000 	 98.316667 	 100.000000
   58 	 -1.000000 	 98.316667 	 100.000000
   59 	 100.000000 	 100.000000 	 100.000000
   60 	 100.000000 	 100.000000 	 100.000000
   61 	 -1.000000 	 96.641667 	 100.000000
   62 	 -1.000000 	 94.983333 	 100.000000
   63 	 0.250000 	 96.675000 	 100.000000
   64 	 -0.500000 	 98.325000 	 100.000000
   65 	 0.333333 	 98.338889 	 100.000000
   66 	 100.000000 	 100.000000 	 100.000000
   67 	 0.500000 	 98.341667 	 100.000000
   68 	 100.000000 	 100.000000 	 100.000000
   69 	 100.000000 	 100.000000 	 100.000000
   70 	 100.000000 	 100.000000 	 100.000000
   71 	 1.000000 	 98.350000 	 100.000000
   72 	 1.000000 	 98.350000 	 100.000000
   73 	 -0.333333 	 96.665278 	 100.000000
   74 	 -1.000000 	 96.644444 	 100.000000
   75 	 -1.000000 	 96.645833 	 100.000000
   76 	 -1.000000 	 89.958333 	 100.000000
   77 	 -1.000000 	 93.325000 	 100.000000
   78 	 0.333333 	 98.338889 	 100.000000
   79 	 -1.000000 	 98.316667 	 100.000000
 