   0 	 -1.000000 	 6.662161 	 100.000000
    1 	 -1.000000 	 43.335767 	 100.000000
    2 	 -1.000000 	 33.342659 	 100.000000
    3 	 -1.000000 	 58.314742 	 100.000000
    4 	 -1.000000 	 69.980556 	 100.000000
    5 	 -1.000000 	 78.287500 	 100.000000
    6 	 -1.000000 	 71.654167 	 100.000000
    7 	 -1.000000 	 84.975000 	 100.000000
    8 	 -1.000000 	 86.700000 	 100.000000
    9 	 0.500000 	 96.691667 	 100.000000
   10 	 -0.333333 	 94.997222 	 100.000000
   11 	 -1.000000 	 96.644444 	 100.000000
   12 	 -1.000000 	 95.004167 	 100.000000
   13 	 -0.500000 	 96.666667 	 100.000000
   14 	 1.000000 	 98.350000 	 100.000000
   15 	 1.000000 	 98.350000 	 100.000000
   16 	 100.000000 	 100.000000 	 100.000000
   17 	 100.000000 	 100.000000 	 100.000000
   18 	 -0.500000 	 98.325000 	 100.000000
   19 	 0.250000 	 98.337500 	 100.000000
   20 	 -0.500000 	 98.325000 	 100.000000
   21 	 100.000000 	 100.000000 	 100.000000
   22 	 100.000000 	 100.000000 	 100.000000
   23 	 -0.333333 	 96.669444 	 100.000000
   24 	 0.250000 	 98.337500 	 100.000000
   25 	 100.000000 	 100.000000 	 100.000000
   26 	 -1.000000 	 96.641667 	 100.000000
   27 	 0.250000 	 98.337500 	 100.000000
   28 	 100.000000 	 100.000000 	 100.000000
   29 	 -0.500000 	 94.990278 	 100.000000
   30 	 -0.500000 	 98.325000 	 100.000000
   31 	 -0.500000 	 96.652778 	 100.000000
   32 	 -0.333333 	 96.665278 	 100.000000
   33 	 0.250000 	 98.337500 	 100.000000
   34 	 -1.000000 	 98.316667 	 100.000000
   35 	 -0.500000 	 98.325000 	 100.000000
   36 	 100.000000 	 100.000000 	 100.000000
   37 	 100.000000 	 100.000000 	 100.000000
   38 	 100.000000 	 100.000000 	 100.000000
   39 	 100.000000 	 100.000000 	 100.000000
   40 	 -0.333333 	 96.677778 	 100.000000
   41 	 -0.500000 	 98.325000 	 100.000000
   42 	 100.000000 	 100.000000 	 100.000000
   43 	 100.000000 	 100.000000 	 100.000000
   44 	 -1.000000 	 96.666667 	 100.000000
   45 	 -1.000000 	 96.641667 	 100.000000
   46 	 -1.000000 	 93.304167 	 100.000000
   47 	 100.000000 	 100.000000 	 100.000000
   48 	 100.000000 	 100.000000 	 100.000000
   49 	 -0.333333 	 96.656944 	 100.000000
   50 	 100.000000 	 100.000000 	 100.000000
   51 	 1.000000 	 98.350000 	 100.000000
   52 	 -0.333333 	 98.327778 	 100.000000
   53 	 -1.000000 	 96.633333 	 100.000000
   54 	 -1.000000 	 98.316667 	 100.000000
   55 	 100.000000 	 100.000000 	 100.000000
   56 	 0.250000 	 98.337500 	 100.000000
   57 	 -0.500000 	 94.994444 	 100.000000
   58 	 -1.000000 	 94.979167 	 100.000000
   59 	 -1.000000 	 94.979167 	 100.000000
   60 	 -1.000000 	 98.316667 	 100.000000
   61 	 1.000000 	 98.350000 	 100.000000
   62 	 -1.000000 	 94.979167 	 100.000000
   63 	 -0.500000 	 96.666667 	 100.000000
   64 	 -0.500000 	 96.652778 	 100.000000
   65 	 -1.000000 	 93.323611 	 100.000000
   66 	 100.000000 	 100.000000 	 100.000000
   67 	 -1.000000 	 96.633333 	 100.000000
   68 	 100.000000 	 100.000000 	 100.000000
   69 	 -0.333333 	 96.665278 	 100.000000
   70 	 0.250000 	 98.337500 	 100.000000
   71 	 -1.000000 	 98.316667 	 100.000000
   72 	 100.000000 	 100.000000 	 100.000000
   73 	 0.250000 	 98.337500 	 100.000000
   74 	 100.000000 	 100.000000 	 100.000000
   75 	 0.250000 	 96.687500 	 100.000000
   76 	 100.000000 	 100.000000 	 100.000000
   77 	 -1.000000 	 94.981944 	 100.000000
   78 	 -0.500000 	 98.325000 	 100.000000
   79 	 -1.000000 	 96.644444 	 100.000000
 