   0 	 -1.000000 	 3.299965 	 100.000000
    1 	 -1.000000 	 58.366667 	 100.000000
    2 	 -1.000000 	 58.341111 	 100.000000
    3 	 -1.000000 	 88.351389 	 100.000000
    4 	 -1.000000 	 86.666667 	 100.000000
    5 	 -0.500000 	 89.999167 	 100.000000
    6 	 100.000000 	 100.000000 	 100.000000
    7 	 -0.500000 	 96.662500 	 100.000000
    8 	 -1.000000 	 98.316667 	 100.000000
    9 	 0.333333 	 98.338889 	 100.000000
   10 	 -1.000000 	 96.645833 	 100.000000
   11 	 0.250000 	 98.337500 	 100.000000
   12 	 0.333333 	 98.338889 	 100.000000
   13 	 0.333333 	 98.338889 	 100.000000
   14 	 100.000000 	 100.000000 	 100.000000
   15 	 -1.000000 	 93.334722 	 100.000000
   16 	 100.000000 	 100.000000 	 100.000000
   17 	 -0.250000 	 98.329167 	 100.000000
   18 	 100.000000 	 100.000000 	 100.000000
   19 	 1.000000 	 98.350000 	 100.000000
   20 	 100.000000 	 100.000000 	 100.000000
   21 	 -1.000000 	 98.316667 	 100.000000
   22 	 100.000000 	 100.000000 	 100.000000
   23 	 -0.500000 	 98.325000 	 100.000000
   24 	 0.333333 	 98.338889 	 100.000000
   25 	 0.333333 	 98.338889 	 100.000000
   26 	 -0.500000 	 98.325000 	 100.000000
   27 	 100.000000 	 100.000000 	 100.000000
   28 	 100.000000 	 100.000000 	 100.000000
   29 	 100.000000 	 100.000000 	 100.000000
   30 	 -0.250000 	 96.679167 	 100.000000
   31 	 100.000000 	 100.000000 	 100.000000
   32 	 100.000000 	 100.000000 	 100.000000
   33 	 -0.250000 	 96.668056 	 100.000000
   34 	 -0.250000 	 95.008333 	 100.000000
   35 	 100.000000 	 100.000000 	 100.000000
   36 	 0.333333 	 98.338889 	 100.000000
   37 	 100.000000 	 100.000000 	 100.000000
   38 	 0.500000 	 96.691667 	 100.000000
   39 	 -0.250000 	 98.329167 	 100.000000
   40 	 100.000000 	 100.000000 	 100.000000
   41 	 100.000000 	 100.000000 	 100.000000
   42 	 100.000000 	 100.000000 	 100.000000
   43 	 -1.000000 	 96.655556 	 100.000000
   44 	 100.000000 	 100.000000 	 100.000000
   45 	 100.000000 	 100.000000 	 100.000000
   46 	 -1.000000 	 91.648611 	 100.000000
   47 	 1.000000 	 96.700000 	 100.000000
   48 	 -1.000000 	 98.316667 	 100.000000
   49 	 -0.250000 	 93.355556 	 100.000000
   50 	 100.000000 	 100.000000 	 100.000000
   51 	 0.500000 	 98.341667 	 100.000000
   52 	 100.000000 	 100.000000 	 100.000000
   53 	 100.000000 	 100.000000 	 100.000000
   54 	 -1.000000 	 96.655556 	 100.000000
   55 	 -0.250000 	 95.006944 	 100.000000
   56 	 -0.250000 	 98.329167 	 100.000000
   57 	 -0.500000 	 96.654167 	 100.000000
   58 	 1.000000 	 98.350000 	 100.000000
   59 	 100.000000 	 100.000000 	 100.000000
   60 	 -0.500000 	 95.001389 	 100.000000
   61 	 100.000000 	 100.000000 	 100.000000
   62 	 1.000000 	 96.700000 	 100.000000
   63 	 1.000000 	 96.700000 	 100.000000
   64 	 -0.500000 	 96.662500 	 100.000000
   65 	 100.000000 	 100.000000 	 100.000000
   66 	 -0.250000 	 98.329167 	 100.000000
   67 	 -0.250000 	 98.329167 	 100.000000
   68 	 100.000000 	 100.000000 	 100.000000
   69 	 -1.000000 	 98.316667 	 100.000000
   70 	 0.333333 	 96.688889 	 100.000000
   71 	 -0.250000 	 96.679167 	 100.000000
   72 	 -0.250000 	 98.329167 	 100.000000
   73 	 100.000000 	 100.000000 	 100.000000
   74 	 -1.000000 	 94.991667 	 100.000000
   75 	 100.000000 	 100.000000 	 100.000000
   76 	 100.000000 	 100.000000 	 100.000000
   77 	 100.000000 	 100.000000 	 100.000000
   78 	 1.000000 	 98.350000 	 100.000000
   79 	 -1.000000 	 96.666667 	 100.000000
 