   0 	 -1.000000 	 9.859585 	 100.000000
    1 	 -1.000000 	 41.656548 	 100.000000
    2 	 -0.500000 	 46.680675 	 100.000000
    3 	 -1.000000 	 39.990000 	 100.000000
    4 	 -1.000000 	 33.305853 	 100.000000
    5 	 -1.000000 	 54.975000 	 100.000000
    6 	 -1.000000 	 63.341111 	 100.000000
    7 	 -1.000000 	 80.011111 	 100.000000
    8 	 -0.500000 	 85.008333 	 100.000000
    9 	 0.250000 	 98.337500 	 100.000000
   10 	 -1.000000 	 84.983333 	 100.000000
   11 	 -1.000000 	 98.316667 	 100.000000
   12 	 -1.000000 	 89.975000 	 100.000000
   13 	 -0.500000 	 98.325000 	 100.000000
   14 	 -0.500000 	 96.650000 	 100.000000
   15 	 0.250000 	 95.020833 	 100.000000
   16 	 -0.333333 	 98.327778 	 100.000000
   17 	 100.000000 	 100.000000 	 100.000000
   18 	 -0.500000 	 96.654167 	 100.000000
   19 	 100.000000 	 100.000000 	 100.000000
   20 	 -0.500000 	 96.666667 	 100.000000
   21 	 -0.500000 	 94.991667 	 100.000000
   22 	 0.250000 	 95.016667 	 100.000000
   23 	 -1.000000 	 96.654167 	 100.000000
   24 	 -1.000000 	 98.316667 	 100.000000
   25 	 0.250000 	 98.337500 	 100.000000
   26 	 -0.333333 	 98.327778 	 100.000000
   27 	 -0.333333 	 98.327778 	 100.000000
   28 	 0.250000 	 98.337500 	 100.000000
   29 	 -0.250000 	 96.666667 	 100.000000
   30 	 100.000000 	 100.000000 	 100.000000
   31 	 -0.333333 	 98.327778 	 100.000000
   32 	 100.000000 	 100.000000 	 100.000000
   33 	 100.000000 	 100.000000 	 100.000000
   34 	 100.000000 	 100.000000 	 100.000000
   35 	 -0.500000 	 96.662500 	 100.000000
   36 	 -0.500000 	 96.666667 	 100.000000
   37 	 100.000000 	 100.000000 	 100.000000
   38 	 100.000000 	 100.000000 	 100.000000
   39 	 0.333333 	 98.338889 	 100.000000
   40 	 -0.250000 	 96.666667 	 100.000000
   41 	 -1.000000 	 96.641667 	 100.000000
   42 	 1.000000 	 98.350000 	 100.000000
   43 	 -0.333333 	 95.019444 	 100.000000
   44 	 0.250000 	 98.337500 	 100.000000
   45 	 -0.500000 	 98.325000 	 100.000000
   46 	 0.500000 	 96.683333 	 100.000000
   47 	 -0.500000 	 98.325000 	 100.000000
   48 	 -1.000000 	 96.641667 	 100.000000
   49 	 -1.000000 	 98.316667 	 100.000000
   50 	 0.250000 	 98.337500 	 100.000000
   51 	 0.500000 	 98.341667 	 100.000000
   52 	 100.000000 	 100.000000 	 100.000000
   53 	 -1.000000 	 96.655556 	 100.000000
   54 	 -0.250000 	 98.329167 	 100.000000
   55 	 -0.500000 	 96.675000 	 100.000000
   56 	 -1.000000 	 95.004167 	 100.000000
   57 	 -1.000000 	 98.316667 	 100.000000
   58 	 100.000000 	 100.000000 	 100.000000
   59 	 100.000000 	 100.000000 	 100.000000
   60 	 0.250000 	 96.679167 	 100.000000
   61 	 100.000000 	 100.000000 	 100.000000
   62 	 100.000000 	 100.000000 	 100.000000
   63 	 100.000000 	 100.000000 	 100.000000
   64 	 -1.000000 	 91.669444 	 100.000000
   65 	 -0.250000 	 98.329167 	 100.000000
   66 	 -0.333333 	 93.365278 	 100.000000
   67 	 100.000000 	 100.000000 	 100.000000
   68 	 100.000000 	 100.000000 	 100.000000
   69 	 -1.000000 	 98.316667 	 100.000000
   70 	 100.000000 	 100.000000 	 100.000000
   71 	 -0.500000 	 98.325000 	 100.000000
   72 	 -1.000000 	 96.658333 	 100.000000
   73 	 -0.500000 	 96.662500 	 100.000000
   74 	 100.000000 	 100.000000 	 100.000000
   75 	 100.000000 	 100.000000 	 100.000000
   76 	 -0.250000 	 95.016667 	 100.000000
   77 	 -0.500000 	 96.666667 	 100.000000
   78 	 -1.000000 	 91.669444 	 100.000000
   79 	 -0.250000 	 98.329167 	 100.000000
 