   0 	 -1.000000 	 6.661389 	 100.000000
    1 	 -1.000000 	 43.364028 	 100.000000
    2 	 -1.000000 	 33.304722 	 100.000000
    3 	 -1.000000 	 50.027063 	 100.000000
    4 	 -1.000000 	 51.655231 	 100.000000
    5 	 -1.000000 	 66.665020 	 100.000000
    6 	 -1.000000 	 71.651964 	 100.000000
    7 	 -1.000000 	 73.332540 	 100.000000
    8 	 -1.000000 	 66.701389 	 100.000000
    9 	 -1.000000 	 66.647817 	 100.000000
   10 	 -0.333333 	 74.996964 	 100.000000
   11 	 -1.000000 	 73.337500 	 100.000000
   12 	 -1.000000 	 94.983333 	 100.000000
   13 	 -1.000000 	 85.015278 	 100.000000
   14 	 -1.000000 	 91.616667 	 100.000000
   15 	 -0.333333 	 96.666667 	 100.000000
   16 	 -0.250000 	 93.337500 	 100.000000
   17 	 0.500000 	 98.341667 	 100.000000
   18 	 100.000000 	 100.000000 	 100.000000
   19 	 100.000000 	 100.000000 	 100.000000
   20 	 0.250000 	 98.337500 	 100.000000
   21 	 100.000000 	 100.000000 	 100.000000
   22 	 1.000000 	 98.350000 	 100.000000
   23 	 -1.000000 	 98.316667 	 100.000000
   24 	 1.000000 	 98.350000 	 100.000000
   25 	 1.000000 	 98.350000 	 100.000000
   26 	 100.000000 	 100.000000 	 100.000000
   27 	 -1.000000 	 96.658333 	 100.000000
   28 	 -0.250000 	 98.329167 	 100.000000
   29 	 100.000000 	 100.000000 	 100.000000
   30 	 -1.000000 	 96.655556 	 100.000000
   31 	 -0.250000 	 95.018056 	 100.000000
   32 	 100.000000 	 100.000000 	 100.000000
   33 	 100.000000 	 100.000000 	 100.000000
   34 	 1.000000 	 98.350000 	 100.000000
   35 	 -1.000000 	 94.981944 	 100.000000
   36 	 1.000000 	 98.350000 	 100.000000
   37 	 -0.250000 	 96.668056 	 100.000000
   38 	 100.000000 	 100.000000 	 100.000000
   39 	 100.000000 	 100.000000 	 100.000000
   40 	 -0.250000 	 98.329167 	 100.000000
   41 	 1.000000 	 96.700000 	 100.000000
   42 	 1.000000 	 98.350000 	 100.000000
   43 	 -1.000000 	 96.655556 	 100.000000
   44 	 -1.000000 	 98.316667 	 100.000000
   45 	 0.333333 	 98.338889 	 100.000000
   46 	 -0.333333 	 95.007778 	 100.000000
   47 	 -1.000000 	 96.666667 	 100.000000
   48 	 -0.333333 	 98.327778 	 100.000000
   49 	 100.000000 	 100.000000 	 100.000000
   50 	 0.500000 	 96.691667 	 100.000000
   51 	 0.333333 	 98.338889 	 100.000000
   52 	 1.000000 	 98.350000 	 100.000000
   53 	 100.000000 	 100.000000 	 100.000000
   54 	 100.000000 	 100.000000 	 100.000000
   55 	 100.000000 	 100.000000 	 100.000000
   56 	 -0.250000 	 98.329167 	 100.000000
   57 	 -0.333333 	 98.327778 	 100.000000
   58 	 -1.000000 	 96.666667 	 100.000000
   59 	 1.000000 	 98.350000 	 100.000000
   60 	 100.000000 	 100.000000 	 100.000000
   61 	 -1.000000 	 98.316667 	 100.000000
   62 	 -1.000000 	 96.644444 	 100.000000
   63 	 100.000000 	 100.000000 	 100.000000
   64 	 100.000000 	 100.000000 	 100.000000
   65 	 -0.500000 	 98.325000 	 100.000000
   66 	 -1.000000 	 96.666667 	 100.000000
   67 	 -0.500000 	 98.325000 	 100.000000
   68 	 -1.000000 	 98.316667 	 100.000000
   69 	 -1.000000 	 96.641667 	 100.000000
   70 	 0.333333 	 96.680556 	 100.000000
   71 	 0.250000 	 96.687500 	 100.000000
   72 	 -1.000000 	 96.645833 	 100.000000
   73 	 -0.250000 	 96.679167 	 100.000000
   74 	 -0.250000 	 98.329167 	 100.000000
   75 	 -1.000000 	 94.997222 	 100.000000
   76 	 0.500000 	 98.341667 	 100.000000
   77 	 1.000000 	 98.350000 	 100.000000
   78 	 1.000000 	 98.350000 	 100.000000
   79 	 -1.000000 	 94.994444 	 100.000000
 