   0 	 -1.000000 	 4.965979 	 100.000000
    1 	 -1.000000 	 63.337202 	 100.000000
    2 	 -1.000000 	 41.689960 	 100.000000
    3 	 -1.000000 	 56.678492 	 100.000000
    4 	 -1.000000 	 76.658472 	 100.000000
    5 	 -1.000000 	 73.356250 	 100.000000
    6 	 -0.250000 	 93.345833 	 100.000000
    7 	 -0.500000 	 94.990833 	 100.000000
    8 	 -0.500000 	 95.000000 	 100.000000
    9 	 -1.000000 	 93.295833 	 100.000000
   10 	 -0.500000 	 96.650000 	 100.000000
   11 	 -0.500000 	 93.354167 	 100.000000
   12 	 100.000000 	 100.000000 	 100.000000
   13 	 -1.000000 	 96.658333 	 100.000000
   14 	 100.000000 	 100.000000 	 100.000000
   15 	 -0.500000 	 94.987500 	 100.000000
   16 	 -0.500000 	 95.004167 	 100.000000
   17 	 -0.500000 	 98.325000 	 100.000000
   18 	 -1.000000 	 98.316667 	 100.000000
   19 	 100.000000 	 100.000000 	 100.000000
   20 	 -1.000000 	 95.008333 	 100.000000
   21 	 0.500000 	 98.341667 	 100.000000
   22 	 0.500000 	 96.691667 	 100.000000
   23 	 -1.000000 	 96.654167 	 100.000000
   24 	 0.250000 	 98.337500 	 100.000000
   25 	 -1.000000 	 98.316667 	 100.000000
   26 	 0.500000 	 98.341667 	 100.000000
   27 	 0.250000 	 98.337500 	 100.000000
   28 	 100.000000 	 100.000000 	 100.000000
   29 	 1.000000 	 98.350000 	 100.000000
   30 	 -0.500000 	 94.987500 	 100.000000
   31 	 100.000000 	 100.000000 	 100.000000
   32 	 100.000000 	 100.000000 	 100.000000
   33 	 -1.000000 	 96.654167 	 100.000000
   34 	 0.500000 	 98.341667 	 100.000000
   35 	 100.000000 	 100.000000 	 100.000000
   36 	 -0.500000 	 98.325000 	 100.000000
   37 	 -1.000000 	 96.641667 	 100.000000
   38 	 100.000000 	 100.000000 	 100.000000
   39 	 100.000000 	 100.000000 	 100.000000
   40 	 0.500000 	 98.341667 	 100.000000
   41 	 100.000000 	 100.000000 	 100.000000
   42 	 -0.500000 	 96.666667 	 100.000000
   43 	 -0.250000 	 98.329167 	 100.000000
   44 	 -0.250000 	 98.329167 	 100.000000
   45 	 -0.250000 	 95.020833 	 100.000000
   46 	 -1.000000 	 94.979167 	 100.000000
   47 	 -1.000000 	 93.291667 	 100.000000
   48 	 -1.000000 	 96.654167 	 100.000000
   49 	 100.000000 	 100.000000 	 100.000000
   50 	 0.250000 	 98.337500 	 100.000000
   51 	 0.250000 	 98.337500 	 100.000000
   52 	 100.000000 	 100.000000 	 100.000000
   53 	 100.000000 	 100.000000 	 100.000000
   54 	 -1.000000 	 91.645833 	 100.000000
   55 	 -0.250000 	 96.666667 	 100.000000
   56 	 100.000000 	 100.000000 	 100.000000
   57 	 -0.500000 	 98.325000 	 100.000000
   58 	 -0.250000 	 98.329167 	 100.000000
   59 	 0.250000 	 95.020833 	 100.000000
   60 	 -0.500000 	 98.325000 	 100.000000
   61 	 -0.500000 	 98.325000 	 100.000000
   62 	 -0.500000 	 98.325000 	 100.000000
   63 	 -1.000000 	 96.644444 	 100.000000
   64 	 100.000000 	 100.000000 	 100.000000
   65 	 -1.000000 	 96.658333 	 100.000000
   66 	 -0.500000 	 98.325000 	 100.000000
   67 	 0.500000 	 96.691667 	 100.000000
   68 	 -1.000000 	 93.325000 	 100.000000
   69 	 -1.000000 	 98.316667 	 100.000000
   70 	 -1.000000 	 96.666667 	 100.000000
   71 	 -1.000000 	 94.975000 	 100.000000
   72 	 100.000000 	 100.000000 	 100.000000
   73 	 -0.250000 	 95.008333 	 100.000000
   74 	 -1.000000 	 96.633333 	 100.000000
   75 	 0.250000 	 98.337500 	 100.000000
   76 	 -1.000000 	 96.633333 	 100.000000
   77 	 100.000000 	 100.000000 	 100.000000
   78 	 -0.500000 	 96.662500 	 100.000000
   79 	 0.250000 	 98.337500 	 100.000000
 