   0 	 -1.000000 	 9.964836 	 100.000000
    1 	 -1.000000 	 28.334167 	 100.000000
    2 	 -1.000000 	 38.326786 	 100.000000
    3 	 -1.000000 	 48.344841 	 100.000000
    4 	 -1.000000 	 41.663889 	 100.000000
    5 	 -1.000000 	 51.641667 	 100.000000
    6 	 -1.000000 	 48.382110 	 100.000000
    7 	 -1.000000 	 53.343684 	 100.000000
    8 	 -1.000000 	 78.325000 	 100.000000
    9 	 -0.500000 	 93.341667 	 100.000000
   10 	 -1.000000 	 90.033333 	 100.000000
   11 	 -0.333333 	 96.656944 	 100.000000
   12 	 -1.000000 	 98.316667 	 100.000000
   13 	 -1.000000 	 96.666667 	 100.000000
   14 	 1.000000 	 98.350000 	 100.000000
   15 	 -1.000000 	 93.312500 	 100.000000
   16 	 100.000000 	 100.000000 	 100.000000
   17 	 -0.333333 	 98.327778 	 100.000000
   18 	 -1.000000 	 96.658333 	 100.000000
   19 	 -1.000000 	 96.658333 	 100.000000
   20 	 -0.333333 	 96.655556 	 100.000000
   21 	 -0.333333 	 96.656944 	 100.000000
   22 	 0.500000 	 98.341667 	 100.000000
   23 	 0.500000 	 98.341667 	 100.000000
   24 	 -0.333333 	 98.327778 	 100.000000
   25 	 1.000000 	 96.700000 	 100.000000
   26 	 100.000000 	 100.000000 	 100.000000
   27 	 -0.500000 	 98.325000 	 100.000000
   28 	 -0.500000 	 96.654167 	 100.000000
   29 	 -1.000000 	 98.316667 	 100.000000
   30 	 -0.333333 	 95.006944 	 100.000000
   31 	 100.000000 	 100.000000 	 100.000000
   32 	 100.000000 	 100.000000 	 100.000000
   33 	 0.500000 	 98.341667 	 100.000000
   34 	 -0.500000 	 98.325000 	 100.000000
   35 	 100.000000 	 100.000000 	 100.000000
   36 	 0.250000 	 98.337500 	 100.000000
   37 	 -1.000000 	 96.654167 	 100.000000
   38 	 0.250000 	 98.337500 	 100.000000
   39 	 -0.250000 	 98.329167 	 100.000000
   40 	 100.000000 	 100.000000 	 100.000000
   41 	 100.000000 	 100.000000 	 100.000000
   42 	 -1.000000 	 98.316667 	 100.000000
   43 	 100.000000 	 100.000000 	 100.000000
   44 	 100.000000 	 100.000000 	 100.000000
   45 	 -0.333333 	 98.327778 	 100.000000
   46 	 100.000000 	 100.000000 	 100.000000
   47 	 100.000000 	 100.000000 	 100.000000
   48 	 -0.250000 	 98.329167 	 100.000000
   49 	 -0.500000 	 96.654167 	 100.000000
   50 	 100.000000 	 100.000000 	 100.000000
   51 	 -1.000000 	 98.316667 	 100.000000
   52 	 -1.000000 	 96.658333 	 100.000000
   53 	 -1.000000 	 96.641667 	 100.000000
   54 	 -0.333333 	 96.666667 	 100.000000
   55 	 100.000000 	 100.000000 	 100.000000
   56 	 -0.333333 	 95.006944 	 100.000000
   57 	 0.250000 	 96.687500 	 100.000000
   58 	 -0.500000 	 98.325000 	 100.000000
   59 	 -0.333333 	 98.327778 	 100.000000
   60 	 0.250000 	 98.337500 	 100.000000
   61 	 -1.000000 	 96.653333 	 100.000000
   62 	 100.000000 	 100.000000 	 100.000000
   63 	 1.000000 	 98.350000 	 100.000000
   64 	 100.000000 	 100.000000 	 100.000000
   65 	 100.000000 	 100.000000 	 100.000000
   66 	 0.250000 	 98.337500 	 100.000000
   67 	 100.000000 	 100.000000 	 100.000000
   68 	 100.000000 	 100.000000 	 100.000000
   69 	 -0.500000 	 96.675000 	 100.000000
   70 	 0.250000 	 98.337500 	 100.000000
   71 	 -1.000000 	 94.966667 	 100.000000
   72 	 -1.000000 	 96.633333 	 100.000000
   73 	 100.000000 	 100.000000 	 100.000000
   74 	 -1.000000 	 98.316667 	 100.000000
   75 	 -0.333333 	 96.677778 	 100.000000
   76 	 -0.500000 	 95.025000 	 100.000000
   77 	 -0.333333 	 91.686111 	 100.000000
   78 	 -0.333333 	 98.327778 	 100.000000
   79 	 -1.000000 	 96.641667 	 100.000000
 