   0 	 -1.000000 	 1.566681 	 100.000000
    1 	 0.333333 	 96.680556 	 100.000000
    2 	 100.000000 	 100.000000 	 100.000000
    3 	 -0.250000 	 96.670833 	 100.000000
    4 	 -0.333333 	 96.677778 	 100.000000
    5 	 100.000000 	 100.000000 	 100.000000
    6 	 100.000000 	 100.000000 	 100.000000
    7 	 100.000000 	 100.000000 	 100.000000
    8 	 -0.250000 	 96.658333 	 100.000000
    9 	 -0.333333 	 93.344444 	 100.000000
   10 	 -1.000000 	 94.991667 	 100.000000
   11 	 100.000000 	 100.000000 	 100.000000
   12 	 -0.250000 	 98.329167 	 100.000000
   13 	 -1.000000 	 95.004167 	 100.000000
   14 	 -0.250000 	 91.706944 	 100.000000
   15 	 1.000000 	 98.350000 	 100.000000
   16 	 1.000000 	 98.350000 	 100.000000
   17 	 -1.000000 	 91.658889 	 100.000000
   18 	 100.000000 	 100.000000 	 100.000000
   19 	 100.000000 	 100.000000 	 100.000000
   20 	 -0.333333 	 98.327778 	 100.000000
   21 	 100.000000 	 100.000000 	 100.000000
   22 	 100.000000 	 100.000000 	 100.000000
   23 	 -0.333333 	 96.656944 	 100.000000
   24 	 -1.000000 	 94.983333 	 100.000000
   25 	 0.200000 	 98.336667 	 100.000000
   26 	 -0.333333 	 95.027778 	 100.000000
   27 	 100.000000 	 100.000000 	 100.000000
   28 	 -1.000000 	 96.666667 	 100.000000
   29 	 -1.000000 	 98.316667 	 100.000000
   30 	 -1.000000 	 91.681111 	 100.000000
   31 	 -1.000000 	 93.325000 	 100.000000
   32 	 -0.333333 	 98.327778 	 100.000000
   33 	 100.000000 	 100.000000 	 100.000000
   34 	 100.000000 	 100.000000 	 100.000000
   35 	 -1.000000 	 98.316667 	 100.000000
   36 	 -1.000000 	 96.655556 	 100.000000
   37 	 100.000000 	 100.000000 	 100.000000
   38 	 -1.000000 	 95.008333 	 100.000000
   39 	 -0.333333 	 98.327778 	 100.000000
   40 	 -1.000000 	 98.316667 	 100.000000
   41 	 1.000000 	 96.700000 	 100.000000
   42 	 -1.000000 	 98.316667 	 100.000000
   43 	 -0.333333 	 98.327778 	 100.000000
   44 	 0.500000 	 96.691667 	 100.000000
   45 	 -1.000000 	 94.983333 	 100.000000
   46 	 1.000000 	 96.700000 	 100.000000
   47 	 100.000000 	 100.000000 	 100.000000
   48 	 0.333333 	 98.338889 	 100.000000
   49 	 -1.000000 	 98.316667 	 100.000000
   50 	 100.000000 	 100.000000 	 100.000000
   51 	 100.000000 	 100.000000 	 100.000000
   52 	 -1.000000 	 98.316667 	 100.000000
   53 	 1.000000 	 98.350000 	 100.000000
   54 	 100.000000 	 100.000000 	 100.000000
   55 	 0.250000 	 96.687500 	 100.000000
   56 	 -0.250000 	 98.329167 	 100.000000
   57 	 -1.000000 	 93.355556 	 100.000000
   58 	 0.250000 	 98.337500 	 100.000000
   59 	 100.000000 	 100.000000 	 100.000000
   60 	 -1.000000 	 96.666667 	 100.000000
   61 	 1.000000 	 98.350000 	 100.000000
   62 	 100.000000 	 100.000000 	 100.000000
   63 	 100.000000 	 100.000000 	 100.000000
   64 	 1.000000 	 98.350000 	 100.000000
   65 	 -1.000000 	 91.662500 	 100.000000
   66 	 -0.333333 	 96.666667 	 100.000000
   67 	 -0.250000 	 98.329167 	 100.000000
   68 	 -1.000000 	 96.655556 	 100.000000
   69 	 1.000000 	 98.350000 	 100.000000
   70 	 100.000000 	 100.000000 	 100.000000
   71 	 100.000000 	 100.000000 	 100.000000
   72 	 1.000000 	 98.350000 	 100.000000
   73 	 100.000000 	 100.000000 	 100.000000
   74 	 0.333333 	 98.338889 	 100.000000
   75 	 -1.000000 	 98.316667 	 100.000000
   76 	 1.000000 	 98.350000 	 100.000000
   77 	 100.000000 	 100.000000 	 100.000000
   78 	 -1.000000 	 94.995833 	 100.000000
   79 	 100.000000 	 100.000000 	 100.000000
 