   0 	 -1.000000 	 18.336985 	 100.000000
    1 	 -1.000000 	 36.660417 	 100.000000
    2 	 -1.000000 	 44.987401 	 100.000000
    3 	 -1.000000 	 58.313889 	 100.000000
    4 	 -1.000000 	 58.338889 	 100.000000
    5 	 -1.000000 	 93.345833 	 100.000000
    6 	 -1.000000 	 98.316667 	 100.000000
    7 	 100.000000 	 100.000000 	 100.000000
    8 	 100.000000 	 100.000000 	 100.000000
    9 	 -1.000000 	 94.995833 	 100.000000
   10 	 100.000000 	 100.000000 	 100.000000
   11 	 100.000000 	 100.000000 	 100.000000
   12 	 -1.000000 	 98.316667 	 100.000000
   13 	 100.000000 	 100.000000 	 100.000000
   14 	 -1.000000 	 96.641667 	 100.000000
   15 	 -1.000000 	 96.644444 	 100.000000
   16 	 -1.000000 	 94.962500 	 100.000000
   17 	 -1.000000 	 98.316667 	 100.000000
   18 	 100.000000 	 100.000000 	 100.000000
   19 	 -1.000000 	 96.633333 	 100.000000
   20 	 -1.000000 	 98.316667 	 100.000000
   21 	 0.500000 	 96.691667 	 100.000000
   22 	 -1.000000 	 95.016667 	 100.000000
   23 	 -1.000000 	 89.970833 	 100.000000
   24 	 -0.250000 	 98.329167 	 100.000000
   25 	 100.000000 	 100.000000 	 100.000000
   26 	 -1.000000 	 98.316667 	 100.000000
   27 	 -1.000000 	 98.316667 	 100.000000
   28 	 -0.250000 	 98.329167 	 100.000000
   29 	 -1.000000 	 96.644444 	 100.000000
   30 	 -1.000000 	 94.993056 	 100.000000
   31 	 0.250000 	 96.675000 	 100.000000
   32 	 -1.000000 	 96.645833 	 100.000000
   33 	 -1.000000 	 96.655556 	 100.000000
   34 	 -0.500000 	 98.325000 	 100.000000
   35 	 -1.000000 	 98.316667 	 100.000000
   36 	 100.000000 	 100.000000 	 100.000000
   37 	 -1.000000 	 96.633333 	 100.000000
   38 	 -1.000000 	 95.008333 	 100.000000
   39 	 -1.000000 	 94.993056 	 100.000000
   40 	 -1.000000 	 94.950000 	 100.000000
   41 	 -1.000000 	 96.666667 	 100.000000
   42 	 -1.000000 	 94.970833 	 100.000000
   43 	 100.000000 	 100.000000 	 100.000000
   44 	 -1.000000 	 91.636111 	 100.000000
   45 	 -1.000000 	 96.644444 	 100.000000
   46 	 0.333333 	 98.338889 	 100.000000
   47 	 -1.000000 	 96.666667 	 100.000000
   48 	 -0.500000 	 95.016667 	 100.000000
   49 	 0.250000 	 96.676389 	 100.000000
   50 	 1.000000 	 98.350000 	 100.000000
   51 	 100.000000 	 100.000000 	 100.000000
   52 	 -1.000000 	 98.316667 	 100.000000
   53 	 -0.333333 	 96.665278 	 100.000000
   54 	 -1.000000 	 98.316667 	 100.000000
   55 	 100.000000 	 100.000000 	 100.000000
   56 	 -1.000000 	 96.666667 	 100.000000
   57 	 -1.000000 	 98.316667 	 100.000000
   58 	 100.000000 	 100.000000 	 100.000000
   59 	 0.250000 	 96.687500 	 100.000000
   60 	 100.000000 	 100.000000 	 100.000000
   61 	 -1.000000 	 96.644444 	 100.000000
   62 	 0.333333 	 98.338889 	 100.000000
   63 	 0.250000 	 98.337500 	 100.000000
   64 	 100.000000 	 100.000000 	 100.000000
   65 	 -1.000000 	 96.658333 	 100.000000
   66 	 -1.000000 	 98.316667 	 100.000000
   67 	 0.333333 	 98.338889 	 100.000000
   68 	 0.250000 	 98.337500 	 100.000000
   69 	 0.333333 	 98.338889 	 100.000000
   70 	 -1.000000 	 98.316667 	 100.000000
   71 	 100.000000 	 100.000000 	 100.000000
   72 	 -0.250000 	 98.329167 	 100.000000
   73 	 100.000000 	 100.000000 	 100.000000
   74 	 -1.000000 	 98.316667 	 100.000000
   75 	 -0.333333 	 98.327778 	 100.000000
   76 	 -1.000000 	 98.316667 	 100.000000
   77 	 100.000000 	 100.000000 	 100.000000
   78 	 -0.142857 	 96.672619 	 100.000000
   79 	 -1.000000 	 98.316667 	 100.000000
 