   0 	 -1.000000 	 8.342426 	 100.000000
    1 	 -1.000000 	 24.985675 	 100.000000
    2 	 -1.000000 	 33.323214 	 100.000000
    3 	 -1.000000 	 26.642361 	 100.000000
    4 	 -1.000000 	 44.981944 	 100.000000
    5 	 -1.000000 	 48.341667 	 100.000000
    6 	 -0.500000 	 94.991667 	 100.000000
    7 	 -0.500000 	 98.325000 	 100.000000
    8 	 -1.000000 	 98.316667 	 100.000000
    9 	 -1.000000 	 98.316667 	 100.000000
   10 	 100.000000 	 100.000000 	 100.000000
   11 	 -0.500000 	 94.988889 	 100.000000
   12 	 0.250000 	 96.679167 	 100.000000
   13 	 0.500000 	 98.341667 	 100.000000
   14 	 -0.500000 	 96.652778 	 100.000000
   15 	 0.500000 	 98.341667 	 100.000000
   16 	 100.000000 	 100.000000 	 100.000000
   17 	 0.500000 	 98.341667 	 100.000000
   18 	 100.000000 	 100.000000 	 100.000000
   19 	 -0.500000 	 93.327778 	 100.000000
   20 	 0.333333 	 96.688889 	 100.000000
   21 	 -1.000000 	 96.666667 	 100.000000
   22 	 1.000000 	 96.700000 	 100.000000
   23 	 -1.000000 	 98.316667 	 100.000000
   24 	 -0.500000 	 95.000000 	 100.000000
   25 	 100.000000 	 100.000000 	 100.000000
   26 	 100.000000 	 100.000000 	 100.000000
   27 	 -1.000000 	 96.645833 	 100.000000
   28 	 100.000000 	 100.000000 	 100.000000
   29 	 0.250000 	 98.337500 	 100.000000
   30 	 100.000000 	 100.000000 	 100.000000
   31 	 1.000000 	 98.350000 	 100.000000
   32 	 -1.000000 	 94.983333 	 100.000000
   33 	 -0.500000 	 94.979167 	 100.000000
   34 	 0.250000 	 98.337500 	 100.000000
   35 	 -0.500000 	 96.662500 	 100.000000
   36 	 -0.333333 	 98.327778 	 100.000000
   37 	 100.000000 	 100.000000 	 100.000000
   38 	 -0.500000 	 98.325000 	 100.000000
   39 	 -1.000000 	 98.316667 	 100.000000
   40 	 -1.000000 	 94.966667 	 100.000000
   41 	 -0.500000 	 94.995833 	 100.000000
   42 	 100.000000 	 100.000000 	 100.000000
   43 	 0.333333 	 98.338889 	 100.000000
   44 	 100.000000 	 100.000000 	 100.000000
   45 	 -0.250000 	 93.350000 	 100.000000
   46 	 100.000000 	 100.000000 	 100.000000
   47 	 -1.000000 	 95.008333 	 100.000000
   48 	 -1.000000 	 98.316667 	 100.000000
   49 	 100.000000 	 100.000000 	 100.000000
   50 	 -1.000000 	 96.633333 	 100.000000
   51 	 100.000000 	 100.000000 	 100.000000
   52 	 100.000000 	 100.000000 	 100.000000
   53 	 -1.000000 	 96.655556 	 100.000000
   54 	 -1.000000 	 98.316667 	 100.000000
   55 	 -1.000000 	 94.970833 	 100.000000
   56 	 0.500000 	 98.341667 	 100.000000
   57 	 -1.000000 	 98.316667 	 100.000000
   58 	 -0.250000 	 96.679167 	 100.000000
   59 	 100.000000 	 100.000000 	 100.000000
   60 	 -1.000000 	 96.654167 	 100.000000
   61 	 100.000000 	 100.000000 	 100.000000
   62 	 -1.000000 	 96.641667 	 100.000000
   63 	 1.000000 	 98.350000 	 100.000000
   64 	 1.000000 	 98.350000 	 100.000000
   65 	 -0.500000 	 98.325000 	 100.000000
   66 	 1.000000 	 98.350000 	 100.000000
   67 	 100.000000 	 100.000000 	 100.000000
   68 	 100.000000 	 100.000000 	 100.000000
   69 	 1.000000 	 98.350000 	 100.000000
   70 	 -1.000000 	 95.000000 	 100.000000
   71 	 -0.500000 	 96.675000 	 100.000000
   72 	 0.250000 	 98.337500 	 100.000000
   73 	 1.000000 	 96.700000 	 100.000000
   74 	 100.000000 	 100.000000 	 100.000000
   75 	 100.000000 	 100.000000 	 100.000000
   76 	 -0.333333 	 96.665278 	 100.000000
   77 	 -0.250000 	 98.329167 	 100.000000
   78 	 0.250000 	 98.337500 	 100.000000
   79 	 0.333333 	 98.338889 	 100.000000
 