   0 	 -1.000000 	 5.014233 	 100.000000
    1 	 -1.000000 	 55.006111 	 100.000000
    2 	 -1.000000 	 40.026111 	 100.000000
    3 	 -1.000000 	 56.659167 	 100.000000
    4 	 -1.000000 	 33.321825 	 100.000000
    5 	 -0.500000 	 88.337500 	 100.000000
    6 	 1.000000 	 98.350000 	 100.000000
    7 	 -1.000000 	 96.666667 	 100.000000
    8 	 -1.000000 	 96.666667 	 100.000000
    9 	 -0.250000 	 98.329167 	 100.000000
   10 	 -0.250000 	 96.668056 	 100.000000
   11 	 0.250000 	 98.337500 	 100.000000
   12 	 0.250000 	 96.676389 	 100.000000
   13 	 -0.500000 	 98.325000 	 100.000000
   14 	 -0.250000 	 98.329167 	 100.000000
   15 	 -0.250000 	 95.006944 	 100.000000
   16 	 -1.000000 	 98.316667 	 100.000000
   17 	 -1.000000 	 98.316667 	 100.000000
   18 	 -1.000000 	 95.008333 	 100.000000
   19 	 -1.000000 	 93.300000 	 100.000000
   20 	 -1.000000 	 96.654167 	 100.000000
   21 	 0.250000 	 98.337500 	 100.000000
   22 	 -0.250000 	 98.329167 	 100.000000
   23 	 -1.000000 	 94.980556 	 100.000000
   24 	 0.500000 	 98.341667 	 100.000000
   25 	 0.142857 	 96.685714 	 100.000000
   26 	 0.333333 	 98.338889 	 100.000000
   27 	 100.000000 	 100.000000 	 100.000000
   28 	 -1.000000 	 96.641667 	 100.000000
   29 	 0.500000 	 98.341667 	 100.000000
   30 	 100.000000 	 100.000000 	 100.000000
   31 	 -1.000000 	 98.316667 	 100.000000
   32 	 0.250000 	 98.337500 	 100.000000
   33 	 1.000000 	 98.350000 	 100.000000
   34 	 -1.000000 	 96.654167 	 100.000000
   35 	 0.250000 	 98.337500 	 100.000000
   36 	 0.250000 	 98.337500 	 100.000000
   37 	 100.000000 	 100.000000 	 100.000000
   38 	 -0.333333 	 98.327778 	 100.000000
   39 	 1.000000 	 98.350000 	 100.000000
   40 	 -0.250000 	 98.329167 	 100.000000
   41 	 100.000000 	 100.000000 	 100.000000
   42 	 0.500000 	 98.341667 	 100.000000
   43 	 100.000000 	 100.000000 	 100.000000
   44 	 -0.250000 	 96.679167 	 100.000000
   45 	 100.000000 	 100.000000 	 100.000000
   46 	 100.000000 	 100.000000 	 100.000000
   47 	 -1.000000 	 94.958333 	 100.000000
   48 	 -1.000000 	 96.645833 	 100.000000
   49 	 -0.250000 	 96.670833 	 100.000000
   50 	 100.000000 	 100.000000 	 100.000000
   51 	 -1.000000 	 96.654167 	 100.000000
   52 	 100.000000 	 100.000000 	 100.000000
   53 	 100.000000 	 100.000000 	 100.000000
   54 	 0.500000 	 96.691667 	 100.000000
   55 	 100.000000 	 100.000000 	 100.000000
   56 	 1.000000 	 98.350000 	 100.000000
   57 	 100.000000 	 100.000000 	 100.000000
   58 	 1.000000 	 96.700000 	 100.000000
   59 	 -0.500000 	 98.325000 	 100.000000
   60 	 100.000000 	 100.000000 	 100.000000
   61 	 100.000000 	 100.000000 	 100.000000
   62 	 0.250000 	 98.337500 	 100.000000
   63 	 -0.500000 	 96.654167 	 100.000000
   64 	 100.000000 	 100.000000 	 100.000000
   65 	 -1.000000 	 98.316667 	 100.000000
   66 	 -1.000000 	 98.316667 	 100.000000
   67 	 -0.500000 	 96.662500 	 100.000000
   68 	 1.000000 	 98.350000 	 100.000000
   69 	 -1.000000 	 96.666667 	 100.000000
   70 	 0.500000 	 98.341667 	 100.000000
   71 	 0.333333 	 98.338889 	 100.000000
   72 	 -0.250000 	 98.329167 	 100.000000
   73 	 100.000000 	 100.000000 	 100.000000
   74 	 0.333333 	 98.338889 	 100.000000
   75 	 1.000000 	 98.350000 	 100.000000
   76 	 100.000000 	 100.000000 	 100.000000
   77 	 0.250000 	 96.675000 	 100.000000
   78 	 -0.500000 	 96.675000 	 100.000000
   79 	 100.000000 	 100.000000 	 100.000000
 