   0 	 -1.000000 	 6.703865 	 100.000000
    1 	 -1.000000 	 30.009722 	 100.000000
    2 	 -1.000000 	 33.336944 	 100.000000
    3 	 -1.000000 	 65.016667 	 100.000000
    4 	 -1.000000 	 64.982500 	 100.000000
    5 	 -1.000000 	 79.994444 	 100.000000
    6 	 -1.000000 	 91.650000 	 100.000000
    7 	 -0.500000 	 94.991667 	 100.000000
    8 	 100.000000 	 100.000000 	 100.000000
    9 	 0.500000 	 96.691667 	 100.000000
   10 	 100.000000 	 100.000000 	 100.000000
   11 	 -0.250000 	 96.666667 	 100.000000
   12 	 -0.500000 	 96.662500 	 100.000000
   13 	 -1.000000 	 95.008333 	 100.000000
   14 	 0.250000 	 95.018056 	 100.000000
   15 	 -0.500000 	 95.012500 	 100.000000
   16 	 100.000000 	 100.000000 	 100.000000
   17 	 -0.500000 	 91.650397 	 100.000000
   18 	 -0.500000 	 94.991667 	 100.000000
   19 	 -1.000000 	 98.316667 	 100.000000
   20 	 0.125000 	 98.335417 	 100.000000
   21 	 -0.500000 	 96.652778 	 100.000000
   22 	 -1.000000 	 98.316667 	 100.000000
   23 	 -0.333333 	 98.327778 	 100.000000
   24 	 1.000000 	 98.350000 	 100.000000
   25 	 -1.000000 	 98.316667 	 100.000000
   26 	 -0.500000 	 98.325000 	 100.000000
   27 	 -1.000000 	 98.316667 	 100.000000
   28 	 -0.500000 	 94.993056 	 100.000000
   29 	 -0.250000 	 96.666667 	 100.000000
   30 	 -0.250000 	 98.329167 	 100.000000
   31 	 -0.250000 	 96.666667 	 100.000000
   32 	 -0.250000 	 98.329167 	 100.000000
   33 	 0.500000 	 98.341667 	 100.000000
   34 	 -0.333333 	 95.015278 	 100.000000
   35 	 100.000000 	 100.000000 	 100.000000
   36 	 0.500000 	 96.691667 	 100.000000
   37 	 -0.500000 	 96.662500 	 100.000000
   38 	 -0.500000 	 98.325000 	 100.000000
   39 	 -1.000000 	 96.666667 	 100.000000
   40 	 100.000000 	 100.000000 	 100.000000
   41 	 -0.500000 	 96.663889 	 100.000000
   42 	 1.000000 	 98.350000 	 100.000000
   43 	 -0.250000 	 98.329167 	 100.000000
   44 	 100.000000 	 100.000000 	 100.000000
   45 	 1.000000 	 98.350000 	 100.000000
   46 	 100.000000 	 100.000000 	 100.000000
   47 	 -0.250000 	 96.666667 	 100.000000
   48 	 0.250000 	 96.675000 	 100.000000
   49 	 1.000000 	 96.700000 	 100.000000
   50 	 1.000000 	 98.350000 	 100.000000
   51 	 0.500000 	 98.341667 	 100.000000
   52 	 -0.250000 	 98.329167 	 100.000000
   53 	 100.000000 	 100.000000 	 100.000000
   54 	 1.000000 	 98.350000 	 100.000000
   55 	 -0.500000 	 93.329167 	 100.000000
   56 	 -0.500000 	 96.675000 	 100.000000
   57 	 -0.250000 	 96.670833 	 100.000000
   58 	 -0.250000 	 98.329167 	 100.000000
   59 	 100.000000 	 100.000000 	 100.000000
   60 	 -1.000000 	 93.355556 	 100.000000
   61 	 0.333333 	 98.338889 	 100.000000
   62 	 100.000000 	 100.000000 	 100.000000
   63 	 -0.500000 	 96.675000 	 100.000000
   64 	 -0.250000 	 96.658333 	 100.000000
   65 	 0.250000 	 98.337500 	 100.000000
   66 	 1.000000 	 98.350000 	 100.000000
   67 	 0.250000 	 96.687500 	 100.000000
   68 	 -0.250000 	 98.329167 	 100.000000
   69 	 100.000000 	 100.000000 	 100.000000
   70 	 -1.000000 	 96.655556 	 100.000000
   71 	 0.250000 	 98.337500 	 100.000000
   72 	 -0.333333 	 94.986111 	 100.000000
   73 	 -1.000000 	 96.654167 	 100.000000
   74 	 100.000000 	 100.000000 	 100.000000
   75 	 100.000000 	 100.000000 	 100.000000
   76 	 100.000000 	 100.000000 	 100.000000
   77 	 100.000000 	 100.000000 	 100.000000
   78 	 100.000000 	 100.000000 	 100.000000
   79 	 0.250000 	 98.337500 	 100.000000
 