   0 	 -1.000000 	 6.603816 	 100.000000
    1 	 -1.000000 	 44.993287 	 100.000000
    2 	 -1.000000 	 49.966667 	 100.000000
    3 	 -1.000000 	 59.970000 	 100.000000
    4 	 -1.000000 	 84.994444 	 100.000000
    5 	 -1.000000 	 88.341667 	 100.000000
    6 	 -1.000000 	 93.333333 	 100.000000
    7 	 -1.000000 	 98.316667 	 100.000000
    8 	 -1.000000 	 96.666667 	 100.000000
    9 	 -1.000000 	 94.983333 	 100.000000
   10 	 -1.000000 	 93.312500 	 100.000000
   11 	 100.000000 	 100.000000 	 100.000000
   12 	 100.000000 	 100.000000 	 100.000000
   13 	 100.000000 	 100.000000 	 100.000000
   14 	 -0.500000 	 98.325000 	 100.000000
   15 	 -0.250000 	 94.995833 	 100.000000
   16 	 -0.500000 	 98.325000 	 100.000000
   17 	 100.000000 	 100.000000 	 100.000000
   18 	 -0.500000 	 96.675000 	 100.000000
   19 	 100.000000 	 100.000000 	 100.000000
   20 	 -0.500000 	 98.325000 	 100.000000
   21 	 -1.000000 	 96.641667 	 100.000000
   22 	 0.500000 	 98.341667 	 100.000000
   23 	 100.000000 	 100.000000 	 100.000000
   24 	 100.000000 	 100.000000 	 100.000000
   25 	 -0.500000 	 94.991667 	 100.000000
   26 	 -1.000000 	 96.654167 	 100.000000
   27 	 -1.000000 	 93.316667 	 100.000000
   28 	 100.000000 	 100.000000 	 100.000000
   29 	 -0.500000 	 95.004167 	 100.000000
   30 	 -1.000000 	 94.987500 	 100.000000
   31 	 0.250000 	 98.337500 	 100.000000
   32 	 100.000000 	 100.000000 	 100.000000
   33 	 0.500000 	 98.341667 	 100.000000
   34 	 0.500000 	 98.341667 	 100.000000
   35 	 1.000000 	 98.350000 	 100.000000
   36 	 -0.250000 	 98.329167 	 100.000000
   37 	 -0.500000 	 98.325000 	 100.000000
   38 	 -0.250000 	 96.670833 	 100.000000
   39 	 -1.000000 	 94.983333 	 100.000000
   40 	 100.000000 	 100.000000 	 100.000000
   41 	 0.500000 	 98.341667 	 100.000000
   42 	 -0.500000 	 96.654167 	 100.000000
   43 	 -0.500000 	 98.325000 	 100.000000
   44 	 -1.000000 	 98.316667 	 100.000000
   45 	 100.000000 	 100.000000 	 100.000000
   46 	 -1.000000 	 94.970833 	 100.000000
   47 	 0.250000 	 98.337500 	 100.000000
   48 	 -0.500000 	 96.666667 	 100.000000
   49 	 -0.250000 	 96.670833 	 100.000000
   50 	 -1.000000 	 94.983333 	 100.000000
   51 	 100.000000 	 100.000000 	 100.000000
   52 	 100.000000 	 100.000000 	 100.000000
   53 	 -0.250000 	 96.658333 	 100.000000
   54 	 -1.000000 	 98.316667 	 100.000000
   55 	 -1.000000 	 96.658333 	 100.000000
   56 	 -0.250000 	 98.329167 	 100.000000
   57 	 100.000000 	 100.000000 	 100.000000
   58 	 -1.000000 	 98.316667 	 100.000000
   59 	 0.250000 	 96.679167 	 100.000000
   60 	 100.000000 	 100.000000 	 100.000000
   61 	 -1.000000 	 98.316667 	 100.000000
   62 	 100.000000 	 100.000000 	 100.000000
   63 	 -0.500000 	 94.991667 	 100.000000
   64 	 100.000000 	 100.000000 	 100.000000
   65 	 -1.000000 	 95.000000 	 100.000000
   66 	 -1.000000 	 94.995833 	 100.000000
   67 	 -0.500000 	 98.325000 	 100.000000
   68 	 -0.500000 	 98.325000 	 100.000000
   69 	 -0.500000 	 91.679167 	 100.000000
   70 	 0.250000 	 96.679167 	 100.000000
   71 	 -1.000000 	 98.316667 	 100.000000
   72 	 100.000000 	 100.000000 	 100.000000
   73 	 100.000000 	 100.000000 	 100.000000
   74 	 -1.000000 	 96.641667 	 100.000000
   75 	 -1.000000 	 96.641667 	 100.000000
   76 	 -1.000000 	 96.633333 	 100.000000
   77 	 -0.250000 	 95.008333 	 100.000000
   78 	 -1.000000 	 94.991667 	 100.000000
   79 	 100.000000 	 100.000000 	 100.000000
 