   0 	 -1.000000 	 3.321845 	 100.000000
    1 	 -1.000000 	 75.006111 	 100.000000
    2 	 -1.000000 	 83.363889 	 100.000000
    3 	 -1.000000 	 73.316667 	 100.000000
    4 	 -1.000000 	 56.633333 	 100.000000
    5 	 -1.000000 	 83.304167 	 100.000000
    6 	 -1.000000 	 86.680556 	 100.000000
    7 	 100.000000 	 100.000000 	 100.000000
    8 	 -1.000000 	 96.655556 	 100.000000
    9 	 100.000000 	 100.000000 	 100.000000
   10 	 100.000000 	 100.000000 	 100.000000
   11 	 1.000000 	 98.350000 	 100.000000
   12 	 1.000000 	 98.350000 	 100.000000
   13 	 100.000000 	 100.000000 	 100.000000
   14 	 -0.250000 	 96.679167 	 100.000000
   15 	 0.142857 	 98.335714 	 100.000000
   16 	 -0.250000 	 96.679167 	 100.000000
   17 	 0.250000 	 96.687500 	 100.000000
   18 	 100.000000 	 100.000000 	 100.000000
   19 	 100.000000 	 100.000000 	 100.000000
   20 	 -0.500000 	 95.016667 	 100.000000
   21 	 0.333333 	 98.338889 	 100.000000
   22 	 -0.500000 	 95.012500 	 100.000000
   23 	 -0.250000 	 98.329167 	 100.000000
   24 	 -1.000000 	 98.316667 	 100.000000
   25 	 100.000000 	 100.000000 	 100.000000
   26 	 -1.000000 	 96.666667 	 100.000000
   27 	 1.000000 	 96.700000 	 100.000000
   28 	 -1.000000 	 98.316667 	 100.000000
   29 	 -0.500000 	 98.325000 	 100.000000
   30 	 100.000000 	 100.000000 	 100.000000
   31 	 100.000000 	 100.000000 	 100.000000
   32 	 0.333333 	 96.688889 	 100.000000
   33 	 100.000000 	 100.000000 	 100.000000
   34 	 -0.250000 	 96.668056 	 100.000000
   35 	 -0.250000 	 96.679167 	 100.000000
   36 	 100.000000 	 100.000000 	 100.000000
   37 	 100.000000 	 100.000000 	 100.000000
   38 	 1.000000 	 98.350000 	 100.000000
   39 	 100.000000 	 100.000000 	 100.000000
   40 	 -1.000000 	 93.300000 	 100.000000
   41 	 -0.250000 	 98.329167 	 100.000000
   42 	 -0.250000 	 96.658333 	 100.000000
   43 	 100.000000 	 100.000000 	 100.000000
   44 	 0.250000 	 98.337500 	 100.000000
   45 	 -0.250000 	 98.329167 	 100.000000
   46 	 0.250000 	 98.337500 	 100.000000
   47 	 -0.250000 	 94.997222 	 100.000000
   48 	 0.250000 	 98.337500 	 100.000000
   49 	 -1.000000 	 95.016667 	 100.000000
   50 	 100.000000 	 100.000000 	 100.000000
   51 	 1.000000 	 98.350000 	 100.000000
   52 	 0.333333 	 95.030556 	 100.000000
   53 	 100.000000 	 100.000000 	 100.000000
   54 	 100.000000 	 100.000000 	 100.000000
   55 	 100.000000 	 100.000000 	 100.000000
   56 	 -0.250000 	 98.329167 	 100.000000
   57 	 0.250000 	 96.679167 	 100.000000
   58 	 -1.000000 	 96.641667 	 100.000000
   59 	 -0.250000 	 95.008333 	 100.000000
   60 	 -1.000000 	 96.658333 	 100.000000
   61 	 1.000000 	 98.350000 	 100.000000
   62 	 -0.250000 	 98.329167 	 100.000000
   63 	 100.000000 	 100.000000 	 100.000000
   64 	 -1.000000 	 96.666667 	 100.000000
   65 	 1.000000 	 98.350000 	 100.000000
   66 	 -1.000000 	 94.983333 	 100.000000
   67 	 -0.250000 	 98.329167 	 100.000000
   68 	 -1.000000 	 96.633333 	 100.000000
   69 	 0.500000 	 98.341667 	 100.000000
   70 	 1.000000 	 98.350000 	 100.000000
   71 	 100.000000 	 100.000000 	 100.000000
   72 	 -1.000000 	 96.633333 	 100.000000
   73 	 -0.500000 	 95.002778 	 100.000000
   74 	 -1.000000 	 98.316667 	 100.000000
   75 	 -1.000000 	 98.316667 	 100.000000
   76 	 100.000000 	 100.000000 	 100.000000
   77 	 0.250000 	 98.337500 	 100.000000
   78 	 -0.250000 	 96.679167 	 100.000000
   79 	 -0.250000 	 96.679167 	 100.000000
 