   0 	 -1.000000 	 3.349360 	 100.000000
    1 	 -1.000000 	 69.981944 	 100.000000
    2 	 -1.000000 	 73.344444 	 100.000000
    3 	 -1.000000 	 59.972222 	 100.000000
    4 	 -1.000000 	 73.319444 	 100.000000
    5 	 -1.000000 	 66.633333 	 100.000000
    6 	 -1.000000 	 73.300000 	 100.000000
    7 	 -1.000000 	 79.983333 	 100.000000
    8 	 -1.000000 	 78.355556 	 100.000000
    9 	 -1.000000 	 86.666667 	 100.000000
   10 	 100.000000 	 100.000000 	 100.000000
   11 	 -0.250000 	 96.668056 	 100.000000
   12 	 0.250000 	 96.687500 	 100.000000
   13 	 -0.500000 	 96.662500 	 100.000000
   14 	 100.000000 	 100.000000 	 100.000000
   15 	 -0.333333 	 96.657778 	 100.000000
   16 	 0.250000 	 98.337500 	 100.000000
   17 	 100.000000 	 100.000000 	 100.000000
   18 	 -1.000000 	 98.316667 	 100.000000
   19 	 -1.000000 	 98.316667 	 100.000000
   20 	 -1.000000 	 96.654167 	 100.000000
   21 	 1.000000 	 96.700000 	 100.000000
   22 	 -1.000000 	 98.316667 	 100.000000
   23 	 100.000000 	 100.000000 	 100.000000
   24 	 -0.500000 	 98.325000 	 100.000000
   25 	 100.000000 	 100.000000 	 100.000000
   26 	 -0.500000 	 98.325000 	 100.000000
   27 	 -0.250000 	 98.329167 	 100.000000
   28 	 100.000000 	 100.000000 	 100.000000
   29 	 -1.000000 	 94.978333 	 100.000000
   30 	 -1.000000 	 96.655556 	 100.000000
   31 	 100.000000 	 100.000000 	 100.000000
   32 	 100.000000 	 100.000000 	 100.000000
   33 	 100.000000 	 100.000000 	 100.000000
   34 	 -1.000000 	 96.633333 	 100.000000
   35 	 100.000000 	 100.000000 	 100.000000
   36 	 -0.250000 	 98.329167 	 100.000000
   37 	 -0.500000 	 98.325000 	 100.000000
   38 	 100.000000 	 100.000000 	 100.000000
   39 	 1.000000 	 98.350000 	 100.000000
   40 	 -1.000000 	 96.644444 	 100.000000
   41 	 0.500000 	 98.341667 	 100.000000
   42 	 100.000000 	 100.000000 	 100.000000
   43 	 0.250000 	 96.687500 	 100.000000
   44 	 -1.000000 	 94.970833 	 100.000000
   45 	 0.250000 	 98.337500 	 100.000000
   46 	 100.000000 	 100.000000 	 100.000000
   47 	 -0.250000 	 96.666667 	 100.000000
   48 	 -0.333333 	 98.327778 	 100.000000
   49 	 -1.000000 	 93.333333 	 100.000000
   50 	 -1.000000 	 93.322222 	 100.000000
   51 	 -0.250000 	 96.668056 	 100.000000
   52 	 1.000000 	 98.350000 	 100.000000
   53 	 -0.333333 	 98.327778 	 100.000000
   54 	 1.000000 	 98.350000 	 100.000000
   55 	 -1.000000 	 96.666667 	 100.000000
   56 	 -1.000000 	 93.308333 	 100.000000
   57 	 100.000000 	 100.000000 	 100.000000
   58 	 -1.000000 	 96.655556 	 100.000000
   59 	 -0.333333 	 98.327778 	 100.000000
   60 	 -1.000000 	 98.316667 	 100.000000
   61 	 0.333333 	 98.338889 	 100.000000
   62 	 100.000000 	 100.000000 	 100.000000
   63 	 -1.000000 	 93.297222 	 100.000000
   64 	 -0.250000 	 96.668056 	 100.000000
   65 	 -0.500000 	 98.325000 	 100.000000
   66 	 100.000000 	 100.000000 	 100.000000
   67 	 -1.000000 	 91.650000 	 100.000000
   68 	 0.333333 	 96.688889 	 100.000000
   69 	 -1.000000 	 98.316667 	 100.000000
   70 	 1.000000 	 98.350000 	 100.000000
   71 	 1.000000 	 98.350000 	 100.000000
   72 	 0.500000 	 98.341667 	 100.000000
   73 	 0.250000 	 98.337500 	 100.000000
   74 	 -0.250000 	 98.329167 	 100.000000
   75 	 0.250000 	 98.337500 	 100.000000
   76 	 100.000000 	 100.000000 	 100.000000
   77 	 100.000000 	 100.000000 	 100.000000
   78 	 -1.000000 	 96.645833 	 100.000000
   79 	 -1.000000 	 98.316667 	 100.000000
 