   0 	 -1.000000 	 8.316700 	 100.000000
    1 	 -1.000000 	 46.676019 	 100.000000
    2 	 -0.500000 	 40.033591 	 100.000000
    3 	 -1.000000 	 36.686825 	 100.000000
    4 	 -1.000000 	 60.010278 	 100.000000
    5 	 -1.000000 	 71.681944 	 100.000000
    6 	 -1.000000 	 96.666667 	 100.000000
    7 	 -1.000000 	 94.991667 	 100.000000
    8 	 100.000000 	 100.000000 	 100.000000
    9 	 -0.250000 	 98.329167 	 100.000000
   10 	 -1.000000 	 94.950000 	 100.000000
   11 	 0.250000 	 96.687500 	 100.000000
   12 	 -1.000000 	 98.316667 	 100.000000
   13 	 0.333333 	 98.338889 	 100.000000
   14 	 100.000000 	 100.000000 	 100.000000
   15 	 0.250000 	 98.337500 	 100.000000
   16 	 100.000000 	 100.000000 	 100.000000
   17 	 100.000000 	 100.000000 	 100.000000
   18 	 0.500000 	 98.341667 	 100.000000
   19 	 -1.000000 	 98.316667 	 100.000000
   20 	 -1.000000 	 93.316667 	 100.000000
   21 	 -0.500000 	 98.325000 	 100.000000
   22 	 100.000000 	 100.000000 	 100.000000
   23 	 -0.333333 	 98.327778 	 100.000000
   24 	 100.000000 	 100.000000 	 100.000000
   25 	 -1.000000 	 91.626389 	 100.000000
   26 	 -1.000000 	 94.995833 	 100.000000
   27 	 0.500000 	 98.341667 	 100.000000
   28 	 -1.000000 	 94.983333 	 100.000000
   29 	 -0.500000 	 98.325000 	 100.000000
   30 	 -1.000000 	 98.316667 	 100.000000
   31 	 0.250000 	 96.687500 	 100.000000
   32 	 -0.333333 	 96.656944 	 100.000000
   33 	 100.000000 	 100.000000 	 100.000000
   34 	 -0.250000 	 98.329167 	 100.000000
   35 	 -1.000000 	 98.316667 	 100.000000
   36 	 100.000000 	 100.000000 	 100.000000
   37 	 100.000000 	 100.000000 	 100.000000
   38 	 100.000000 	 100.000000 	 100.000000
   39 	 0.250000 	 98.337500 	 100.000000
   40 	 -1.000000 	 93.320833 	 100.000000
   41 	 100.000000 	 100.000000 	 100.000000
   42 	 -0.250000 	 98.329167 	 100.000000
   43 	 0.500000 	 98.341667 	 100.000000
   44 	 -1.000000 	 96.666667 	 100.000000
   45 	 -0.500000 	 96.662500 	 100.000000
   46 	 -1.000000 	 96.633333 	 100.000000
   47 	 100.000000 	 100.000000 	 100.000000
   48 	 1.000000 	 98.350000 	 100.000000
   49 	 100.000000 	 100.000000 	 100.000000
   50 	 100.000000 	 100.000000 	 100.000000
   51 	 100.000000 	 100.000000 	 100.000000
   52 	 -0.500000 	 98.325000 	 100.000000
   53 	 -0.333333 	 96.665278 	 100.000000
   54 	 100.000000 	 100.000000 	 100.000000
   55 	 100.000000 	 100.000000 	 100.000000
   56 	 -0.333333 	 96.677778 	 100.000000
   57 	 -1.000000 	 96.645833 	 100.000000
   58 	 -0.250000 	 95.016667 	 100.000000
   59 	 0.333333 	 98.338889 	 100.000000
   60 	 100.000000 	 100.000000 	 100.000000
   61 	 -1.000000 	 94.981944 	 100.000000
   62 	 0.250000 	 98.337500 	 100.000000
   63 	 100.000000 	 100.000000 	 100.000000
   64 	 -1.000000 	 96.644444 	 100.000000
   65 	 -0.333333 	 96.665278 	 100.000000
   66 	 -0.250000 	 96.668056 	 100.000000
   67 	 -0.500000 	 98.325000 	 100.000000
   68 	 0.250000 	 98.337500 	 100.000000
   69 	 100.000000 	 100.000000 	 100.000000
   70 	 -1.000000 	 94.983333 	 100.000000
   71 	 1.000000 	 98.350000 	 100.000000
   72 	 100.000000 	 100.000000 	 100.000000
   73 	 100.000000 	 100.000000 	 100.000000
   74 	 100.000000 	 100.000000 	 100.000000
   75 	 -1.000000 	 91.672222 	 100.000000
   76 	 -1.000000 	 96.654167 	 100.000000
   77 	 100.000000 	 100.000000 	 100.000000
   78 	 -1.000000 	 96.654167 	 100.000000
   79 	 -0.250000 	 96.666667 	 100.000000
 