   0 	 -1.000000 	 3.305819 	 100.000000
    1 	 -1.000000 	 58.349167 	 100.000000
    2 	 -1.000000 	 58.317593 	 100.000000
    3 	 -1.000000 	 63.319444 	 100.000000
    4 	 -1.000000 	 46.639444 	 100.000000
    5 	 -1.000000 	 70.000000 	 100.000000
    6 	 -1.000000 	 60.012500 	 100.000000
    7 	 -1.000000 	 55.016667 	 100.000000
    8 	 -1.000000 	 66.657500 	 100.000000
    9 	 -1.000000 	 76.654167 	 100.000000
   10 	 -1.000000 	 88.355000 	 100.000000
   11 	 0.500000 	 98.341667 	 100.000000
   12 	 -1.000000 	 93.306944 	 100.000000
   13 	 100.000000 	 100.000000 	 100.000000
   14 	 -0.333333 	 98.327778 	 100.000000
   15 	 -1.000000 	 93.322222 	 100.000000
   16 	 -0.500000 	 98.325000 	 100.000000
   17 	 -0.500000 	 98.325000 	 100.000000
   18 	 100.000000 	 100.000000 	 100.000000
   19 	 -1.000000 	 96.654167 	 100.000000
   20 	 -0.250000 	 98.329167 	 100.000000
   21 	 1.000000 	 98.350000 	 100.000000
   22 	 -1.000000 	 98.316667 	 100.000000
   23 	 -1.000000 	 98.316667 	 100.000000
   24 	 100.000000 	 100.000000 	 100.000000
   25 	 1.000000 	 98.350000 	 100.000000
   26 	 -0.333333 	 98.327778 	 100.000000
   27 	 100.000000 	 100.000000 	 100.000000
   28 	 100.000000 	 100.000000 	 100.000000
   29 	 -1.000000 	 98.316667 	 100.000000
   30 	 100.000000 	 100.000000 	 100.000000
   31 	 -0.250000 	 96.679167 	 100.000000
   32 	 100.000000 	 100.000000 	 100.000000
   33 	 -1.000000 	 96.633333 	 100.000000
   34 	 -0.250000 	 98.329167 	 100.000000
   35 	 100.000000 	 100.000000 	 100.000000
   36 	 0.250000 	 96.675000 	 100.000000
   37 	 1.000000 	 98.350000 	 100.000000
   38 	 0.250000 	 98.337500 	 100.000000
   39 	 100.000000 	 100.000000 	 100.000000
   40 	 -0.333333 	 98.327778 	 100.000000
   41 	 -1.000000 	 93.312500 	 100.000000
   42 	 0.250000 	 95.037500 	 100.000000
   43 	 0.333333 	 98.338889 	 100.000000
   44 	 -0.333333 	 96.655556 	 100.000000
   45 	 -1.000000 	 94.969444 	 100.000000
   46 	 -1.000000 	 94.995833 	 100.000000
   47 	 -0.333333 	 98.327778 	 100.000000
   48 	 100.000000 	 100.000000 	 100.000000
   49 	 -0.500000 	 96.675000 	 100.000000
   50 	 100.000000 	 100.000000 	 100.000000
   51 	 100.000000 	 100.000000 	 100.000000
   52 	 -1.000000 	 98.316667 	 100.000000
   53 	 0.250000 	 98.337500 	 100.000000
   54 	 -0.250000 	 96.658333 	 100.000000
   55 	 0.333333 	 96.677778 	 100.000000
   56 	 1.000000 	 98.350000 	 100.000000
   57 	 100.000000 	 100.000000 	 100.000000
   58 	 100.000000 	 100.000000 	 100.000000
   59 	 100.000000 	 100.000000 	 100.000000
   60 	 0.250000 	 98.337500 	 100.000000
   61 	 -1.000000 	 96.655556 	 100.000000
   62 	 -0.333333 	 96.665278 	 100.000000
   63 	 1.000000 	 98.350000 	 100.000000
   64 	 -0.333333 	 95.015278 	 100.000000
   65 	 0.500000 	 96.691667 	 100.000000
   66 	 0.333333 	 98.338889 	 100.000000
   67 	 -1.000000 	 98.316667 	 100.000000
   68 	 -1.000000 	 98.316667 	 100.000000
   69 	 0.250000 	 98.337500 	 100.000000
   70 	 1.000000 	 98.350000 	 100.000000
   71 	 1.000000 	 96.700000 	 100.000000
   72 	 -1.000000 	 94.995833 	 100.000000
   73 	 100.000000 	 100.000000 	 100.000000
   74 	 -0.333333 	 96.677778 	 100.000000
   75 	 -1.000000 	 96.633333 	 100.000000
   76 	 100.000000 	 100.000000 	 100.000000
   77 	 100.000000 	 100.000000 	 100.000000
   78 	 0.500000 	 98.341667 	 100.000000
   79 	 100.000000 	 100.000000 	 100.000000
 