   0 	 -1.000000 	 14.922402 	 100.000000
    1 	 -1.000000 	 48.353631 	 100.000000
    2 	 -1.000000 	 23.339074 	 100.000000
    3 	 -1.000000 	 61.640278 	 100.000000
    4 	 -1.000000 	 71.656944 	 100.000000
    5 	 -1.000000 	 74.992222 	 100.000000
    6 	 -1.000000 	 83.333333 	 100.000000
    7 	 -0.333333 	 95.016667 	 100.000000
    8 	 -1.000000 	 88.323611 	 100.000000
    9 	 -0.250000 	 96.666667 	 100.000000
   10 	 -1.000000 	 98.316667 	 100.000000
   11 	 100.000000 	 100.000000 	 100.000000
   12 	 0.500000 	 98.341667 	 100.000000
   13 	 0.250000 	 98.337500 	 100.000000
   14 	 1.000000 	 98.350000 	 100.000000
   15 	 0.250000 	 98.337500 	 100.000000
   16 	 100.000000 	 100.000000 	 100.000000
   17 	 100.000000 	 100.000000 	 100.000000
   18 	 -0.333333 	 98.327778 	 100.000000
   19 	 100.000000 	 100.000000 	 100.000000
   20 	 -1.000000 	 96.654167 	 100.000000
   21 	 -1.000000 	 98.316667 	 100.000000
   22 	 100.000000 	 100.000000 	 100.000000
   23 	 100.000000 	 100.000000 	 100.000000
   24 	 -0.333333 	 96.656944 	 100.000000
   25 	 100.000000 	 100.000000 	 100.000000
   26 	 -0.250000 	 98.329167 	 100.000000
   27 	 100.000000 	 100.000000 	 100.000000
   28 	 -1.000000 	 98.316667 	 100.000000
   29 	 -0.250000 	 98.329167 	 100.000000
   30 	 100.000000 	 100.000000 	 100.000000
   31 	 100.000000 	 100.000000 	 100.000000
   32 	 100.000000 	 100.000000 	 100.000000
   33 	 100.000000 	 100.000000 	 100.000000
   34 	 -1.000000 	 98.316667 	 100.000000
   35 	 100.000000 	 100.000000 	 100.000000
   36 	 100.000000 	 100.000000 	 100.000000
   37 	 -1.000000 	 98.316667 	 100.000000
   38 	 100.000000 	 100.000000 	 100.000000
   39 	 -0.250000 	 96.666667 	 100.000000
   40 	 -0.333333 	 96.657778 	 100.000000
   41 	 -0.333333 	 98.327778 	 100.000000
   42 	 100.000000 	 100.000000 	 100.000000
   43 	 100.000000 	 100.000000 	 100.000000
   44 	 -0.333333 	 96.669444 	 100.000000
   45 	 -0.200000 	 98.330000 	 100.000000
   46 	 -0.200000 	 96.671667 	 100.000000
   47 	 -0.500000 	 98.325000 	 100.000000
   48 	 -1.000000 	 96.654167 	 100.000000
   49 	 -0.250000 	 98.329167 	 100.000000
   50 	 100.000000 	 100.000000 	 100.000000
   51 	 -0.200000 	 98.330000 	 100.000000
   52 	 -0.333333 	 96.656944 	 100.000000
   53 	 -1.000000 	 98.316667 	 100.000000
   54 	 100.000000 	 100.000000 	 100.000000
   55 	 0.500000 	 98.341667 	 100.000000
   56 	 0.250000 	 98.337500 	 100.000000
   57 	 100.000000 	 100.000000 	 100.000000
   58 	 100.000000 	 100.000000 	 100.000000
   59 	 100.000000 	 100.000000 	 100.000000
   60 	 0.333333 	 98.338889 	 100.000000
   61 	 100.000000 	 100.000000 	 100.000000
   62 	 -0.333333 	 98.327778 	 100.000000
   63 	 -0.333333 	 96.665278 	 100.000000
   64 	 100.000000 	 100.000000 	 100.000000
   65 	 100.000000 	 100.000000 	 100.000000
   66 	 -0.333333 	 96.677778 	 100.000000
   67 	 100.000000 	 100.000000 	 100.000000
   68 	 -1.000000 	 98.316667 	 100.000000
   69 	 100.000000 	 100.000000 	 100.000000
   70 	 -1.000000 	 96.666667 	 100.000000
   71 	 -0.250000 	 98.329167 	 100.000000
   72 	 100.000000 	 100.000000 	 100.000000
   73 	 0.333333 	 96.680556 	 100.000000
   74 	 -0.333333 	 98.327778 	 100.000000
   75 	 -1.000000 	 96.646667 	 100.000000
   76 	 -0.250000 	 95.008333 	 100.000000
   77 	 100.000000 	 100.000000 	 100.000000
   78 	 100.000000 	 100.000000 	 100.000000
   79 	 100.000000 	 100.000000 	 100.000000
 