   0 	 -1.000000 	 6.700031 	 100.000000
    1 	 -1.000000 	 45.018182 	 100.000000
    2 	 -1.000000 	 56.663889 	 100.000000
    3 	 -1.000000 	 66.658631 	 100.000000
    4 	 -1.000000 	 84.986409 	 100.000000
    5 	 -1.000000 	 86.645833 	 100.000000
    6 	 -0.333333 	 95.004167 	 100.000000
    7 	 -0.250000 	 96.666667 	 100.000000
    8 	 -0.333333 	 96.666667 	 100.000000
    9 	 100.000000 	 100.000000 	 100.000000
   10 	 0.250000 	 98.337500 	 100.000000
   11 	 100.000000 	 100.000000 	 100.000000
   12 	 -0.333333 	 95.008333 	 100.000000
   13 	 0.333333 	 95.022222 	 100.000000
   14 	 -0.333333 	 96.666667 	 100.000000
   15 	 100.000000 	 100.000000 	 100.000000
   16 	 -1.000000 	 96.654167 	 100.000000
   17 	 0.333333 	 98.338889 	 100.000000
   18 	 -0.333333 	 94.986111 	 100.000000
   19 	 -0.500000 	 96.654167 	 100.000000
   20 	 -0.250000 	 98.329167 	 100.000000
   21 	 -1.000000 	 93.313889 	 100.000000
   22 	 0.250000 	 98.337500 	 100.000000
   23 	 -0.250000 	 98.329167 	 100.000000
   24 	 100.000000 	 100.000000 	 100.000000
   25 	 -0.500000 	 96.654167 	 100.000000
   26 	 -0.250000 	 98.329167 	 100.000000
   27 	 -1.000000 	 98.316667 	 100.000000
   28 	 -0.500000 	 96.663889 	 100.000000
   29 	 -1.000000 	 98.316667 	 100.000000
   30 	 -1.000000 	 98.316667 	 100.000000
   31 	 0.250000 	 98.337500 	 100.000000
   32 	 100.000000 	 100.000000 	 100.000000
   33 	 100.000000 	 100.000000 	 100.000000
   34 	 0.333333 	 98.338889 	 100.000000
   35 	 0.333333 	 96.680556 	 100.000000
   36 	 0.333333 	 98.338889 	 100.000000
   37 	 -1.000000 	 98.316667 	 100.000000
   38 	 100.000000 	 100.000000 	 100.000000
   39 	 1.000000 	 98.350000 	 100.000000
   40 	 0.500000 	 96.691667 	 100.000000
   41 	 1.000000 	 96.700000 	 100.000000
   42 	 100.000000 	 100.000000 	 100.000000
   43 	 0.500000 	 98.341667 	 100.000000
   44 	 0.500000 	 98.341667 	 100.000000
   45 	 -0.250000 	 98.329167 	 100.000000
   46 	 -1.000000 	 96.644444 	 100.000000
   47 	 -0.333333 	 98.327778 	 100.000000
   48 	 100.000000 	 100.000000 	 100.000000
   49 	 100.000000 	 100.000000 	 100.000000
   50 	 -1.000000 	 93.304167 	 100.000000
   51 	 100.000000 	 100.000000 	 100.000000
   52 	 0.250000 	 96.676389 	 100.000000
   53 	 100.000000 	 100.000000 	 100.000000
   54 	 -1.000000 	 96.655556 	 100.000000
   55 	 1.000000 	 96.700000 	 100.000000
   56 	 -0.333333 	 95.011111 	 100.000000
   57 	 100.000000 	 100.000000 	 100.000000
   58 	 -1.000000 	 98.316667 	 100.000000
   59 	 100.000000 	 100.000000 	 100.000000
   60 	 -0.250000 	 98.329167 	 100.000000
   61 	 -1.000000 	 98.316667 	 100.000000
   62 	 -0.500000 	 98.325000 	 100.000000
   63 	 0.500000 	 98.341667 	 100.000000
   64 	 -0.333333 	 98.327778 	 100.000000
   65 	 100.000000 	 100.000000 	 100.000000
   66 	 -1.000000 	 94.970833 	 100.000000
   67 	 100.000000 	 100.000000 	 100.000000
   68 	 -1.000000 	 98.316667 	 100.000000
   69 	 -1.000000 	 98.316667 	 100.000000
   70 	 100.000000 	 100.000000 	 100.000000
   71 	 -0.250000 	 98.329167 	 100.000000
   72 	 -0.500000 	 98.325000 	 100.000000
   73 	 0.500000 	 98.341667 	 100.000000
   74 	 -1.000000 	 91.605556 	 100.000000
   75 	 -0.250000 	 98.329167 	 100.000000
   76 	 0.250000 	 95.013889 	 100.000000
   77 	 0.333333 	 95.016667 	 100.000000
   78 	 -1.000000 	 98.316667 	 100.000000
   79 	 100.000000 	 100.000000 	 100.000000
 