   0 	 0.000256 	 0.042591 	 1.000000
    1 	 0.001270 	 0.417791 	 1.000000
    2 	 0.020720 	 0.870174 	 1.000000
    3 	 0.083550 	 0.933210 	 1.000000
    4 	 0.379018 	 0.989650 	 1.000000
    5 	 1.000000 	 1.000000 	 1.000000
    6 	 1.000000 	 1.000000 	 1.000000
    7 	 1.000000 	 1.000000 	 1.000000
    8 	 1.000000 	 1.000000 	 1.000000
    9 	 1.000000 	 1.000000 	 1.000000
   10 	 0.000565 	 0.983343 	 1.000000
   11 	 0.000565 	 0.983343 	 1.000000
   12 	 1.000000 	 1.000000 	 1.000000
   13 	 0.036745 	 0.969623 	 1.000000
   14 	 0.036745 	 0.969911 	 1.017260
   15 	 0.140645 	 0.985965 	 1.017260
   16 	 0.002379 	 0.983373 	 1.000000
   17 	 1.000000 	 1.000000 	 1.000000
   18 	 1.000000 	 1.000000 	 1.000000
   19 	 1.000000 	 1.000000 	 1.000000
   20 	 0.140645 	 0.990182 	 1.270281
   21 	 1.000000 	 1.009009 	 1.270281
   22 	 0.140645 	 0.999191 	 1.270281
   23 	 1.000000 	 1.009009 	 1.270281
   24 	 1.000000 	 1.009009 	 1.270281
   25 	 0.009447 	 0.987995 	 1.270281
   26 	 0.140645 	 0.990182 	 1.270281
   27 	 0.000565 	 0.987847 	 1.270281
   28 	 1.000000 	 1.000000 	 1.000000
   29 	 1.000000 	 1.000000 	 1.000000
   30 	 1.000000 	 1.000000 	 1.000000
   31 	 0.009447 	 0.983491 	 1.000000
   32 	 1.000000 	 1.000000 	 1.000000
   33 	 0.140645 	 0.985677 	 1.000000
   34 	 1.000000 	 1.000000 	 1.000000
   35 	 1.000000 	 1.000000 	 1.000000
   36 	 0.002379 	 0.983373 	 1.000000
   37 	 1.000000 	 1.000000 	 1.000000
   38 	 1.000000 	 1.000000 	 1.000000
   39 	 1.000000 	 1.000000 	 1.000000
   40 	 0.002379 	 0.983373 	 1.000000
   41 	 1.000000 	 1.000000 	 1.000000
   42 	 0.132387 	 0.985540 	 1.000000
   43 	 1.000000 	 1.000000 	 1.000000
   44 	 1.000000 	 1.000000 	 1.000000
   45 	 1.000000 	 1.000000 	 1.000000
   46 	 1.000000 	 1.000000 	 1.000000
   47 	 1.000000 	 1.000000 	 1.000000
   48 	 1.000000 	 1.000000 	 1.000000
   49 	 1.000000 	 1.000000 	 1.000000
   50 	 0.009095 	 0.983485 	 1.000000
   51 	 0.009447 	 0.983491 	 1.000000
   52 	 0.009447 	 0.983491 	 1.000000
   53 	 1.000000 	 1.000000 	 1.000000
   54 	 0.009095 	 0.966976 	 1.000000
   55 	 1.000000 	 1.000000 	 1.000000
   56 	 1.000000 	 1.000000 	 1.000000
   57 	 0.000565 	 0.983343 	 1.000000
   58 	 1.000000 	 1.000000 	 1.000000
   59 	 0.002379 	 0.983661 	 1.017260
   60 	 1.000000 	 1.000575 	 1.017260
   61 	 1.000000 	 1.001151 	 1.017260
   62 	 1.000000 	 1.000575 	 1.017260
   63 	 1.000000 	 1.000575 	 1.017260
   64 	 0.009447 	 0.983491 	 1.000000
   65 	 0.000565 	 0.983343 	 1.000000
   66 	 0.132387 	 0.985540 	 1.000000
   67 	 1.000000 	 1.000000 	 1.000000
   68 	 1.000000 	 1.000000 	 1.000000
   69 	 1.000000 	 1.000000 	 1.000000
   70 	 1.000000 	 1.004505 	 1.270281
   71 	 1.000000 	 1.000000 	 1.000000
   72 	 1.000000 	 1.000000 	 1.000000
   73 	 1.000000 	 1.000000 	 1.000000
   74 	 1.000000 	 1.000000 	 1.000000
   75 	 0.009095 	 0.983485 	 1.000000
   76 	 0.000565 	 0.966834 	 1.000000
   77 	 0.002379 	 0.983373 	 1.000000
   78 	 1.000000 	 1.000000 	 1.000000
   79 	 1.000000 	 1.000000 	 1.000000
 