   0 	 0.000267 	 0.074422 	 1.059646
    1 	 0.004221 	 0.741215 	 1.059646
    2 	 0.081942 	 0.925800 	 1.059646
    3 	 0.002533 	 0.957245 	 1.059646
    4 	 0.003724 	 0.952033 	 1.059646
    5 	 0.379018 	 1.009254 	 1.059646
    6 	 0.887332 	 1.020069 	 1.059646
    7 	 0.379018 	 1.012701 	 1.059646
    8 	 0.887332 	 1.022743 	 1.059646
    9 	 0.391576 	 1.011477 	 1.059646
   10 	 0.391576 	 1.009514 	 1.059646
   11 	 0.391576 	 1.001028 	 1.059646
   12 	 0.391576 	 1.019785 	 1.059646
   13 	 0.391576 	 1.021460 	 1.059646
   14 	 0.028700 	 1.006631 	 1.059646
   15 	 0.379018 	 1.021982 	 1.059646
   16 	 0.028700 	 1.014443 	 1.059646
   17 	 1.000000 	 1.028093 	 1.059646
   18 	 0.009447 	 1.008158 	 1.059646
   19 	 0.003724 	 0.993030 	 1.059646
   20 	 0.379018 	 1.009503 	 1.059646
   21 	 0.379018 	 1.005396 	 1.059646
   22 	 0.132387 	 0.998015 	 1.059646
   23 	 0.379018 	 1.001707 	 1.059646
   24 	 0.379018 	 0.999850 	 1.059646
   25 	 1.000000 	 1.009336 	 1.059646
   26 	 1.000000 	 1.011612 	 1.059646
   27 	 0.048813 	 0.994190 	 1.059646
   28 	 0.009095 	 0.993371 	 1.059646
   29 	 1.000000 	 1.010462 	 1.059646
   30 	 0.000565 	 0.959705 	 1.059646
   31 	 0.379018 	 1.000268 	 1.059646
   32 	 0.379018 	 0.977268 	 1.059646
   33 	 1.000000 	 1.013025 	 1.059646
   34 	 0.002236 	 0.997678 	 1.059646
   35 	 0.003724 	 0.998121 	 1.059646
   36 	 0.379018 	 1.005920 	 1.059646
   37 	 0.379018 	 1.006102 	 1.059646
   38 	 0.010820 	 0.994167 	 1.059646
   39 	 0.379018 	 1.013217 	 1.059646
   40 	 0.002236 	 0.998864 	 1.059646
   41 	 0.379018 	 1.018632 	 1.059646
   42 	 0.008432 	 1.011749 	 1.059646
   43 	 1.017260 	 1.029976 	 1.059646
   44 	 1.017260 	 1.026444 	 1.059646
   45 	 0.379018 	 1.012980 	 1.059646
   46 	 0.048813 	 1.004651 	 1.059646
   47 	 0.000962 	 1.004560 	 1.059646
   48 	 0.239166 	 1.008530 	 1.059646
   49 	 0.002236 	 1.003169 	 1.059646
   50 	 0.002236 	 1.003169 	 1.059646
   51 	 0.002236 	 1.005288 	 1.059646
   52 	 1.017260 	 1.022205 	 1.059646
   53 	 0.239166 	 1.007117 	 1.059646
   54 	 0.239166 	 1.008530 	 1.059646
   55 	 0.002236 	 1.002462 	 1.059646
   56 	 0.003724 	 0.988465 	 1.059646
   57 	 0.391576 	 1.011070 	 1.059646
   58 	 0.391576 	 1.011070 	 1.059646
   59 	 0.391576 	 1.008951 	 1.059646
   60 	 1.017260 	 1.018673 	 1.059646
   61 	 1.017260 	 1.019379 	 1.059646
   62 	 0.003724 	 0.989519 	 1.059646
   63 	 0.391576 	 1.009658 	 1.059646
   64 	 1.017260 	 1.023618 	 1.059646
   65 	 1.017260 	 1.024324 	 1.059646
   66 	 1.017260 	 1.025737 	 1.059646
   67 	 1.017260 	 1.022911 	 1.059646
   68 	 1.017260 	 1.021499 	 1.059646
   69 	 0.048813 	 1.003945 	 1.059646
   70 	 0.028700 	 1.003610 	 1.059646
   71 	 0.003724 	 0.991350 	 1.059646
   72 	 0.028700 	 1.005441 	 1.059646
   73 	 0.048813 	 0.993439 	 1.059646
   74 	 1.000000 	 1.021630 	 1.059646
   75 	 0.002236 	 1.003169 	 1.059646
   76 	 0.000962 	 1.003854 	 1.059646
   77 	 1.017260 	 1.020086 	 1.059646
   78 	 1.017260 	 1.022205 	 1.059646
   79 	 1.017260 	 1.023618 	 1.059646
 