   0 	 0.000426 	 0.330894 	 16.400538
    1 	 0.002311 	 13.992303 	 16.400538
    2 	 0.429459 	 15.876584 	 16.400538
    3 	 16.400538 	 16.400538 	 16.400538
    4 	 0.026436 	 16.127636 	 16.400538
    5 	 16.400538 	 16.400538 	 16.400538
    6 	 16.400538 	 16.400538 	 16.400538
    7 	 0.009095 	 15.855814 	 16.400538
    8 	 16.400538 	 16.400538 	 16.400538
    9 	 0.934378 	 16.142768 	 16.400538
   10 	 0.240560 	 16.131205 	 16.400538
   11 	 0.002328 	 16.127234 	 16.400538
   12 	 0.005599 	 16.127289 	 16.400538
   13 	 16.400538 	 16.400538 	 16.400538
   14 	 16.400538 	 16.400538 	 16.400538
   15 	 16.400538 	 16.400538 	 16.400538
   16 	 16.400538 	 16.400538 	 16.400538
   17 	 16.400538 	 16.400538 	 16.400538
   18 	 16.400538 	 16.400538 	 16.400538
   19 	 16.400538 	 16.400538 	 16.400538
   20 	 16.400538 	 16.400538 	 16.400538
   21 	 0.009447 	 16.127353 	 16.400538
   22 	 16.400538 	 16.400538 	 16.400538
   23 	 16.400538 	 16.400538 	 16.400538
   24 	 16.400538 	 16.400538 	 16.400538
   25 	 16.400538 	 16.400538 	 16.400538
   26 	 0.009095 	 16.127347 	 16.400538
   27 	 16.400538 	 16.400538 	 16.400538
   28 	 0.009095 	 15.858014 	 16.400538
   29 	 0.042090 	 16.127897 	 16.400538
   30 	 16.400538 	 16.400538 	 16.400538
   31 	 0.005599 	 15.854387 	 16.400538
   32 	 16.400538 	 16.400538 	 16.400538
   33 	 0.005599 	 15.869519 	 16.400538
   34 	 16.400538 	 16.400538 	 16.400538
   35 	 16.400538 	 16.400538 	 16.400538
   36 	 0.009447 	 16.127353 	 16.400538
   37 	 16.400538 	 16.400538 	 16.400538
   38 	 0.026436 	 16.127636 	 16.400538
   39 	 0.108574 	 15.857472 	 16.400538
   40 	 0.108574 	 16.129005 	 16.400538
   41 	 0.240560 	 16.131205 	 16.400538
   42 	 0.009447 	 15.854712 	 16.400538
   43 	 0.108574 	 15.871236 	 16.400538
   44 	 16.400538 	 16.400538 	 16.400538
   45 	 16.400538 	 16.400538 	 16.400538
   46 	 0.005599 	 15.854098 	 16.400538
   47 	 0.009447 	 16.127353 	 16.400538
   48 	 0.002328 	 15.581431 	 16.400538
   49 	 0.002328 	 15.854043 	 16.400538
   50 	 16.400538 	 16.400538 	 16.400538
   51 	 0.009447 	 16.127353 	 16.400538
   52 	 16.400538 	 16.400538 	 16.400538
   53 	 0.005599 	 15.854648 	 16.400538
   54 	 0.108574 	 16.129005 	 16.400538
   55 	 0.042090 	 16.127897 	 16.400538
   56 	 0.009447 	 16.127353 	 16.400538
   57 	 0.186696 	 16.130307 	 16.400538
   58 	 0.009447 	 16.127353 	 16.400538
   59 	 16.400538 	 16.400538 	 16.400538
   60 	 16.400538 	 16.400538 	 16.400538
   61 	 0.026436 	 16.127636 	 16.400538
   62 	 16.400538 	 16.400538 	 16.400538
   63 	 0.002328 	 15.583755 	 16.400538
   64 	 16.400538 	 16.400538 	 16.400538
   65 	 16.400538 	 16.400538 	 16.400538
   66 	 16.400538 	 16.400538 	 16.400538
   67 	 16.400538 	 16.400538 	 16.400538
   68 	 16.400538 	 16.400538 	 16.400538
   69 	 0.026436 	 16.127636 	 16.400538
   70 	 16.400538 	 16.400538 	 16.400538
   71 	 16.400538 	 16.400538 	 16.400538
   72 	 16.400538 	 16.400538 	 16.400538
   73 	 16.400538 	 16.400538 	 16.400538
   74 	 0.009447 	 16.127353 	 16.400538
   75 	 16.400538 	 16.400538 	 16.400538
   76 	 0.009095 	 16.127347 	 16.400538
   77 	 0.002328 	 15.853985 	 16.400538
   78 	 0.009095 	 16.127347 	 16.400538
   79 	 0.186696 	 15.872538 	 16.400538
 