   0 	 0.000444 	 0.453144 	 16.400538
    1 	 0.001304 	 10.536111 	 16.400538
    2 	 0.026400 	 12.715107 	 16.400538
    3 	 6.947506 	 15.297684 	 16.400538
    4 	 6.947506 	 15.927886 	 16.400538
    5 	 0.934378 	 15.985218 	 16.400538
    6 	 0.240560 	 16.131205 	 16.400538
    7 	 16.400538 	 16.400538 	 16.400538
    8 	 0.026436 	 15.869867 	 16.400538
    9 	 16.400538 	 16.400538 	 16.400538
   10 	 16.400538 	 16.400538 	 16.400538
   11 	 0.934378 	 16.142768 	 16.400538
   12 	 16.400538 	 16.400538 	 16.400538
   13 	 0.026436 	 16.127636 	 16.400538
   14 	 16.400538 	 16.400538 	 16.400538
   15 	 16.400538 	 16.400538 	 16.400538
   16 	 0.108574 	 16.129005 	 16.400538
   17 	 16.400538 	 16.400538 	 16.400538
   18 	 0.108574 	 16.129005 	 16.400538
   19 	 16.400538 	 16.400538 	 16.400538
   20 	 16.400538 	 16.400538 	 16.400538
   21 	 16.400538 	 16.400538 	 16.400538
   22 	 0.934378 	 16.142768 	 16.400538
   23 	 16.400538 	 16.400538 	 16.400538
   24 	 0.240560 	 16.131205 	 16.400538
   25 	 0.002328 	 16.127234 	 16.400538
   26 	 16.400538 	 16.400538 	 16.400538
   27 	 0.002328 	 16.127234 	 16.400538
   28 	 0.005599 	 16.127289 	 16.400538
   29 	 16.400538 	 16.400538 	 16.400538
   30 	 16.400538 	 16.400538 	 16.400538
   31 	 16.400538 	 16.400538 	 16.400538
   32 	 16.400538 	 16.400538 	 16.400538
   33 	 0.009447 	 15.854712 	 16.400538
   34 	 16.400538 	 16.400538 	 16.400538
   35 	 16.400538 	 16.400538 	 16.400538
   36 	 16.400538 	 16.400538 	 16.400538
   37 	 0.005599 	 15.854387 	 16.400538
   38 	 0.026436 	 15.856103 	 16.400538
   39 	 0.005599 	 15.854387 	 16.400538
   40 	 0.002328 	 16.127234 	 16.400538
   41 	 0.009095 	 15.581521 	 16.400538
   42 	 0.002328 	 15.854593 	 16.400538
   43 	 16.400538 	 16.400538 	 16.400538
   44 	 0.240560 	 16.131205 	 16.400538
   45 	 0.009447 	 16.127353 	 16.400538
   46 	 16.400538 	 16.400538 	 16.400538
   47 	 16.400538 	 16.400538 	 16.400538
   48 	 16.400538 	 16.400538 	 16.400538
   49 	 0.005599 	 15.869519 	 16.400538
   50 	 16.400538 	 16.400538 	 16.400538
   51 	 16.400538 	 16.400538 	 16.400538
   52 	 16.400538 	 16.400538 	 16.400538
   53 	 0.002328 	 15.854332 	 16.400538
   54 	 16.400538 	 16.400538 	 16.400538
   55 	 0.240560 	 16.131205 	 16.400538
   56 	 0.002328 	 15.869465 	 16.400538
   57 	 16.400538 	 16.400538 	 16.400538
   58 	 16.400538 	 16.400538 	 16.400538
   59 	 0.042090 	 16.127897 	 16.400538
   60 	 16.400538 	 16.400538 	 16.400538
   61 	 16.400538 	 16.400538 	 16.400538
   62 	 16.400538 	 16.400538 	 16.400538
   63 	 16.400538 	 16.400538 	 16.400538
   64 	 16.400538 	 16.400538 	 16.400538
   65 	 16.400538 	 16.400538 	 16.400538
   66 	 0.005599 	 15.580849 	 16.400538
   67 	 16.400538 	 16.400538 	 16.400538
   68 	 16.400538 	 16.400538 	 16.400538
   69 	 16.400538 	 16.400538 	 16.400538
   70 	 16.400538 	 16.400538 	 16.400538
   71 	 16.400538 	 16.400538 	 16.400538
   72 	 16.400538 	 16.400538 	 16.400538
   73 	 0.026436 	 16.127636 	 16.400538
   74 	 16.400538 	 16.400538 	 16.400538
   75 	 0.026436 	 16.127636 	 16.400538
   76 	 0.002328 	 16.127234 	 16.400538
   77 	 16.400538 	 16.400538 	 16.400538
   78 	 16.400538 	 16.400538 	 16.400538
   79 	 16.400538 	 16.400538 	 16.400538
 