   0 	 0.000256 	 0.434208 	 16.400538
    1 	 0.001165 	 10.457618 	 16.400538
    2 	 0.010024 	 14.363080 	 16.400538
    3 	 0.009095 	 14.865188 	 16.400538
    4 	 0.005599 	 15.969738 	 16.400538
    5 	 16.400538 	 16.400538 	 16.400538
    6 	 16.400538 	 16.400538 	 16.400538
    7 	 16.400538 	 16.400538 	 16.400538
    8 	 16.400538 	 16.400538 	 16.400538
    9 	 16.400538 	 16.400538 	 16.400538
   10 	 0.009447 	 16.127353 	 16.400538
   11 	 16.400538 	 16.400538 	 16.400538
   12 	 16.400538 	 16.400538 	 16.400538
   13 	 16.400538 	 16.400538 	 16.400538
   14 	 0.009095 	 16.127347 	 16.400538
   15 	 16.400538 	 16.400538 	 16.400538
   16 	 0.002328 	 15.583061 	 16.400538
   17 	 16.400538 	 16.400538 	 16.400538
   18 	 16.400538 	 16.400538 	 16.400538
   19 	 16.400538 	 16.400538 	 16.400538
   20 	 16.400538 	 16.400538 	 16.400538
   21 	 0.009095 	 15.869578 	 16.400538
   22 	 0.005599 	 15.869519 	 16.400538
   23 	 16.400538 	 16.400538 	 16.400538
   24 	 16.400538 	 16.400538 	 16.400538
   25 	 0.042090 	 16.127897 	 16.400538
   26 	 0.005599 	 15.854104 	 16.400538
   27 	 0.934378 	 16.142768 	 16.400538
   28 	 16.400538 	 16.400538 	 16.400538
   29 	 0.934378 	 16.142768 	 16.400538
   30 	 16.400538 	 16.400538 	 16.400538
   31 	 0.002328 	 16.127234 	 16.400538
   32 	 0.026436 	 15.857405 	 16.400538
   33 	 0.002328 	 16.127234 	 16.400538
   34 	 16.400538 	 16.400538 	 16.400538
   35 	 0.009095 	 16.127347 	 16.400538
   36 	 16.400538 	 16.400538 	 16.400538
   37 	 0.002328 	 15.855701 	 16.400538
   38 	 16.400538 	 16.400538 	 16.400538
   39 	 0.009095 	 15.314593 	 16.400538
   40 	 0.240560 	 16.131205 	 16.400538
   41 	 16.400538 	 16.400538 	 16.400538
   42 	 16.400538 	 16.400538 	 16.400538
   43 	 16.400538 	 16.400538 	 16.400538
   44 	 0.009095 	 15.858014 	 16.400538
   45 	 0.005599 	 15.854648 	 16.400538
   46 	 16.400538 	 16.400538 	 16.400538
   47 	 16.400538 	 16.400538 	 16.400538
   48 	 16.400538 	 16.400538 	 16.400538
   49 	 0.002328 	 15.854593 	 16.400538
   50 	 0.240560 	 16.131205 	 16.400538
   51 	 0.002328 	 16.127234 	 16.400538
   52 	 0.009447 	 15.858020 	 16.400538
   53 	 0.240560 	 16.131205 	 16.400538
   54 	 16.400538 	 16.400538 	 16.400538
   55 	 16.400538 	 16.400538 	 16.400538
   56 	 0.009447 	 16.127353 	 16.400538
   57 	 0.002328 	 16.127234 	 16.400538
   58 	 16.400538 	 16.400538 	 16.400538
   59 	 16.400538 	 16.400538 	 16.400538
   60 	 16.400538 	 16.400538 	 16.400538
   61 	 16.400538 	 16.400538 	 16.400538
   62 	 0.009095 	 15.857116 	 16.400538
   63 	 16.400538 	 16.400538 	 16.400538
   64 	 16.400538 	 16.400538 	 16.400538
   65 	 0.934378 	 16.142768 	 16.400538
   66 	 0.186696 	 16.130307 	 16.400538
   67 	 0.009095 	 16.127347 	 16.400538
   68 	 0.240560 	 16.131205 	 16.400538
   69 	 0.108574 	 16.129005 	 16.400538
   70 	 16.400538 	 16.400538 	 16.400538
   71 	 0.108574 	 15.858774 	 16.400538
   72 	 16.400538 	 16.400538 	 16.400538
   73 	 16.400538 	 16.400538 	 16.400538
   74 	 16.400538 	 16.400538 	 16.400538
   75 	 0.026436 	 15.854995 	 16.400538
   76 	 16.400538 	 16.400538 	 16.400538
   77 	 16.400538 	 16.400538 	 16.400538
   78 	 0.108574 	 16.129005 	 16.400538
   79 	 16.400538 	 16.400538 	 16.400538
 