   0 	 0.000380 	 0.032550 	 0.508205
    1 	 0.002355 	 0.242311 	 0.508205
    2 	 0.002526 	 0.367198 	 0.508205
    3 	 0.000643 	 0.364964 	 0.508205
    4 	 0.001144 	 0.396585 	 0.508205
    5 	 0.001673 	 0.428443 	 0.508205
    6 	 0.001144 	 0.443929 	 0.508205
    7 	 0.045901 	 0.465088 	 0.508205
    8 	 0.001051 	 0.442521 	 0.508205
    9 	 0.397109 	 0.498939 	 0.508205
   10 	 0.008360 	 0.461146 	 0.508205
   11 	 0.410223 	 0.505576 	 0.508205
   12 	 0.410223 	 0.505410 	 0.508205
   13 	 0.008360 	 0.490547 	 0.508205
   14 	 0.002526 	 0.490992 	 0.508205
   15 	 0.498248 	 0.507043 	 0.508205
   16 	 0.498248 	 0.506877 	 0.508205
   17 	 0.498248 	 0.506877 	 0.508205
   18 	 0.498248 	 0.507375 	 0.508205
   19 	 0.040893 	 0.499586 	 0.508205
   20 	 0.498248 	 0.507375 	 0.508205
   21 	 0.498248 	 0.507375 	 0.508205
   22 	 0.004286 	 0.498976 	 0.508205
   23 	 0.498248 	 0.506877 	 0.508205
   24 	 0.498248 	 0.507375 	 0.508205
   25 	 0.498248 	 0.507541 	 0.508205
   26 	 0.498248 	 0.508039 	 0.508205
   27 	 0.001051 	 0.499586 	 0.508205
   28 	 0.028920 	 0.500051 	 0.508205
   29 	 0.498248 	 0.507873 	 0.508205
   30 	 0.498248 	 0.507707 	 0.508205
   31 	 0.498248 	 0.507873 	 0.508205
   32 	 0.028920 	 0.499387 	 0.508205
   33 	 0.244762 	 0.502818 	 0.508205
   34 	 0.498248 	 0.507209 	 0.508205
   35 	 0.002526 	 0.490382 	 0.508205
   36 	 0.397109 	 0.505523 	 0.508205
   37 	 0.040893 	 0.486580 	 0.508205
   38 	 0.040893 	 0.494864 	 0.508205
   39 	 0.085328 	 0.500161 	 0.508205
   40 	 0.498248 	 0.507375 	 0.508205
   41 	 0.008360 	 0.498214 	 0.508205
   42 	 0.498248 	 0.506711 	 0.508205
   43 	 0.498248 	 0.507375 	 0.508205
   44 	 0.498248 	 0.507541 	 0.508205
   45 	 0.498248 	 0.507541 	 0.508205
   46 	 0.498248 	 0.507541 	 0.508205
   47 	 0.498248 	 0.507375 	 0.508205
   48 	 0.498248 	 0.507043 	 0.508205
   49 	 0.028920 	 0.499055 	 0.508205
   50 	 0.498248 	 0.507375 	 0.508205
   51 	 0.244762 	 0.502652 	 0.508205
   52 	 0.498248 	 0.506877 	 0.508205
   53 	 0.028920 	 0.499055 	 0.508205
   54 	 0.498248 	 0.506877 	 0.508205
   55 	 0.498248 	 0.507043 	 0.508205
   56 	 0.004286 	 0.494420 	 0.508205
   57 	 0.002526 	 0.470859 	 0.508205
   58 	 0.008360 	 0.486035 	 0.508205
   59 	 0.001051 	 0.498590 	 0.508205
   60 	 0.498248 	 0.507541 	 0.508205
   61 	 0.010702 	 0.499581 	 0.508205
   62 	 0.508205 	 0.508205 	 0.508205
   63 	 0.508205 	 0.508205 	 0.508205
   64 	 0.004286 	 0.491475 	 0.508205
   65 	 0.508205 	 0.508205 	 0.508205
   66 	 0.508205 	 0.508205 	 0.508205
   67 	 0.508205 	 0.508205 	 0.508205
   68 	 0.508205 	 0.508205 	 0.508205
   69 	 0.001051 	 0.491421 	 0.508205
   70 	 0.028920 	 0.486121 	 0.508205
   71 	 0.085328 	 0.494109 	 0.508205
   72 	 0.085328 	 0.500825 	 0.508205
   73 	 0.040893 	 0.500084 	 0.508205
   74 	 0.498248 	 0.507873 	 0.508205
   75 	 0.508205 	 0.508205 	 0.508205
   76 	 0.508205 	 0.508205 	 0.508205
   77 	 0.002526 	 0.499777 	 0.508205
   78 	 0.085328 	 0.494109 	 0.508205
   79 	 0.508205 	 0.508205 	 0.508205
 