   0 	 0.000303 	 0.026699 	 0.511952
    1 	 0.003204 	 0.212772 	 0.848770
    2 	 0.001962 	 0.395972 	 0.848770
    3 	 0.118089 	 0.530911 	 0.848770
    4 	 0.020353 	 0.538127 	 0.848770
    5 	 0.038204 	 0.611049 	 0.848770
    6 	 0.038204 	 0.646483 	 0.848770
    7 	 0.020353 	 0.644393 	 0.848770
    8 	 0.020353 	 0.707927 	 0.848770
    9 	 0.024899 	 0.736955 	 0.848770
   10 	 0.000992 	 0.769169 	 0.848770
   11 	 0.001304 	 0.798135 	 0.848770
   12 	 0.039488 	 0.824055 	 0.848770
   13 	 0.007874 	 0.802472 	 0.848770
   14 	 0.002641 	 0.834668 	 0.848770
   15 	 0.848770 	 0.848770 	 0.848770
   16 	 0.848770 	 0.848770 	 0.848770
   17 	 0.848770 	 0.848770 	 0.848770
   18 	 0.183891 	 0.837689 	 0.848770
   19 	 0.183891 	 0.837689 	 0.848770
   20 	 0.059148 	 0.802366 	 0.848770
   21 	 0.848770 	 0.848770 	 0.848770
   22 	 0.059148 	 0.835610 	 0.848770
   23 	 0.004504 	 0.834699 	 0.848770
   24 	 0.848770 	 0.848770 	 0.848770
   25 	 0.848770 	 0.848770 	 0.848770
   26 	 0.004504 	 0.820684 	 0.848770
   27 	 0.118089 	 0.825511 	 0.848770
   28 	 0.077073 	 0.823731 	 0.848770
   29 	 0.077073 	 0.835909 	 0.848770
   30 	 0.848770 	 0.848770 	 0.848770
   31 	 0.077073 	 0.835909 	 0.848770
   32 	 0.077073 	 0.835909 	 0.848770
   33 	 0.848770 	 0.848770 	 0.848770
   34 	 0.118089 	 0.836592 	 0.848770
   35 	 0.848770 	 0.848770 	 0.848770
   36 	 0.001962 	 0.834657 	 0.848770
   37 	 0.039488 	 0.835282 	 0.848770
   38 	 0.848770 	 0.848770 	 0.848770
   39 	 0.848770 	 0.848770 	 0.848770
   40 	 0.002641 	 0.834668 	 0.848770
   41 	 0.039488 	 0.835282 	 0.848770
   42 	 0.001962 	 0.834657 	 0.848770
   43 	 0.848770 	 0.848770 	 0.848770
   44 	 0.004504 	 0.820684 	 0.848770
   45 	 0.118089 	 0.836592 	 0.848770
   46 	 0.848770 	 0.848770 	 0.848770
   47 	 0.848770 	 0.848770 	 0.848770
   48 	 0.848770 	 0.848770 	 0.848770
   49 	 0.848770 	 0.848770 	 0.848770
   50 	 0.001962 	 0.822479 	 0.848770
   51 	 0.848770 	 0.848770 	 0.848770
   52 	 0.004504 	 0.834699 	 0.848770
   53 	 0.118089 	 0.825511 	 0.848770
   54 	 0.848770 	 0.848770 	 0.848770
   55 	 0.001962 	 0.834657 	 0.848770
   56 	 0.154298 	 0.837196 	 0.848770
   57 	 0.118089 	 0.836592 	 0.848770
   58 	 0.118089 	 0.824790 	 0.848770
   59 	 0.848770 	 0.848770 	 0.848770
   60 	 0.848770 	 0.848770 	 0.848770
   61 	 0.007874 	 0.834755 	 0.848770
   62 	 0.848770 	 0.848770 	 0.848770
   63 	 0.848770 	 0.848770 	 0.848770
   64 	 0.848770 	 0.848770 	 0.848770
   65 	 0.848770 	 0.848770 	 0.848770
   66 	 0.039488 	 0.822122 	 0.848770
   67 	 0.001962 	 0.834657 	 0.848770
   68 	 0.002641 	 0.823587 	 0.848770
   69 	 0.848770 	 0.848770 	 0.848770
   70 	 0.848770 	 0.848770 	 0.848770
   71 	 0.848770 	 0.848770 	 0.848770
   72 	 0.118089 	 0.836592 	 0.848770
   73 	 0.848770 	 0.848770 	 0.848770
   74 	 0.848770 	 0.848770 	 0.848770
   75 	 0.039488 	 0.835282 	 0.848770
   76 	 0.848770 	 0.848770 	 0.848770
   77 	 0.848770 	 0.848770 	 0.848770
   78 	 0.848770 	 0.848770 	 0.848770
   79 	 0.001962 	 0.834657 	 0.848770
 