   0 	 0.002490 	 0.004535 	 0.015715
    1 	 0.002373 	 0.005034 	 0.016035
    2 	 0.002849 	 0.005995 	 0.021054
    3 	 0.003038 	 0.007846 	 0.023090
    4 	 0.003224 	 0.009441 	 0.023176
    5 	 0.003510 	 0.010966 	 0.022639
    6 	 0.004219 	 0.012781 	 0.023571
    7 	 0.004215 	 0.015355 	 0.029141
    8 	 0.005927 	 0.016601 	 0.032288
    9 	 0.005807 	 0.017572 	 0.030702
   10 	 0.009077 	 0.019720 	 0.030588
   11 	 0.009510 	 0.020741 	 0.029519
   12 	 0.010740 	 0.020937 	 0.033561
   13 	 0.010984 	 0.021837 	 0.032554
   14 	 0.010977 	 0.022345 	 0.035207
   15 	 0.012158 	 0.023625 	 0.036737
   16 	 0.013470 	 0.025078 	 0.039663
   17 	 0.010400 	 0.025687 	 0.042180
   18 	 0.014700 	 0.028031 	 0.044659
   19 	 0.016017 	 0.028689 	 0.044337
   20 	 0.017355 	 0.029861 	 0.044007
   21 	 0.016000 	 0.031197 	 0.046065
   22 	 0.024266 	 0.032953 	 0.046319
   23 	 0.023639 	 0.032752 	 0.045514
   24 	 0.024184 	 0.033585 	 0.044413
   25 	 0.014535 	 0.035639 	 0.044388
   26 	 0.014382 	 0.036847 	 0.045421
   27 	 0.020119 	 0.037414 	 0.044037
   28 	 0.019762 	 0.037751 	 0.044626
   29 	 0.024846 	 0.039377 	 0.045824
   30 	 0.026043 	 0.040118 	 0.046299
   31 	 0.035934 	 0.040731 	 0.044372
   32 	 0.034974 	 0.040369 	 0.044885
   33 	 0.036127 	 0.040281 	 0.044876
   34 	 0.020258 	 0.039452 	 0.046403
   35 	 0.022319 	 0.040445 	 0.046872
   36 	 0.029178 	 0.040445 	 0.046210
   37 	 0.020059 	 0.040819 	 0.046726
   38 	 0.019803 	 0.040416 	 0.046236
   39 	 0.018213 	 0.040453 	 0.047648
   40 	 0.032336 	 0.041100 	 0.047011
   41 	 0.017010 	 0.040547 	 0.046832
   42 	 0.022409 	 0.040835 	 0.046725
   43 	 0.022141 	 0.041149 	 0.045976
   44 	 0.022358 	 0.040913 	 0.046407
   45 	 0.035727 	 0.041901 	 0.050799
   46 	 0.037648 	 0.042442 	 0.052236
   47 	 0.037695 	 0.042270 	 0.054203
   48 	 0.021789 	 0.042288 	 0.055426
   49 	 0.037190 	 0.042721 	 0.056637
   50 	 0.037726 	 0.043441 	 0.058750
   51 	 0.036396 	 0.043567 	 0.059079
   52 	 0.036040 	 0.043962 	 0.058004
   53 	 0.018269 	 0.043861 	 0.059555
   54 	 0.018308 	 0.044320 	 0.058594
   55 	 0.017801 	 0.044114 	 0.059817
   56 	 0.013690 	 0.044785 	 0.069847
   57 	 0.034012 	 0.046223 	 0.058364
   58 	 0.038592 	 0.047251 	 0.062511
   59 	 0.032849 	 0.047259 	 0.062328
   60 	 0.037524 	 0.048114 	 0.058286
   61 	 0.035914 	 0.047693 	 0.060781
   62 	 0.036370 	 0.049144 	 0.060043
   63 	 0.034789 	 0.049154 	 0.060243
   64 	 0.039210 	 0.050372 	 0.060601
   65 	 0.038144 	 0.050985 	 0.061486
   66 	 0.040180 	 0.052092 	 0.060450
   67 	 0.038629 	 0.051984 	 0.061257
   68 	 0.046780 	 0.053642 	 0.060948
   69 	 0.047718 	 0.054550 	 0.061799
   70 	 0.046313 	 0.054316 	 0.060193
   71 	 0.046698 	 0.054484 	 0.060344
   72 	 0.047516 	 0.055007 	 0.061428
   73 	 0.047602 	 0.055567 	 0.061439
   74 	 0.040090 	 0.055799 	 0.061461
   75 	 0.039223 	 0.055829 	 0.061688
   76 	 0.046807 	 0.057406 	 0.061391
   77 	 0.041159 	 0.057457 	 0.061608
   78 	 0.040632 	 0.057978 	 0.061837
   79 	 0.041304 	 0.057988 	 0.062571
 