   0 	 0.002439 	 0.004421 	 0.008976
    1 	 0.002302 	 0.004807 	 0.008935
    2 	 0.002871 	 0.005317 	 0.010099
    3 	 0.003242 	 0.005925 	 0.011721
    4 	 0.003383 	 0.006689 	 0.012731
    5 	 0.003143 	 0.007377 	 0.014351
    6 	 0.003808 	 0.008089 	 0.015971
    7 	 0.004061 	 0.008724 	 0.016242
    8 	 0.004156 	 0.009219 	 0.016342
    9 	 0.004402 	 0.009271 	 0.015856
   10 	 0.006695 	 0.010033 	 0.021029
   11 	 0.005610 	 0.010110 	 0.020939
   12 	 0.005891 	 0.010944 	 0.031976
   13 	 0.007039 	 0.013267 	 0.059571
   14 	 0.006398 	 0.017699 	 0.068606
   15 	 0.005793 	 0.026480 	 0.070728
   16 	 0.009519 	 0.038797 	 0.079459
   17 	 0.010334 	 0.046794 	 0.094294
   18 	 0.015255 	 0.050354 	 0.091015
   19 	 0.016316 	 0.054004 	 0.092912
   20 	 0.016753 	 0.061123 	 0.088270
   21 	 0.025462 	 0.064952 	 0.112094
   22 	 0.039979 	 0.066615 	 0.123257
   23 	 0.014442 	 0.068893 	 0.123635
   24 	 0.028542 	 0.072991 	 0.105876
   25 	 0.017627 	 0.073829 	 0.123226
   26 	 0.017750 	 0.077628 	 0.122657
   27 	 0.025966 	 0.077645 	 0.115178
   28 	 0.014603 	 0.079834 	 0.119873
   29 	 0.019100 	 0.081382 	 0.110949
   30 	 0.017498 	 0.081580 	 0.113596
   31 	 0.018088 	 0.083287 	 0.108328
   32 	 0.018468 	 0.083898 	 0.129185
   33 	 0.018512 	 0.088622 	 0.122958
   34 	 0.071015 	 0.096252 	 0.143485
   35 	 0.071514 	 0.095480 	 0.120326
   36 	 0.034745 	 0.092715 	 0.123957
   37 	 0.072918 	 0.093212 	 0.122460
   38 	 0.068691 	 0.091757 	 0.128142
   39 	 0.021405 	 0.090000 	 0.126853
   40 	 0.071205 	 0.095498 	 0.139763
   41 	 0.027100 	 0.093167 	 0.131217
   42 	 0.024722 	 0.094813 	 0.136332
   43 	 0.068365 	 0.099546 	 0.141456
   44 	 0.065573 	 0.096538 	 0.138143
   45 	 0.061797 	 0.098142 	 0.136720
   46 	 0.072547 	 0.097691 	 0.134491
   47 	 0.021712 	 0.095879 	 0.127153
   48 	 0.021875 	 0.097128 	 0.143355
   49 	 0.018480 	 0.098569 	 0.138805
   50 	 0.018620 	 0.106300 	 0.157134
   51 	 0.025746 	 0.105558 	 0.145562
   52 	 0.027243 	 0.107084 	 0.146586
   53 	 0.015290 	 0.116523 	 0.157748
   54 	 0.084002 	 0.117974 	 0.162623
   55 	 0.022099 	 0.116346 	 0.151532
   56 	 0.055108 	 0.121241 	 0.156334
   57 	 0.047623 	 0.118351 	 0.153469
   58 	 0.077455 	 0.121956 	 0.161084
   59 	 0.079405 	 0.122504 	 0.160203
   60 	 0.087110 	 0.130283 	 0.163524
   61 	 0.056048 	 0.125498 	 0.163054
   62 	 0.106994 	 0.131712 	 0.161420
   63 	 0.089479 	 0.132521 	 0.155436
   64 	 0.109992 	 0.134830 	 0.162110
   65 	 0.108389 	 0.133976 	 0.165244
   66 	 0.027619 	 0.129356 	 0.163303
   67 	 0.043022 	 0.133680 	 0.160662
   68 	 0.050530 	 0.134758 	 0.162211
   69 	 0.115988 	 0.140322 	 0.163151
   70 	 0.106022 	 0.139759 	 0.163089
   71 	 0.027066 	 0.140827 	 0.162146
   72 	 0.103847 	 0.143820 	 0.164410
   73 	 0.036389 	 0.138651 	 0.164733
   74 	 0.054449 	 0.141474 	 0.164930
   75 	 0.055422 	 0.138658 	 0.162288
   76 	 0.056066 	 0.139529 	 0.162418
   77 	 0.027193 	 0.142448 	 0.161136
   78 	 0.048037 	 0.143828 	 0.163562
   79 	 0.117837 	 0.147234 	 0.165159
 