   0 	 0.002347 	 0.004765 	 0.011986
    1 	 0.002880 	 0.005266 	 0.014271
    2 	 0.003317 	 0.006088 	 0.012953
    3 	 0.003302 	 0.006692 	 0.014420
    4 	 0.003396 	 0.007601 	 0.014961
    5 	 0.003050 	 0.008744 	 0.014497
    6 	 0.004248 	 0.009236 	 0.017329
    7 	 0.005913 	 0.010484 	 0.017737
    8 	 0.005704 	 0.010954 	 0.017843
    9 	 0.006293 	 0.011942 	 0.023425
   10 	 0.006718 	 0.013971 	 0.033221
   11 	 0.006908 	 0.018024 	 0.033211
   12 	 0.008003 	 0.019523 	 0.047531
   13 	 0.009282 	 0.021099 	 0.046041
   14 	 0.007834 	 0.023855 	 0.060022
   15 	 0.009153 	 0.026488 	 0.061357
   16 	 0.011209 	 0.031165 	 0.064559
   17 	 0.009869 	 0.033656 	 0.068605
   18 	 0.015401 	 0.040024 	 0.070868
   19 	 0.016135 	 0.042573 	 0.077448
   20 	 0.018609 	 0.045353 	 0.078949
   21 	 0.019762 	 0.049422 	 0.093925
   22 	 0.020090 	 0.049974 	 0.087216
   23 	 0.016898 	 0.053895 	 0.086488
   24 	 0.018814 	 0.060372 	 0.087212
   25 	 0.026248 	 0.063914 	 0.089097
   26 	 0.041365 	 0.065347 	 0.087692
   27 	 0.037417 	 0.067409 	 0.085366
   28 	 0.041978 	 0.069689 	 0.090248
   29 	 0.035785 	 0.070757 	 0.089859
   30 	 0.044179 	 0.072319 	 0.090409
   31 	 0.043672 	 0.072704 	 0.090962
   32 	 0.045445 	 0.073860 	 0.097042
   33 	 0.045694 	 0.074341 	 0.095041
   34 	 0.044107 	 0.074811 	 0.115605
   35 	 0.015150 	 0.076943 	 0.125376
   36 	 0.038964 	 0.077770 	 0.120416
   37 	 0.043912 	 0.077008 	 0.119080
   38 	 0.044370 	 0.078005 	 0.117114
   39 	 0.044313 	 0.078111 	 0.115840
   40 	 0.039071 	 0.080880 	 0.121338
   41 	 0.035461 	 0.086725 	 0.122405
   42 	 0.038955 	 0.089097 	 0.120010
   43 	 0.067077 	 0.097158 	 0.127005
   44 	 0.069829 	 0.100259 	 0.123932
   45 	 0.061235 	 0.097420 	 0.120635
   46 	 0.018443 	 0.100127 	 0.126595
   47 	 0.044881 	 0.106568 	 0.126745
   48 	 0.055617 	 0.105551 	 0.141147
   49 	 0.079931 	 0.109974 	 0.136647
   50 	 0.052218 	 0.111078 	 0.151442
   51 	 0.053175 	 0.113470 	 0.149008
   52 	 0.055574 	 0.116993 	 0.161291
   53 	 0.077752 	 0.118979 	 0.159134
   54 	 0.065407 	 0.124174 	 0.151728
   55 	 0.085577 	 0.124234 	 0.151183
   56 	 0.106606 	 0.127224 	 0.154681
   57 	 0.100326 	 0.126416 	 0.160956
   58 	 0.103131 	 0.128963 	 0.152291
   59 	 0.108272 	 0.128760 	 0.155844
   60 	 0.102426 	 0.127243 	 0.153515
   61 	 0.107234 	 0.129802 	 0.166784
   62 	 0.103643 	 0.131387 	 0.161761
   63 	 0.107655 	 0.130780 	 0.155717
   64 	 0.109339 	 0.131023 	 0.155429
   65 	 0.109959 	 0.134522 	 0.159966
   66 	 0.106573 	 0.135661 	 0.160726
   67 	 0.110850 	 0.137490 	 0.163172
   68 	 0.112684 	 0.137668 	 0.161092
   69 	 0.112440 	 0.139404 	 0.163845
   70 	 0.112749 	 0.139255 	 0.167050
   71 	 0.112906 	 0.139092 	 0.161096
   72 	 0.097993 	 0.138040 	 0.157278
   73 	 0.097243 	 0.136453 	 0.164194
   74 	 0.094924 	 0.139741 	 0.163776
   75 	 0.101883 	 0.139758 	 0.162711
   76 	 0.104596 	 0.141746 	 0.164471
   77 	 0.020857 	 0.141158 	 0.169087
   78 	 0.021116 	 0.140331 	 0.162972
   79 	 0.054855 	 0.144711 	 0.164257
 