   0 	 0.002086 	 0.004519 	 0.009918
    1 	 0.001806 	 0.004735 	 0.009479
    2 	 0.002486 	 0.005458 	 0.008894
    3 	 0.002610 	 0.005799 	 0.009496
    4 	 0.002686 	 0.006064 	 0.012877
    5 	 0.003072 	 0.007120 	 0.011590
    6 	 0.003417 	 0.007489 	 0.015409
    7 	 0.004315 	 0.008525 	 0.015668
    8 	 0.005109 	 0.009233 	 0.018323
    9 	 0.005036 	 0.010154 	 0.018238
   10 	 0.006323 	 0.010536 	 0.023697
   11 	 0.006291 	 0.011699 	 0.024371
   12 	 0.005962 	 0.013772 	 0.029418
   13 	 0.006738 	 0.013605 	 0.026307
   14 	 0.006793 	 0.014357 	 0.024668
   15 	 0.008470 	 0.015088 	 0.030124
   16 	 0.005426 	 0.015636 	 0.037737
   17 	 0.005804 	 0.016011 	 0.041449
   18 	 0.005570 	 0.018411 	 0.042095
   19 	 0.005584 	 0.019157 	 0.037272
   20 	 0.005866 	 0.021650 	 0.057709
   21 	 0.012020 	 0.024943 	 0.047823
   22 	 0.012227 	 0.027088 	 0.058771
   23 	 0.014108 	 0.029228 	 0.051367
   24 	 0.014464 	 0.031748 	 0.053520
   25 	 0.011397 	 0.034938 	 0.055199
   26 	 0.015982 	 0.038553 	 0.072905
   27 	 0.017213 	 0.040758 	 0.099987
   28 	 0.014722 	 0.041951 	 0.101078
   29 	 0.014151 	 0.045647 	 0.103890
   30 	 0.014796 	 0.047497 	 0.100254
   31 	 0.024007 	 0.053083 	 0.101467
   32 	 0.030841 	 0.064570 	 0.129434
   33 	 0.038517 	 0.071106 	 0.128440
   34 	 0.038820 	 0.070393 	 0.130387
   35 	 0.035696 	 0.077287 	 0.126240
   36 	 0.037137 	 0.085121 	 0.131832
   37 	 0.049496 	 0.090951 	 0.143266
   38 	 0.017317 	 0.096604 	 0.146050
   39 	 0.049073 	 0.104340 	 0.141373
   40 	 0.052885 	 0.106755 	 0.142791
   41 	 0.052763 	 0.108964 	 0.143793
   42 	 0.018705 	 0.113193 	 0.145954
   43 	 0.042999 	 0.116540 	 0.144506
   44 	 0.040214 	 0.115755 	 0.149744
   45 	 0.039842 	 0.117262 	 0.148093
   46 	 0.067253 	 0.120800 	 0.144861
   47 	 0.064655 	 0.123317 	 0.149929
   48 	 0.069549 	 0.128349 	 0.149728
   49 	 0.070589 	 0.129685 	 0.157072
   50 	 0.013203 	 0.125276 	 0.166109
   51 	 0.019013 	 0.131169 	 0.158365
   52 	 0.022257 	 0.128869 	 0.154315
   53 	 0.022232 	 0.133384 	 0.155723
   54 	 0.088850 	 0.133730 	 0.156622
   55 	 0.014275 	 0.130958 	 0.153446
   56 	 0.036422 	 0.131311 	 0.157609
   57 	 0.091826 	 0.132688 	 0.161315
   58 	 0.014429 	 0.126285 	 0.150309
   59 	 0.105948 	 0.131919 	 0.150522
   60 	 0.112195 	 0.132802 	 0.157462
   61 	 0.111798 	 0.134312 	 0.155649
   62 	 0.086425 	 0.134944 	 0.153977
   63 	 0.090824 	 0.134710 	 0.151264
   64 	 0.089334 	 0.132524 	 0.152351
   65 	 0.022873 	 0.127218 	 0.145663
   66 	 0.033965 	 0.133536 	 0.149027
   67 	 0.121242 	 0.134991 	 0.149713
   68 	 0.121666 	 0.134945 	 0.147337
   69 	 0.118429 	 0.135543 	 0.150140
   70 	 0.122211 	 0.136127 	 0.147365
   71 	 0.121749 	 0.135256 	 0.147074
   72 	 0.121756 	 0.135713 	 0.150953
   73 	 0.115665 	 0.134401 	 0.151231
   74 	 0.125436 	 0.135380 	 0.149703
   75 	 0.121775 	 0.135810 	 0.149829
   76 	 0.124560 	 0.135735 	 0.149366
   77 	 0.121534 	 0.134218 	 0.149679
   78 	 0.109875 	 0.135310 	 0.148525
   79 	 0.097276 	 0.133240 	 0.150231
 