   0 	 0.002779 	 0.004618 	 0.013426
    1 	 0.002737 	 0.005401 	 0.009669
    2 	 0.002794 	 0.005827 	 0.015829
    3 	 0.002970 	 0.005949 	 0.011242
    4 	 0.003233 	 0.006222 	 0.011505
    5 	 0.003323 	 0.006552 	 0.014509
    6 	 0.002987 	 0.007515 	 0.023065
    7 	 0.004158 	 0.008993 	 0.022944
    8 	 0.004360 	 0.011364 	 0.029466
    9 	 0.004765 	 0.013327 	 0.033053
   10 	 0.005418 	 0.016268 	 0.039977
   11 	 0.006365 	 0.017680 	 0.040178
   12 	 0.007804 	 0.020955 	 0.042468
   13 	 0.007815 	 0.021912 	 0.043486
   14 	 0.008740 	 0.025411 	 0.044269
   15 	 0.012965 	 0.030067 	 0.046285
   16 	 0.012121 	 0.032950 	 0.046938
   17 	 0.014538 	 0.037357 	 0.073393
   18 	 0.027504 	 0.039869 	 0.050673
   19 	 0.018994 	 0.041204 	 0.058219
   20 	 0.011496 	 0.041080 	 0.059183
   21 	 0.011601 	 0.040580 	 0.071150
   22 	 0.016755 	 0.040740 	 0.075752
   23 	 0.012362 	 0.043470 	 0.065389
   24 	 0.026108 	 0.045252 	 0.075259
   25 	 0.023095 	 0.045243 	 0.077791
   26 	 0.025820 	 0.048396 	 0.072559
   27 	 0.012814 	 0.051661 	 0.082046
   28 	 0.036410 	 0.056037 	 0.088142
   29 	 0.012606 	 0.053208 	 0.081752
   30 	 0.037693 	 0.057570 	 0.081315
   31 	 0.021396 	 0.060954 	 0.081048
   32 	 0.022935 	 0.063084 	 0.081352
   33 	 0.023878 	 0.063434 	 0.081471
   34 	 0.038580 	 0.062375 	 0.077423
   35 	 0.041115 	 0.064859 	 0.084612
   36 	 0.040401 	 0.067021 	 0.082459
   37 	 0.031297 	 0.065254 	 0.087326
   38 	 0.035809 	 0.067160 	 0.088667
   39 	 0.026628 	 0.068293 	 0.100592
   40 	 0.016676 	 0.069735 	 0.103818
   41 	 0.018394 	 0.070428 	 0.101670
   42 	 0.025875 	 0.069828 	 0.096024
   43 	 0.046888 	 0.073258 	 0.094627
   44 	 0.035881 	 0.074742 	 0.097232
   45 	 0.046390 	 0.074823 	 0.101779
   46 	 0.016735 	 0.078284 	 0.100659
   47 	 0.057630 	 0.080683 	 0.103498
   48 	 0.056622 	 0.080476 	 0.102119
   49 	 0.057649 	 0.080106 	 0.098646
   50 	 0.066082 	 0.082192 	 0.100663
   51 	 0.064165 	 0.083362 	 0.101699
   52 	 0.051833 	 0.082581 	 0.102198
   53 	 0.066384 	 0.081265 	 0.096932
   54 	 0.040993 	 0.080560 	 0.100682
   55 	 0.038912 	 0.080071 	 0.095947
   56 	 0.035206 	 0.082073 	 0.102179
   57 	 0.064379 	 0.085343 	 0.102628
   58 	 0.045813 	 0.085683 	 0.101566
   59 	 0.070111 	 0.088283 	 0.105348
   60 	 0.067456 	 0.087546 	 0.101696
   61 	 0.069026 	 0.088263 	 0.108781
   62 	 0.067713 	 0.086922 	 0.109727
   63 	 0.066425 	 0.087656 	 0.102068
   64 	 0.039163 	 0.086533 	 0.099943
   65 	 0.075379 	 0.088694 	 0.101763
   66 	 0.071975 	 0.089299 	 0.102722
   67 	 0.078295 	 0.089956 	 0.102413
   68 	 0.026486 	 0.088911 	 0.102164
   69 	 0.027283 	 0.088937 	 0.101218
   70 	 0.031858 	 0.088825 	 0.130220
   71 	 0.051253 	 0.089736 	 0.137985
   72 	 0.052688 	 0.091028 	 0.142017
   73 	 0.051223 	 0.090113 	 0.138091
   74 	 0.075094 	 0.092269 	 0.135771
   75 	 0.077301 	 0.092478 	 0.102299
   76 	 0.077580 	 0.091116 	 0.102323
   77 	 0.076965 	 0.090854 	 0.099779
   78 	 0.013827 	 0.089944 	 0.102241
   79 	 0.054318 	 0.091695 	 0.101734
 