   0 	 0.002492 	 0.004810 	 0.012773
    1 	 0.002505 	 0.005171 	 0.012840
    2 	 0.002844 	 0.006315 	 0.015012
    3 	 0.003406 	 0.007574 	 0.019834
    4 	 0.004101 	 0.008477 	 0.017597
    5 	 0.004209 	 0.009924 	 0.020932
    6 	 0.004139 	 0.011992 	 0.020558
    7 	 0.007164 	 0.012937 	 0.021339
    8 	 0.007355 	 0.013282 	 0.025861
    9 	 0.007158 	 0.014936 	 0.032990
   10 	 0.006036 	 0.017586 	 0.033407
   11 	 0.008411 	 0.017949 	 0.033295
   12 	 0.007196 	 0.017962 	 0.035947
   13 	 0.011176 	 0.019479 	 0.031764
   14 	 0.012164 	 0.020212 	 0.031439
   15 	 0.011670 	 0.021576 	 0.035298
   16 	 0.013009 	 0.022978 	 0.047476
   17 	 0.014334 	 0.023928 	 0.045631
   18 	 0.013574 	 0.023443 	 0.036938
   19 	 0.012332 	 0.023664 	 0.036551
   20 	 0.014262 	 0.024403 	 0.036091
   21 	 0.014183 	 0.024154 	 0.042137
   22 	 0.012940 	 0.024840 	 0.041618
   23 	 0.014213 	 0.025291 	 0.043801
   24 	 0.010723 	 0.026176 	 0.044005
   25 	 0.011028 	 0.026879 	 0.043346
   26 	 0.014283 	 0.027248 	 0.049515
   27 	 0.014606 	 0.028836 	 0.044622
   28 	 0.016076 	 0.029631 	 0.050255
   29 	 0.015432 	 0.030574 	 0.063927
   30 	 0.011177 	 0.033132 	 0.065052
   31 	 0.016266 	 0.033763 	 0.060767
   32 	 0.014881 	 0.032139 	 0.056951
   33 	 0.018917 	 0.034780 	 0.060791
   34 	 0.012665 	 0.036455 	 0.067957
   35 	 0.011968 	 0.038362 	 0.063936
   36 	 0.011531 	 0.041221 	 0.070851
   37 	 0.012471 	 0.041351 	 0.064504
   38 	 0.018561 	 0.042302 	 0.066878
   39 	 0.020302 	 0.044107 	 0.080207
   40 	 0.017253 	 0.048954 	 0.079500
   41 	 0.022577 	 0.050025 	 0.075231
   42 	 0.023035 	 0.052110 	 0.080283
   43 	 0.024721 	 0.053607 	 0.081631
   44 	 0.016053 	 0.054049 	 0.081219
   45 	 0.019201 	 0.056815 	 0.081704
   46 	 0.010250 	 0.059055 	 0.083507
   47 	 0.015783 	 0.060981 	 0.082434
   48 	 0.020706 	 0.065256 	 0.097784
   49 	 0.025029 	 0.066951 	 0.125049
   50 	 0.017124 	 0.067090 	 0.128881
   51 	 0.021737 	 0.071386 	 0.131986
   52 	 0.034118 	 0.075816 	 0.129148
   53 	 0.032402 	 0.078059 	 0.129436
   54 	 0.022741 	 0.078924 	 0.141680
   55 	 0.022469 	 0.085389 	 0.131921
   56 	 0.024069 	 0.096460 	 0.138523
   57 	 0.023553 	 0.096005 	 0.137300
   58 	 0.026653 	 0.101470 	 0.148150
   59 	 0.022682 	 0.106237 	 0.143165
   60 	 0.023195 	 0.108907 	 0.148134
   61 	 0.048065 	 0.116573 	 0.147655
   62 	 0.015716 	 0.110070 	 0.151001
   63 	 0.023475 	 0.118432 	 0.157650
   64 	 0.018962 	 0.119178 	 0.155576
   65 	 0.019032 	 0.118700 	 0.158120
   66 	 0.067997 	 0.123656 	 0.161832
   67 	 0.064773 	 0.126759 	 0.160414
   68 	 0.020360 	 0.125140 	 0.156438
   69 	 0.068620 	 0.129746 	 0.160283
   70 	 0.081137 	 0.133532 	 0.158239
   71 	 0.067489 	 0.132990 	 0.159326
   72 	 0.048526 	 0.132861 	 0.154153
   73 	 0.033992 	 0.130797 	 0.155536
   74 	 0.024408 	 0.128307 	 0.154396
   75 	 0.024370 	 0.131061 	 0.161134
   76 	 0.086477 	 0.135951 	 0.162027
   77 	 0.090504 	 0.138549 	 0.157976
   78 	 0.024296 	 0.134098 	 0.158328
   79 	 0.024317 	 0.134752 	 0.163290
 