   0 	 0.002347 	 0.004544 	 0.010211
    1 	 0.002362 	 0.004737 	 0.009999
    2 	 0.002463 	 0.005213 	 0.008686
    3 	 0.003085 	 0.005609 	 0.009152
    4 	 0.003550 	 0.006447 	 0.010826
    5 	 0.003198 	 0.007247 	 0.012602
    6 	 0.003305 	 0.007389 	 0.011373
    7 	 0.004246 	 0.007643 	 0.014222
    8 	 0.003929 	 0.008092 	 0.012466
    9 	 0.004508 	 0.008427 	 0.014037
   10 	 0.005057 	 0.008546 	 0.014782
   11 	 0.004965 	 0.008771 	 0.017814
   12 	 0.004824 	 0.009706 	 0.017895
   13 	 0.004499 	 0.010322 	 0.019182
   14 	 0.006030 	 0.011686 	 0.029394
   15 	 0.007775 	 0.012634 	 0.022644
   16 	 0.007992 	 0.012858 	 0.023862
   17 	 0.007656 	 0.012927 	 0.023658
   18 	 0.008033 	 0.013965 	 0.028859
   19 	 0.007665 	 0.014721 	 0.028395
   20 	 0.008057 	 0.015581 	 0.030029
   21 	 0.007823 	 0.017074 	 0.039608
   22 	 0.008977 	 0.018265 	 0.041825
   23 	 0.012078 	 0.022038 	 0.050503
   24 	 0.012779 	 0.025346 	 0.054532
   25 	 0.016257 	 0.027209 	 0.059399
   26 	 0.016511 	 0.029152 	 0.057899
   27 	 0.013126 	 0.031396 	 0.069634
   28 	 0.013049 	 0.032439 	 0.070426
   29 	 0.013024 	 0.035757 	 0.068930
   30 	 0.015492 	 0.039337 	 0.076801
   31 	 0.014786 	 0.042781 	 0.094199
   32 	 0.014668 	 0.047039 	 0.094654
   33 	 0.020417 	 0.051994 	 0.108382
   34 	 0.020614 	 0.054835 	 0.109717
   35 	 0.019854 	 0.061692 	 0.097679
   36 	 0.015251 	 0.061951 	 0.091318
   37 	 0.035322 	 0.063720 	 0.095227
   38 	 0.018463 	 0.065886 	 0.094365
   39 	 0.018374 	 0.065897 	 0.093999
   40 	 0.019003 	 0.068137 	 0.093624
   41 	 0.018538 	 0.069989 	 0.099257
   42 	 0.021232 	 0.075050 	 0.112096
   43 	 0.020068 	 0.079706 	 0.111491
   44 	 0.052508 	 0.083617 	 0.111143
   45 	 0.057924 	 0.086212 	 0.114397
   46 	 0.033946 	 0.088147 	 0.117596
   47 	 0.019796 	 0.088055 	 0.117323
   48 	 0.019651 	 0.088805 	 0.114726
   49 	 0.064810 	 0.092718 	 0.115057
   50 	 0.062726 	 0.091496 	 0.115689
   51 	 0.064715 	 0.093053 	 0.118702
   52 	 0.062931 	 0.095057 	 0.117494
   53 	 0.035053 	 0.097340 	 0.120799
   54 	 0.054140 	 0.099000 	 0.120467
   55 	 0.043225 	 0.098456 	 0.118870
   56 	 0.061011 	 0.100222 	 0.115271
   57 	 0.065551 	 0.101190 	 0.117513
   58 	 0.062587 	 0.103117 	 0.119243
   59 	 0.066125 	 0.104280 	 0.119232
   60 	 0.029410 	 0.104352 	 0.119866
   61 	 0.071102 	 0.106323 	 0.120771
   62 	 0.068823 	 0.107044 	 0.120310
   63 	 0.018332 	 0.105934 	 0.119520
   64 	 0.017698 	 0.106995 	 0.119154
   65 	 0.036233 	 0.105652 	 0.114655
   66 	 0.053675 	 0.107298 	 0.124774
   67 	 0.066036 	 0.107289 	 0.119950
   68 	 0.098241 	 0.108805 	 0.122895
   69 	 0.099852 	 0.109552 	 0.119267
   70 	 0.097903 	 0.107141 	 0.115587
   71 	 0.097718 	 0.108129 	 0.117478
   72 	 0.098143 	 0.107821 	 0.116850
   73 	 0.035979 	 0.106731 	 0.121698
   74 	 0.061194 	 0.107238 	 0.118966
   75 	 0.056885 	 0.107414 	 0.118364
   76 	 0.056522 	 0.105047 	 0.114898
   77 	 0.099413 	 0.107249 	 0.120581
   78 	 0.099387 	 0.107175 	 0.118367
   79 	 0.060541 	 0.106086 	 0.114514
 