   0 	 0.002526 	 0.004621 	 0.007392
    1 	 0.002765 	 0.004955 	 0.009926
    2 	 0.002888 	 0.005336 	 0.009452
    3 	 0.003276 	 0.005844 	 0.016444
    4 	 0.003288 	 0.006745 	 0.015730
    5 	 0.003406 	 0.007699 	 0.016011
    6 	 0.003938 	 0.008426 	 0.016739
    7 	 0.004169 	 0.009889 	 0.025470
    8 	 0.004227 	 0.011352 	 0.025297
    9 	 0.005262 	 0.013258 	 0.035410
   10 	 0.005843 	 0.015728 	 0.036667
   11 	 0.006436 	 0.017357 	 0.036613
   12 	 0.006411 	 0.020542 	 0.037287
   13 	 0.006873 	 0.021584 	 0.039827
   14 	 0.006794 	 0.023071 	 0.041495
   15 	 0.010693 	 0.026878 	 0.051872
   16 	 0.011975 	 0.028311 	 0.053007
   17 	 0.010510 	 0.029465 	 0.053799
   18 	 0.011408 	 0.032621 	 0.053502
   19 	 0.011406 	 0.031493 	 0.051379
   20 	 0.011135 	 0.032824 	 0.053208
   21 	 0.011152 	 0.033784 	 0.049793
   22 	 0.009876 	 0.034845 	 0.049219
   23 	 0.020903 	 0.036415 	 0.052287
   24 	 0.019218 	 0.038509 	 0.053178
   25 	 0.019012 	 0.038048 	 0.053423
   26 	 0.021802 	 0.038715 	 0.053623
   27 	 0.025150 	 0.039743 	 0.057295
   28 	 0.021006 	 0.040954 	 0.059189
   29 	 0.017420 	 0.040559 	 0.056544
   30 	 0.017141 	 0.040678 	 0.054453
   31 	 0.017193 	 0.040658 	 0.053818
   32 	 0.018376 	 0.042935 	 0.056392
   33 	 0.018501 	 0.042354 	 0.054726
   34 	 0.020114 	 0.042649 	 0.053680
   35 	 0.022277 	 0.043540 	 0.053497
   36 	 0.021530 	 0.045148 	 0.058760
   37 	 0.021540 	 0.045373 	 0.056618
   38 	 0.020755 	 0.046058 	 0.054539
   39 	 0.021591 	 0.045069 	 0.056000
   40 	 0.022691 	 0.045968 	 0.057700
   41 	 0.033748 	 0.047948 	 0.057343
   42 	 0.023551 	 0.047114 	 0.055101
   43 	 0.021847 	 0.047113 	 0.056357
   44 	 0.023723 	 0.048363 	 0.055516
   45 	 0.036468 	 0.048757 	 0.054864
   46 	 0.035175 	 0.049502 	 0.056046
   47 	 0.035905 	 0.050740 	 0.056173
   48 	 0.032790 	 0.051502 	 0.058685
   49 	 0.025599 	 0.050835 	 0.057340
   50 	 0.022412 	 0.050275 	 0.058585
   51 	 0.030643 	 0.051686 	 0.059084
   52 	 0.031451 	 0.051039 	 0.057987
   53 	 0.012359 	 0.051314 	 0.057976
   54 	 0.012291 	 0.052071 	 0.058249
   55 	 0.044615 	 0.052612 	 0.058548
   56 	 0.044549 	 0.052573 	 0.057682
   57 	 0.027998 	 0.052342 	 0.057460
   58 	 0.045501 	 0.051928 	 0.057147
   59 	 0.040679 	 0.052524 	 0.057611
   60 	 0.033975 	 0.052013 	 0.057418
   61 	 0.041890 	 0.052244 	 0.059698
   62 	 0.041410 	 0.051906 	 0.056895
   63 	 0.041415 	 0.051582 	 0.057177
   64 	 0.040531 	 0.051679 	 0.057280
   65 	 0.035007 	 0.051573 	 0.056941
   66 	 0.037966 	 0.051662 	 0.058155
   67 	 0.024509 	 0.052209 	 0.060064
   68 	 0.035089 	 0.052431 	 0.059375
   69 	 0.041811 	 0.052805 	 0.058654
   70 	 0.016669 	 0.052530 	 0.057837
   71 	 0.041668 	 0.053270 	 0.059264
   72 	 0.040549 	 0.053647 	 0.059759
   73 	 0.023726 	 0.053013 	 0.061619
   74 	 0.034431 	 0.054034 	 0.062136
   75 	 0.050069 	 0.054704 	 0.061017
   76 	 0.046371 	 0.055309 	 0.060932
   77 	 0.047817 	 0.055310 	 0.060462
   78 	 0.052120 	 0.055340 	 0.060616
   79 	 0.051390 	 0.055572 	 0.072674
 