   0 	 0.002816 	 0.004527 	 0.008377
    1 	 0.002887 	 0.005047 	 0.010462
    2 	 0.002971 	 0.005482 	 0.012588
    3 	 0.002894 	 0.005919 	 0.016066
    4 	 0.003686 	 0.006583 	 0.013181
    5 	 0.003474 	 0.007268 	 0.013263
    6 	 0.004259 	 0.008466 	 0.017027
    7 	 0.003979 	 0.009232 	 0.019046
    8 	 0.004739 	 0.009757 	 0.018765
    9 	 0.005418 	 0.011387 	 0.027505
   10 	 0.004688 	 0.012296 	 0.027612
   11 	 0.005940 	 0.015652 	 0.044845
   12 	 0.008942 	 0.019197 	 0.054928
   13 	 0.008938 	 0.022911 	 0.044508
   14 	 0.008417 	 0.025964 	 0.048349
   15 	 0.009613 	 0.027623 	 0.042989
   16 	 0.010276 	 0.030369 	 0.043926
   17 	 0.016767 	 0.034128 	 0.075050
   18 	 0.012653 	 0.033622 	 0.074296
   19 	 0.015241 	 0.036562 	 0.091257
   20 	 0.010646 	 0.040689 	 0.082064
   21 	 0.020768 	 0.046451 	 0.076157
   22 	 0.017349 	 0.045633 	 0.076684
   23 	 0.016265 	 0.049171 	 0.109218
   24 	 0.013469 	 0.051706 	 0.088348
   25 	 0.022822 	 0.053849 	 0.083057
   26 	 0.027957 	 0.056354 	 0.090367
   27 	 0.028637 	 0.056953 	 0.106928
   28 	 0.030142 	 0.060081 	 0.110085
   29 	 0.030673 	 0.061333 	 0.110078
   30 	 0.034776 	 0.065760 	 0.109331
   31 	 0.019019 	 0.061069 	 0.102623
   32 	 0.037497 	 0.067289 	 0.093320
   33 	 0.036905 	 0.066551 	 0.096270
   34 	 0.034787 	 0.068544 	 0.095445
   35 	 0.042491 	 0.069163 	 0.092381
   36 	 0.019842 	 0.068309 	 0.105308
   37 	 0.018258 	 0.069182 	 0.101086
   38 	 0.018685 	 0.068452 	 0.108767
   39 	 0.043917 	 0.072874 	 0.101618
   40 	 0.042826 	 0.073651 	 0.099596
   41 	 0.057786 	 0.075811 	 0.127571
   42 	 0.013694 	 0.074129 	 0.106399
   43 	 0.050886 	 0.073828 	 0.106657
   44 	 0.046922 	 0.074420 	 0.109357
   45 	 0.033766 	 0.075604 	 0.103319
   46 	 0.040622 	 0.077721 	 0.109147
   47 	 0.036480 	 0.079807 	 0.114444
   48 	 0.043043 	 0.082798 	 0.110292
   49 	 0.066285 	 0.085729 	 0.107235
   50 	 0.066069 	 0.088155 	 0.110255
   51 	 0.044520 	 0.090626 	 0.112541
   52 	 0.052087 	 0.090329 	 0.126718
   53 	 0.050028 	 0.088298 	 0.107860
   54 	 0.046429 	 0.091758 	 0.124520
   55 	 0.039750 	 0.092481 	 0.126514
   56 	 0.037285 	 0.090951 	 0.105287
   57 	 0.017841 	 0.089081 	 0.109141
   58 	 0.022263 	 0.090850 	 0.114379
   59 	 0.049363 	 0.092520 	 0.116227
   60 	 0.025316 	 0.091077 	 0.110511
   61 	 0.048256 	 0.092223 	 0.119401
   62 	 0.032299 	 0.089583 	 0.124273
   63 	 0.031966 	 0.090762 	 0.125828
   64 	 0.032440 	 0.091078 	 0.122214
   65 	 0.046020 	 0.088244 	 0.124074
   66 	 0.047710 	 0.092289 	 0.127049
   67 	 0.047160 	 0.093525 	 0.125170
   68 	 0.032733 	 0.093746 	 0.121460
   69 	 0.083210 	 0.096150 	 0.120392
   70 	 0.083921 	 0.096773 	 0.118534
   71 	 0.086110 	 0.099223 	 0.124698
   72 	 0.058449 	 0.098365 	 0.121850
   73 	 0.081679 	 0.098441 	 0.121659
   74 	 0.064656 	 0.097744 	 0.123818
   75 	 0.067224 	 0.100134 	 0.120650
   76 	 0.065738 	 0.103127 	 0.123914
   77 	 0.087044 	 0.106262 	 0.123274
   78 	 0.024508 	 0.106817 	 0.123551
   79 	 0.082177 	 0.106367 	 0.124687
 