   0 	 0.002200 	 0.004824 	 0.017198
    1 	 0.002113 	 0.004495 	 0.007365
    2 	 0.002259 	 0.005040 	 0.010516
    3 	 0.003063 	 0.005975 	 0.012517
    4 	 0.003232 	 0.006423 	 0.012904
    5 	 0.003742 	 0.007220 	 0.016783
    6 	 0.003610 	 0.007845 	 0.017772
    7 	 0.003806 	 0.008618 	 0.017694
    8 	 0.003773 	 0.009449 	 0.020302
    9 	 0.004360 	 0.011036 	 0.021689
   10 	 0.005400 	 0.012264 	 0.017854
   11 	 0.006058 	 0.013469 	 0.018002
   12 	 0.006094 	 0.014009 	 0.021654
   13 	 0.008335 	 0.014745 	 0.021419
   14 	 0.008812 	 0.014943 	 0.022111
   15 	 0.009768 	 0.015674 	 0.022195
   16 	 0.008983 	 0.016084 	 0.027724
   17 	 0.009973 	 0.016817 	 0.031904
   18 	 0.009471 	 0.017248 	 0.027306
   19 	 0.008619 	 0.018173 	 0.027277
   20 	 0.011468 	 0.018490 	 0.027760
   21 	 0.011230 	 0.018864 	 0.029933
   22 	 0.010279 	 0.020120 	 0.028648
   23 	 0.012238 	 0.021812 	 0.041984
   24 	 0.012985 	 0.022663 	 0.042864
   25 	 0.012415 	 0.024156 	 0.044163
   26 	 0.011307 	 0.026044 	 0.045468
   27 	 0.011396 	 0.026035 	 0.051767
   28 	 0.013577 	 0.027326 	 0.047312
   29 	 0.013285 	 0.028193 	 0.046978
   30 	 0.013177 	 0.028290 	 0.050177
   31 	 0.009378 	 0.030109 	 0.049464
   32 	 0.015082 	 0.033994 	 0.049977
   33 	 0.015030 	 0.036038 	 0.052497
   34 	 0.014974 	 0.039357 	 0.049849
   35 	 0.031468 	 0.040572 	 0.049823
   36 	 0.030139 	 0.040289 	 0.047915
   37 	 0.024804 	 0.039856 	 0.048700
   38 	 0.027849 	 0.040831 	 0.050839
   39 	 0.027963 	 0.041369 	 0.050527
   40 	 0.028195 	 0.041848 	 0.048064
   41 	 0.037251 	 0.042735 	 0.049680
   42 	 0.036575 	 0.042953 	 0.051588
   43 	 0.036811 	 0.042798 	 0.050707
   44 	 0.029091 	 0.042822 	 0.053286
   45 	 0.029271 	 0.043057 	 0.051230
   46 	 0.034894 	 0.043700 	 0.049899
   47 	 0.034619 	 0.044380 	 0.051831
   48 	 0.034368 	 0.044097 	 0.051440
   49 	 0.033621 	 0.044497 	 0.051909
   50 	 0.011398 	 0.045363 	 0.051559
   51 	 0.037655 	 0.045936 	 0.052283
   52 	 0.038306 	 0.046676 	 0.050961
   53 	 0.021832 	 0.046231 	 0.051240
   54 	 0.037796 	 0.046319 	 0.052775
   55 	 0.037387 	 0.046565 	 0.052325
   56 	 0.020557 	 0.046034 	 0.051831
   57 	 0.020479 	 0.046084 	 0.053395
   58 	 0.020621 	 0.046418 	 0.052636
   59 	 0.044527 	 0.047991 	 0.052677
   60 	 0.043466 	 0.048094 	 0.053446
   61 	 0.043635 	 0.048634 	 0.053364
   62 	 0.044319 	 0.048693 	 0.053335
   63 	 0.025664 	 0.047961 	 0.053234
   64 	 0.025773 	 0.047921 	 0.053321
   65 	 0.029877 	 0.048308 	 0.053406
   66 	 0.025496 	 0.048019 	 0.053152
   67 	 0.025450 	 0.048567 	 0.053159
   68 	 0.021637 	 0.048012 	 0.053363
   69 	 0.015601 	 0.048550 	 0.053159
   70 	 0.041852 	 0.048849 	 0.052568
   71 	 0.024212 	 0.048398 	 0.053027
   72 	 0.037934 	 0.049057 	 0.057724
   73 	 0.037229 	 0.048675 	 0.055392
   74 	 0.038019 	 0.048566 	 0.055042
   75 	 0.041264 	 0.049149 	 0.055563
   76 	 0.042695 	 0.049478 	 0.055392
   77 	 0.022626 	 0.048939 	 0.055312
   78 	 0.043649 	 0.049777 	 0.053221
   79 	 0.036838 	 0.049428 	 0.057945
 