   0 	 0.002265 	 0.004720 	 0.010077
    1 	 0.002364 	 0.004908 	 0.010638
    2 	 0.002511 	 0.005202 	 0.011538
    3 	 0.002894 	 0.005245 	 0.009846
    4 	 0.003453 	 0.005948 	 0.013025
    5 	 0.003229 	 0.006833 	 0.012706
    6 	 0.003382 	 0.007683 	 0.022323
    7 	 0.004105 	 0.008698 	 0.023290
    8 	 0.004727 	 0.009868 	 0.023724
    9 	 0.005605 	 0.011029 	 0.040637
   10 	 0.005623 	 0.012897 	 0.040737
   11 	 0.006254 	 0.015703 	 0.040811
   12 	 0.008273 	 0.018260 	 0.052121
   13 	 0.007025 	 0.021756 	 0.050347
   14 	 0.009034 	 0.027397 	 0.052757
   15 	 0.012258 	 0.029796 	 0.055387
   16 	 0.017992 	 0.034242 	 0.068489
   17 	 0.020169 	 0.037794 	 0.081334
   18 	 0.015142 	 0.039460 	 0.087534
   19 	 0.014783 	 0.045694 	 0.154712
   20 	 0.014356 	 0.052449 	 0.156228
   21 	 0.014389 	 0.050129 	 0.088847
   22 	 0.014465 	 0.061459 	 0.108319
   23 	 0.018366 	 0.067231 	 0.113853
   24 	 0.025555 	 0.073225 	 0.117465
   25 	 0.017851 	 0.074885 	 0.117882
   26 	 0.017761 	 0.080187 	 0.126151
   27 	 0.035473 	 0.083647 	 0.122535
   28 	 0.017129 	 0.083335 	 0.141087
   29 	 0.017253 	 0.089027 	 0.139448
   30 	 0.049346 	 0.096984 	 0.157782
   31 	 0.021128 	 0.096065 	 0.161848
   32 	 0.038093 	 0.098538 	 0.177607
   33 	 0.045442 	 0.102766 	 0.168539
   34 	 0.034667 	 0.102906 	 0.177174
   35 	 0.034781 	 0.102948 	 0.184439
   36 	 0.030948 	 0.105336 	 0.173593
   37 	 0.034250 	 0.105200 	 0.162113
   38 	 0.034146 	 0.108535 	 0.163785
   39 	 0.024189 	 0.112893 	 0.158622
   40 	 0.029399 	 0.117251 	 0.172952
   41 	 0.025733 	 0.121287 	 0.173868
   42 	 0.035127 	 0.130357 	 0.196421
   43 	 0.031540 	 0.131353 	 0.193348
   44 	 0.070749 	 0.139693 	 0.194382
   45 	 0.067039 	 0.142030 	 0.182796
   46 	 0.093846 	 0.149995 	 0.204840
   47 	 0.109364 	 0.153412 	 0.197230
   48 	 0.034981 	 0.148232 	 0.206130
   49 	 0.025762 	 0.143870 	 0.199990
   50 	 0.055678 	 0.146705 	 0.203164
   51 	 0.025895 	 0.144070 	 0.206617
   52 	 0.025689 	 0.149946 	 0.196854
   53 	 0.119721 	 0.157639 	 0.197248
   54 	 0.079836 	 0.154965 	 0.200698
   55 	 0.080834 	 0.156602 	 0.196791
   56 	 0.122644 	 0.158444 	 0.195485
   57 	 0.120109 	 0.160661 	 0.197474
   58 	 0.118848 	 0.160104 	 0.197348
   59 	 0.115462 	 0.162807 	 0.198553
   60 	 0.121318 	 0.160578 	 0.200815
   61 	 0.016984 	 0.160932 	 0.194956
   62 	 0.129352 	 0.167046 	 0.204477
   63 	 0.131403 	 0.164056 	 0.199068
   64 	 0.045364 	 0.161503 	 0.192944
   65 	 0.030661 	 0.159984 	 0.202344
   66 	 0.062213 	 0.165347 	 0.210616
   67 	 0.060378 	 0.159959 	 0.210791
   68 	 0.061113 	 0.161788 	 0.246843
   69 	 0.059907 	 0.164268 	 0.311611
   70 	 0.039155 	 0.158818 	 0.293216
   71 	 0.073868 	 0.167027 	 0.319842
   72 	 0.083174 	 0.171259 	 0.276854
   73 	 0.073493 	 0.178233 	 0.340957
   74 	 0.083339 	 0.180138 	 0.296307
   75 	 0.087504 	 0.189260 	 0.320363
   76 	 0.125135 	 0.195507 	 0.327869
   77 	 0.039981 	 0.192636 	 0.358259
   78 	 0.061065 	 0.218723 	 0.345786
   79 	 0.023085 	 0.240678 	 0.362724
 