   0 	 0.002558 	 0.004479 	 0.008351
    1 	 0.002586 	 0.004813 	 0.009096
    2 	 0.002483 	 0.005202 	 0.009081
    3 	 0.002809 	 0.005795 	 0.018106
    4 	 0.003062 	 0.006607 	 0.018986
    5 	 0.003563 	 0.007446 	 0.022985
    6 	 0.004104 	 0.008036 	 0.023380
    7 	 0.004246 	 0.008983 	 0.023704
    8 	 0.004195 	 0.010106 	 0.024728
    9 	 0.004682 	 0.011552 	 0.030786
   10 	 0.004784 	 0.012701 	 0.034612
   11 	 0.006322 	 0.014064 	 0.034480
   12 	 0.006869 	 0.017267 	 0.036001
   13 	 0.009412 	 0.021883 	 0.048255
   14 	 0.009384 	 0.025036 	 0.049490
   15 	 0.010662 	 0.030006 	 0.073633
   16 	 0.013007 	 0.035262 	 0.071845
   17 	 0.016194 	 0.036993 	 0.076269
   18 	 0.019478 	 0.041440 	 0.073741
   19 	 0.020669 	 0.045513 	 0.075011
   20 	 0.025657 	 0.051640 	 0.074697
   21 	 0.027979 	 0.057715 	 0.076009
   22 	 0.032219 	 0.059726 	 0.078351
   23 	 0.029188 	 0.062572 	 0.075334
   24 	 0.028364 	 0.065948 	 0.077485
   25 	 0.043830 	 0.068084 	 0.078530
   26 	 0.046921 	 0.069438 	 0.079062
   27 	 0.046472 	 0.071316 	 0.078434
   28 	 0.020563 	 0.071738 	 0.078575
   29 	 0.048271 	 0.071725 	 0.078463
   30 	 0.032677 	 0.069490 	 0.078416
   31 	 0.032311 	 0.067964 	 0.078855
   32 	 0.015276 	 0.067562 	 0.077786
   33 	 0.029479 	 0.070248 	 0.078432
   34 	 0.055858 	 0.071660 	 0.078248
   35 	 0.055164 	 0.071317 	 0.078841
   36 	 0.047488 	 0.069732 	 0.076331
   37 	 0.047002 	 0.069153 	 0.077060
   38 	 0.052320 	 0.069973 	 0.078779
   39 	 0.043300 	 0.070815 	 0.075447
   40 	 0.034269 	 0.070840 	 0.078893
   41 	 0.044620 	 0.071016 	 0.076363
   42 	 0.048282 	 0.071551 	 0.077857
   43 	 0.067406 	 0.072006 	 0.075707
   44 	 0.018368 	 0.070993 	 0.082621
   45 	 0.036648 	 0.071973 	 0.079710
   46 	 0.041767 	 0.072443 	 0.083953
   47 	 0.042715 	 0.072333 	 0.085262
   48 	 0.041734 	 0.073272 	 0.085511
   49 	 0.042355 	 0.074064 	 0.088322
   50 	 0.065990 	 0.074780 	 0.086346
   51 	 0.022908 	 0.074815 	 0.084818
   52 	 0.022403 	 0.074576 	 0.084667
   53 	 0.046837 	 0.076881 	 0.085507
   54 	 0.066655 	 0.077085 	 0.085032
   55 	 0.057878 	 0.077098 	 0.085204
   56 	 0.070420 	 0.078871 	 0.102253
   57 	 0.069986 	 0.080177 	 0.104005
   58 	 0.071648 	 0.081453 	 0.125267
   59 	 0.070368 	 0.081898 	 0.123325
   60 	 0.070358 	 0.081531 	 0.125630
   61 	 0.017222 	 0.080895 	 0.118310
   62 	 0.068743 	 0.084606 	 0.122853
   63 	 0.066623 	 0.085150 	 0.120337
   64 	 0.070147 	 0.088833 	 0.125387
   65 	 0.067372 	 0.093438 	 0.126440
   66 	 0.067704 	 0.093763 	 0.124996
   67 	 0.077392 	 0.095619 	 0.125732
   68 	 0.039215 	 0.094542 	 0.128515
   69 	 0.035082 	 0.101337 	 0.133591
   70 	 0.020178 	 0.103156 	 0.130791
   71 	 0.040490 	 0.109849 	 0.130257
   72 	 0.078636 	 0.111089 	 0.125804
   73 	 0.034872 	 0.108841 	 0.133325
   74 	 0.078941 	 0.113879 	 0.126182
   75 	 0.081479 	 0.113718 	 0.125554
   76 	 0.019014 	 0.114677 	 0.127773
   77 	 0.084014 	 0.116259 	 0.126777
   78 	 0.082630 	 0.115323 	 0.130827
   79 	 0.042165 	 0.116672 	 0.131839
 