   0 	 0.002294 	 0.004788 	 0.011480
    1 	 0.002749 	 0.005623 	 0.012778
    2 	 0.002809 	 0.006248 	 0.012270
    3 	 0.004112 	 0.006919 	 0.011731
    4 	 0.003467 	 0.007218 	 0.013540
    5 	 0.003840 	 0.007644 	 0.016319
    6 	 0.003990 	 0.008905 	 0.019443
    7 	 0.004838 	 0.009940 	 0.021068
    8 	 0.004911 	 0.010839 	 0.023163
    9 	 0.004925 	 0.011218 	 0.020103
   10 	 0.004809 	 0.012362 	 0.020340
   11 	 0.004932 	 0.012350 	 0.025582
   12 	 0.005710 	 0.013696 	 0.028378
   13 	 0.006390 	 0.014887 	 0.028141
   14 	 0.008291 	 0.016345 	 0.055600
   15 	 0.007480 	 0.019555 	 0.052306
   16 	 0.010424 	 0.023466 	 0.057730
   17 	 0.009817 	 0.029491 	 0.053373
   18 	 0.008766 	 0.031780 	 0.064273
   19 	 0.012070 	 0.032621 	 0.067622
   20 	 0.011962 	 0.034267 	 0.065291
   21 	 0.017932 	 0.036198 	 0.056647
   22 	 0.015055 	 0.035655 	 0.062976
   23 	 0.012356 	 0.034889 	 0.064016
   24 	 0.009252 	 0.038912 	 0.061035
   25 	 0.015824 	 0.040797 	 0.066074
   26 	 0.016462 	 0.041878 	 0.069352
   27 	 0.013427 	 0.046281 	 0.077201
   28 	 0.012991 	 0.047061 	 0.070986
   29 	 0.011058 	 0.051111 	 0.072766
   30 	 0.010757 	 0.053071 	 0.077637
   31 	 0.010050 	 0.054881 	 0.074966
   32 	 0.011227 	 0.056679 	 0.078625
   33 	 0.034523 	 0.060578 	 0.077000
   34 	 0.020992 	 0.059798 	 0.085345
   35 	 0.012634 	 0.060514 	 0.090112
   36 	 0.023875 	 0.066335 	 0.097957
   37 	 0.041951 	 0.069558 	 0.100667
   38 	 0.020718 	 0.071618 	 0.098875
   39 	 0.010994 	 0.069585 	 0.097848
   40 	 0.021605 	 0.076846 	 0.099988
   41 	 0.018388 	 0.077423 	 0.099001
   42 	 0.011282 	 0.077844 	 0.098498
   43 	 0.021641 	 0.078359 	 0.108465
   44 	 0.022100 	 0.081102 	 0.110569
   45 	 0.064142 	 0.081819 	 0.107877
   46 	 0.067218 	 0.083077 	 0.111081
   47 	 0.065589 	 0.084787 	 0.107220
   48 	 0.070016 	 0.086377 	 0.107419
   49 	 0.068530 	 0.087506 	 0.106573
   50 	 0.067559 	 0.089267 	 0.106951
   51 	 0.067188 	 0.089792 	 0.109437
   52 	 0.074408 	 0.089665 	 0.105562
   53 	 0.058980 	 0.089153 	 0.112602
   54 	 0.059843 	 0.088039 	 0.101264
   55 	 0.060098 	 0.086995 	 0.101553
   56 	 0.066205 	 0.088286 	 0.099379
   57 	 0.068853 	 0.089859 	 0.104417
   58 	 0.018044 	 0.085634 	 0.106229
   59 	 0.018717 	 0.089064 	 0.111984
   60 	 0.071025 	 0.091967 	 0.111131
   61 	 0.068064 	 0.092621 	 0.110299
   62 	 0.073909 	 0.094004 	 0.108565
   63 	 0.021440 	 0.094833 	 0.114415
   64 	 0.032679 	 0.094690 	 0.111729
   65 	 0.076152 	 0.096099 	 0.112257
   66 	 0.086688 	 0.098206 	 0.115303
   67 	 0.079627 	 0.096558 	 0.112006
   68 	 0.089790 	 0.098174 	 0.113268
   69 	 0.019560 	 0.098609 	 0.113148
   70 	 0.078088 	 0.100134 	 0.114075
   71 	 0.086992 	 0.101278 	 0.112721
   72 	 0.084003 	 0.101885 	 0.113688
   73 	 0.027264 	 0.100097 	 0.114518
   74 	 0.027153 	 0.100537 	 0.113625
   75 	 0.027310 	 0.101003 	 0.113546
   76 	 0.045207 	 0.102967 	 0.114256
   77 	 0.091047 	 0.103946 	 0.114413
   78 	 0.019630 	 0.101878 	 0.112754
   79 	 0.089706 	 0.104553 	 0.114879
 