   0 	 0.002664 	 0.004328 	 0.007875
    1 	 0.002840 	 0.004498 	 0.007659
    2 	 0.002283 	 0.004929 	 0.010176
    3 	 0.002196 	 0.005295 	 0.011020
    4 	 0.003443 	 0.006298 	 0.010946
    5 	 0.003438 	 0.006375 	 0.011043
    6 	 0.004334 	 0.007170 	 0.019883
    7 	 0.003788 	 0.008291 	 0.019134
    8 	 0.005069 	 0.009449 	 0.021772
    9 	 0.004680 	 0.010292 	 0.021877
   10 	 0.004056 	 0.011690 	 0.023985
   11 	 0.005929 	 0.013978 	 0.025417
   12 	 0.005651 	 0.014789 	 0.027460
   13 	 0.008284 	 0.014970 	 0.024806
   14 	 0.009057 	 0.015836 	 0.024950
   15 	 0.008630 	 0.016492 	 0.027859
   16 	 0.008557 	 0.017851 	 0.034586
   17 	 0.007263 	 0.018908 	 0.038471
   18 	 0.007882 	 0.020747 	 0.039138
   19 	 0.010084 	 0.022003 	 0.047933
   20 	 0.013317 	 0.026824 	 0.063152
   21 	 0.009821 	 0.031668 	 0.060013
   22 	 0.013792 	 0.035293 	 0.060375
   23 	 0.013786 	 0.034230 	 0.074791
   24 	 0.016118 	 0.035479 	 0.071728
   25 	 0.013906 	 0.039749 	 0.071895
   26 	 0.019513 	 0.044850 	 0.076288
   27 	 0.021650 	 0.049645 	 0.076215
   28 	 0.018541 	 0.051261 	 0.084904
   29 	 0.017446 	 0.053418 	 0.081764
   30 	 0.017671 	 0.054156 	 0.092024
   31 	 0.025526 	 0.058393 	 0.080057
   32 	 0.043475 	 0.063645 	 0.094437
   33 	 0.047147 	 0.065802 	 0.094520
   34 	 0.037668 	 0.068152 	 0.096789
   35 	 0.032665 	 0.069125 	 0.093623
   36 	 0.014596 	 0.068793 	 0.096902
   37 	 0.030330 	 0.072630 	 0.107487
   38 	 0.031982 	 0.074919 	 0.098484
   39 	 0.049418 	 0.077175 	 0.113837
   40 	 0.013993 	 0.078242 	 0.116800
   41 	 0.038731 	 0.081245 	 0.113669
   42 	 0.055648 	 0.083762 	 0.113468
   43 	 0.058457 	 0.081503 	 0.106319
   44 	 0.059625 	 0.080035 	 0.113613
   45 	 0.056804 	 0.081754 	 0.111355
   46 	 0.053601 	 0.085361 	 0.121143
   47 	 0.022431 	 0.087197 	 0.116571
   48 	 0.025739 	 0.090484 	 0.126527
   49 	 0.067946 	 0.095726 	 0.122873
   50 	 0.072599 	 0.098470 	 0.123565
   51 	 0.071260 	 0.099767 	 0.125782
   52 	 0.073934 	 0.103470 	 0.125352
   53 	 0.015162 	 0.100142 	 0.125609
   54 	 0.015222 	 0.100253 	 0.125266
   55 	 0.074755 	 0.104037 	 0.128280
   56 	 0.020962 	 0.103316 	 0.127441
   57 	 0.020666 	 0.107589 	 0.127922
   58 	 0.084770 	 0.110284 	 0.126621
   59 	 0.038155 	 0.108474 	 0.126888
   60 	 0.081861 	 0.109675 	 0.128457
   61 	 0.087427 	 0.111916 	 0.128621
   62 	 0.015398 	 0.106056 	 0.128850
   63 	 0.015489 	 0.107036 	 0.127313
   64 	 0.038650 	 0.112019 	 0.128781
   65 	 0.037903 	 0.107748 	 0.128754
   66 	 0.037336 	 0.110093 	 0.124898
   67 	 0.093643 	 0.110842 	 0.126048
   68 	 0.087329 	 0.111696 	 0.129545
   69 	 0.015455 	 0.110767 	 0.129778
   70 	 0.093173 	 0.113517 	 0.129602
   71 	 0.092667 	 0.114094 	 0.130952
   72 	 0.098675 	 0.114329 	 0.128230
   73 	 0.100371 	 0.114750 	 0.129745
   74 	 0.097127 	 0.115638 	 0.128524
   75 	 0.100623 	 0.115603 	 0.130046
   76 	 0.081795 	 0.116656 	 0.128141
   77 	 0.084084 	 0.116971 	 0.129216
   78 	 0.079674 	 0.116146 	 0.129384
   79 	 0.015441 	 0.110996 	 0.129744
 