   0 	 0.002461 	 0.004794 	 0.009496
    1 	 0.002966 	 0.005541 	 0.012640
    2 	 0.003043 	 0.005938 	 0.009123
    3 	 0.002850 	 0.006605 	 0.016118
    4 	 0.003566 	 0.006575 	 0.016024
    5 	 0.002924 	 0.007299 	 0.015833
    6 	 0.004160 	 0.008362 	 0.020277
    7 	 0.004619 	 0.008738 	 0.019912
    8 	 0.004997 	 0.009400 	 0.017943
    9 	 0.005527 	 0.009705 	 0.019561
   10 	 0.005632 	 0.010308 	 0.021103
   11 	 0.005613 	 0.010555 	 0.022486
   12 	 0.005637 	 0.010414 	 0.022230
   13 	 0.005437 	 0.010547 	 0.022756
   14 	 0.004984 	 0.011960 	 0.024544
   15 	 0.004852 	 0.013103 	 0.025606
   16 	 0.004866 	 0.014703 	 0.025424
   17 	 0.008628 	 0.015662 	 0.028887
   18 	 0.008229 	 0.017131 	 0.039131
   19 	 0.006929 	 0.017915 	 0.042916
   20 	 0.008106 	 0.022035 	 0.043416
   21 	 0.007686 	 0.025487 	 0.043020
   22 	 0.011010 	 0.026968 	 0.043900
   23 	 0.010736 	 0.028553 	 0.050771
   24 	 0.008578 	 0.029129 	 0.051538
   25 	 0.008727 	 0.029024 	 0.052649
   26 	 0.008545 	 0.029732 	 0.051308
   27 	 0.017104 	 0.033151 	 0.062624
   28 	 0.017762 	 0.034293 	 0.055373
   29 	 0.017000 	 0.036294 	 0.065566
   30 	 0.015305 	 0.037830 	 0.064951
   31 	 0.013723 	 0.042175 	 0.077996
   32 	 0.015436 	 0.044275 	 0.077101
   33 	 0.013316 	 0.047748 	 0.088420
   34 	 0.010749 	 0.050053 	 0.089329
   35 	 0.023324 	 0.052975 	 0.092719
   36 	 0.024351 	 0.054809 	 0.092481
   37 	 0.020420 	 0.057285 	 0.099197
   38 	 0.020821 	 0.056550 	 0.097988
   39 	 0.022967 	 0.061348 	 0.102289
   40 	 0.020925 	 0.066420 	 0.114588
   41 	 0.013391 	 0.072667 	 0.112697
   42 	 0.028790 	 0.075208 	 0.119987
   43 	 0.015020 	 0.074584 	 0.118740
   44 	 0.014717 	 0.079545 	 0.122946
   45 	 0.025579 	 0.078020 	 0.124526
   46 	 0.029497 	 0.084066 	 0.124789
   47 	 0.044136 	 0.089989 	 0.126750
   48 	 0.026094 	 0.092259 	 0.124816
   49 	 0.056014 	 0.096470 	 0.125163
   50 	 0.058231 	 0.095447 	 0.126450
   51 	 0.057771 	 0.098424 	 0.136317
   52 	 0.056901 	 0.099187 	 0.128048
   53 	 0.080338 	 0.102778 	 0.133357
   54 	 0.080932 	 0.106323 	 0.131465
   55 	 0.075487 	 0.109892 	 0.135885
   56 	 0.022396 	 0.110096 	 0.133126
   57 	 0.088572 	 0.113994 	 0.147289
   58 	 0.089890 	 0.114963 	 0.141425
   59 	 0.095990 	 0.116203 	 0.158348
   60 	 0.091255 	 0.118005 	 0.141399
   61 	 0.088053 	 0.115777 	 0.129608
   62 	 0.082281 	 0.117391 	 0.141308
   63 	 0.087314 	 0.116545 	 0.131328
   64 	 0.090391 	 0.119281 	 0.133726
   65 	 0.094121 	 0.119873 	 0.134607
   66 	 0.096946 	 0.120343 	 0.134420
   67 	 0.098852 	 0.120276 	 0.133534
   68 	 0.069124 	 0.121110 	 0.146504
   69 	 0.069457 	 0.122604 	 0.140473
   70 	 0.060652 	 0.120009 	 0.134310
   71 	 0.068199 	 0.122139 	 0.134397
   72 	 0.065843 	 0.120292 	 0.134175
   73 	 0.066647 	 0.120033 	 0.133742
   74 	 0.065482 	 0.122495 	 0.134621
   75 	 0.069936 	 0.122349 	 0.132422
   76 	 0.112701 	 0.124921 	 0.134467
   77 	 0.112760 	 0.124158 	 0.135359
   78 	 0.099396 	 0.124416 	 0.134867
   79 	 0.105772 	 0.123699 	 0.133635
 