   0 	 0.002473 	 0.004482 	 0.010561
    1 	 0.002604 	 0.004826 	 0.010600
    2 	 0.003003 	 0.005302 	 0.009376
    3 	 0.002850 	 0.005996 	 0.011895
    4 	 0.004129 	 0.006479 	 0.014554
    5 	 0.003714 	 0.006654 	 0.015288
    6 	 0.003995 	 0.007033 	 0.013697
    7 	 0.004083 	 0.007744 	 0.014752
    8 	 0.004876 	 0.008782 	 0.017195
    9 	 0.004876 	 0.009819 	 0.017717
   10 	 0.005634 	 0.010338 	 0.019289
   11 	 0.005928 	 0.011319 	 0.023202
   12 	 0.006084 	 0.012048 	 0.019865
   13 	 0.006320 	 0.013390 	 0.025539
   14 	 0.007433 	 0.014135 	 0.027205
   15 	 0.007499 	 0.015528 	 0.027019
   16 	 0.007402 	 0.015488 	 0.029590
   17 	 0.006882 	 0.017717 	 0.032045
   18 	 0.007657 	 0.018292 	 0.038501
   19 	 0.007653 	 0.020394 	 0.036484
   20 	 0.010409 	 0.021241 	 0.034822
   21 	 0.010154 	 0.021091 	 0.041656
   22 	 0.007707 	 0.022134 	 0.042824
   23 	 0.007692 	 0.024602 	 0.043547
   24 	 0.008394 	 0.024691 	 0.049125
   25 	 0.008359 	 0.027160 	 0.052937
   26 	 0.008438 	 0.028287 	 0.049337
   27 	 0.010757 	 0.030143 	 0.047790
   28 	 0.010685 	 0.031128 	 0.047719
   29 	 0.011462 	 0.033306 	 0.047841
   30 	 0.026994 	 0.037927 	 0.052109
   31 	 0.026826 	 0.038506 	 0.054215
   32 	 0.028866 	 0.038748 	 0.053099
   33 	 0.013265 	 0.038097 	 0.054154
   34 	 0.012984 	 0.040177 	 0.058544
   35 	 0.013464 	 0.040680 	 0.059759
   36 	 0.011249 	 0.041624 	 0.058934
   37 	 0.013393 	 0.042953 	 0.056748
   38 	 0.013384 	 0.041647 	 0.055551
   39 	 0.027613 	 0.045542 	 0.056859
   40 	 0.018502 	 0.044301 	 0.054117
   41 	 0.013624 	 0.043661 	 0.057688
   42 	 0.017970 	 0.045611 	 0.065451
   43 	 0.021605 	 0.046419 	 0.058184
   44 	 0.021164 	 0.045952 	 0.055401
   45 	 0.021242 	 0.045246 	 0.054946
   46 	 0.012980 	 0.044625 	 0.056170
   47 	 0.024057 	 0.046302 	 0.057666
   48 	 0.023373 	 0.046230 	 0.056270
   49 	 0.036738 	 0.047908 	 0.063790
   50 	 0.035896 	 0.048952 	 0.063631
   51 	 0.035808 	 0.048142 	 0.061731
   52 	 0.024222 	 0.047232 	 0.061188
   53 	 0.023122 	 0.047361 	 0.063285
   54 	 0.024386 	 0.048173 	 0.063550
   55 	 0.013988 	 0.044544 	 0.065448
   56 	 0.021053 	 0.045320 	 0.063509
   57 	 0.020176 	 0.047275 	 0.063944
   58 	 0.026280 	 0.047659 	 0.064866
   59 	 0.026861 	 0.049132 	 0.063193
   60 	 0.022885 	 0.049952 	 0.062515
   61 	 0.025205 	 0.051133 	 0.063226
   62 	 0.013745 	 0.051168 	 0.063049
   63 	 0.021311 	 0.051044 	 0.064916
   64 	 0.014109 	 0.050400 	 0.066654
   65 	 0.015899 	 0.051488 	 0.070627
   66 	 0.035473 	 0.053258 	 0.067642
   67 	 0.020762 	 0.051327 	 0.065819
   68 	 0.031345 	 0.051291 	 0.065642
   69 	 0.025188 	 0.052026 	 0.064298
   70 	 0.013614 	 0.052545 	 0.066700
   71 	 0.032019 	 0.053527 	 0.066083
   72 	 0.014047 	 0.052691 	 0.066803
   73 	 0.022371 	 0.053979 	 0.067508
   74 	 0.022043 	 0.053303 	 0.067410
   75 	 0.022005 	 0.053924 	 0.068863
   76 	 0.013292 	 0.054396 	 0.068614
   77 	 0.031719 	 0.056840 	 0.066972
   78 	 0.034480 	 0.056848 	 0.066588
   79 	 0.020050 	 0.057039 	 0.067738
 