   0 	 0.002458 	 0.004946 	 0.010471
    1 	 0.002197 	 0.005512 	 0.014129
    2 	 0.002642 	 0.006789 	 0.014906
    3 	 0.004098 	 0.007388 	 0.014795
    4 	 0.003994 	 0.008073 	 0.019436
    5 	 0.005028 	 0.009466 	 0.020478
    6 	 0.004347 	 0.010989 	 0.022822
    7 	 0.004005 	 0.012046 	 0.022271
    8 	 0.007231 	 0.013351 	 0.027099
    9 	 0.007185 	 0.014727 	 0.029286
   10 	 0.006611 	 0.015715 	 0.027136
   11 	 0.010634 	 0.018469 	 0.033734
   12 	 0.007494 	 0.018657 	 0.031848
   13 	 0.008357 	 0.020083 	 0.037662
   14 	 0.008570 	 0.021839 	 0.041850
   15 	 0.005944 	 0.022691 	 0.041368
   16 	 0.009257 	 0.023081 	 0.042252
   17 	 0.008567 	 0.023904 	 0.037993
   18 	 0.008425 	 0.023820 	 0.036650
   19 	 0.011694 	 0.025022 	 0.035917
   20 	 0.012582 	 0.025909 	 0.040637
   21 	 0.013086 	 0.027115 	 0.047285
   22 	 0.015349 	 0.027508 	 0.048768
   23 	 0.013836 	 0.027009 	 0.048657
   24 	 0.011666 	 0.027663 	 0.048630
   25 	 0.012316 	 0.030486 	 0.049964
   26 	 0.012951 	 0.031563 	 0.053430
   27 	 0.019339 	 0.033467 	 0.048236
   28 	 0.020942 	 0.034750 	 0.052351
   29 	 0.017831 	 0.036187 	 0.050745
   30 	 0.016313 	 0.035456 	 0.051745
   31 	 0.016307 	 0.036472 	 0.051770
   32 	 0.009809 	 0.035779 	 0.051333
   33 	 0.016140 	 0.037099 	 0.054799
   34 	 0.017521 	 0.036441 	 0.056320
   35 	 0.015064 	 0.037334 	 0.053712
   36 	 0.018207 	 0.039433 	 0.053872
   37 	 0.018046 	 0.042231 	 0.055324
   38 	 0.017195 	 0.042478 	 0.054275
   39 	 0.019433 	 0.044598 	 0.055521
   40 	 0.019498 	 0.044547 	 0.058112
   41 	 0.020232 	 0.044608 	 0.056658
   42 	 0.023829 	 0.044997 	 0.057642
   43 	 0.023697 	 0.046094 	 0.057599
   44 	 0.021712 	 0.045238 	 0.055684
   45 	 0.030923 	 0.046612 	 0.057204
   46 	 0.025946 	 0.047289 	 0.056215
   47 	 0.027850 	 0.047931 	 0.056212
   48 	 0.028575 	 0.048435 	 0.059673
   49 	 0.018506 	 0.048880 	 0.058644
   50 	 0.017982 	 0.049091 	 0.059156
   51 	 0.017148 	 0.049816 	 0.057401
   52 	 0.034394 	 0.051359 	 0.060028
   53 	 0.011598 	 0.051943 	 0.058756
   54 	 0.028585 	 0.052138 	 0.060993
   55 	 0.027622 	 0.051960 	 0.060812
   56 	 0.029629 	 0.052210 	 0.060899
   57 	 0.029266 	 0.052120 	 0.060265
   58 	 0.028742 	 0.052478 	 0.059572
   59 	 0.029145 	 0.051461 	 0.060906
   60 	 0.038623 	 0.052403 	 0.058286
   61 	 0.028854 	 0.052097 	 0.060228
   62 	 0.019601 	 0.051626 	 0.060451
   63 	 0.028937 	 0.052716 	 0.058407
   64 	 0.043562 	 0.053677 	 0.059823
   65 	 0.043751 	 0.053459 	 0.061373
   66 	 0.042916 	 0.053794 	 0.060313
   67 	 0.039276 	 0.052893 	 0.060671
   68 	 0.038533 	 0.054198 	 0.061574
   69 	 0.029625 	 0.053859 	 0.062102
   70 	 0.029903 	 0.053999 	 0.061914
   71 	 0.028104 	 0.054699 	 0.060697
   72 	 0.029043 	 0.054954 	 0.060342
   73 	 0.038300 	 0.055765 	 0.060840
   74 	 0.051458 	 0.056296 	 0.061919
   75 	 0.052241 	 0.056693 	 0.062005
   76 	 0.038719 	 0.056350 	 0.061489
   77 	 0.052630 	 0.056755 	 0.061597
   78 	 0.052182 	 0.057059 	 0.061791
   79 	 0.050623 	 0.056645 	 0.060488
 