   0 	 0.002301 	 0.004561 	 0.008556
    1 	 0.002720 	 0.004783 	 0.008486
    2 	 0.002619 	 0.005277 	 0.008851
    3 	 0.002701 	 0.005866 	 0.012928
    4 	 0.002956 	 0.006055 	 0.013240
    5 	 0.002752 	 0.006980 	 0.025440
    6 	 0.003966 	 0.008425 	 0.025927
    7 	 0.004121 	 0.011056 	 0.034869
    8 	 0.005099 	 0.014216 	 0.041268
    9 	 0.005712 	 0.015233 	 0.041861
   10 	 0.006073 	 0.020431 	 0.048057
   11 	 0.008941 	 0.024685 	 0.047303
   12 	 0.011010 	 0.030516 	 0.052308
   13 	 0.007631 	 0.031738 	 0.054002
   14 	 0.007616 	 0.033171 	 0.056733
   15 	 0.016446 	 0.034229 	 0.047697
   16 	 0.017209 	 0.034571 	 0.048075
   17 	 0.017314 	 0.035171 	 0.047162
   18 	 0.015235 	 0.034882 	 0.050229
   19 	 0.015882 	 0.033986 	 0.048827
   20 	 0.016149 	 0.034827 	 0.048369
   21 	 0.017159 	 0.034839 	 0.048305
   22 	 0.021727 	 0.036258 	 0.048948
   23 	 0.023043 	 0.036747 	 0.051098
   24 	 0.022331 	 0.036198 	 0.050007
   25 	 0.022374 	 0.036168 	 0.049370
   26 	 0.021219 	 0.036110 	 0.047398
   27 	 0.017080 	 0.036884 	 0.054315
   28 	 0.016959 	 0.036309 	 0.052424
   29 	 0.016457 	 0.036055 	 0.053861
   30 	 0.016292 	 0.036961 	 0.053849
   31 	 0.016705 	 0.039364 	 0.053263
   32 	 0.015806 	 0.039586 	 0.059461
   33 	 0.017569 	 0.041314 	 0.060337
   34 	 0.017933 	 0.041715 	 0.058881
   35 	 0.016186 	 0.043048 	 0.062125
   36 	 0.017874 	 0.046029 	 0.063591
   37 	 0.025559 	 0.046605 	 0.063996
   38 	 0.016263 	 0.047399 	 0.063722
   39 	 0.017499 	 0.047986 	 0.064123
   40 	 0.015395 	 0.048169 	 0.064328
   41 	 0.015915 	 0.049683 	 0.065727
   42 	 0.033652 	 0.050060 	 0.062807
   43 	 0.038448 	 0.050660 	 0.062902
   44 	 0.017109 	 0.050948 	 0.064391
   45 	 0.031881 	 0.051762 	 0.064241
   46 	 0.036983 	 0.052777 	 0.064692
   47 	 0.017254 	 0.051109 	 0.060976
   48 	 0.039325 	 0.052648 	 0.061502
   49 	 0.037637 	 0.052603 	 0.064364
   50 	 0.043847 	 0.052539 	 0.064243
   51 	 0.017966 	 0.050621 	 0.066590
   52 	 0.034464 	 0.053574 	 0.065922
   53 	 0.040438 	 0.054053 	 0.065054
   54 	 0.040394 	 0.054472 	 0.062142
   55 	 0.023323 	 0.053354 	 0.061441
   56 	 0.023158 	 0.054000 	 0.062349
   57 	 0.027061 	 0.054045 	 0.062199
   58 	 0.017707 	 0.053296 	 0.062693
   59 	 0.028469 	 0.055102 	 0.060690
   60 	 0.017492 	 0.053862 	 0.061570
   61 	 0.035126 	 0.056240 	 0.061753
   62 	 0.035940 	 0.056285 	 0.061542
   63 	 0.037781 	 0.056299 	 0.061837
   64 	 0.051914 	 0.056987 	 0.062202
   65 	 0.051716 	 0.056719 	 0.061838
   66 	 0.052208 	 0.056725 	 0.062149
   67 	 0.051402 	 0.056966 	 0.061868
   68 	 0.025985 	 0.056539 	 0.061942
   69 	 0.048078 	 0.057536 	 0.062470
   70 	 0.017521 	 0.056992 	 0.062255
   71 	 0.017970 	 0.054888 	 0.061993
   72 	 0.017900 	 0.053943 	 0.062230
   73 	 0.017523 	 0.054109 	 0.061575
   74 	 0.017693 	 0.053524 	 0.061038
   75 	 0.024886 	 0.056169 	 0.062084
   76 	 0.032917 	 0.056709 	 0.061900
   77 	 0.035384 	 0.056578 	 0.062303
   78 	 0.034498 	 0.056295 	 0.062003
   79 	 0.031689 	 0.055737 	 0.061729
 