   0 	 0.002374 	 0.004717 	 0.009989
    1 	 0.002606 	 0.005069 	 0.010861
    2 	 0.002454 	 0.005362 	 0.008895
    3 	 0.002453 	 0.005518 	 0.008890
    4 	 0.002457 	 0.006248 	 0.013335
    5 	 0.002859 	 0.006817 	 0.013388
    6 	 0.002957 	 0.007773 	 0.019809
    7 	 0.003782 	 0.008660 	 0.018865
    8 	 0.004707 	 0.009066 	 0.020484
    9 	 0.004731 	 0.009673 	 0.020528
   10 	 0.005254 	 0.010372 	 0.020542
   11 	 0.005093 	 0.011176 	 0.024550
   12 	 0.005065 	 0.012690 	 0.026110
   13 	 0.005203 	 0.013896 	 0.027291
   14 	 0.006191 	 0.015109 	 0.027072
   15 	 0.006505 	 0.017532 	 0.029189
   16 	 0.006589 	 0.018776 	 0.035990
   17 	 0.008135 	 0.019817 	 0.032950
   18 	 0.012360 	 0.021492 	 0.037512
   19 	 0.012409 	 0.023023 	 0.036982
   20 	 0.011268 	 0.022466 	 0.041992
   21 	 0.013940 	 0.023535 	 0.038742
   22 	 0.012917 	 0.023839 	 0.042469
   23 	 0.015731 	 0.025766 	 0.045866
   24 	 0.015631 	 0.027035 	 0.046441
   25 	 0.015097 	 0.027580 	 0.045952
   26 	 0.016079 	 0.030848 	 0.047736
   27 	 0.016144 	 0.032447 	 0.046737
   28 	 0.021881 	 0.034450 	 0.048912
   29 	 0.012289 	 0.034405 	 0.054186
   30 	 0.018613 	 0.037132 	 0.054335
   31 	 0.018492 	 0.038909 	 0.051443
   32 	 0.017179 	 0.038629 	 0.055562
   33 	 0.016959 	 0.038833 	 0.052630
   34 	 0.025609 	 0.041998 	 0.057434
   35 	 0.025917 	 0.042252 	 0.056663
   36 	 0.027167 	 0.043071 	 0.062803
   37 	 0.026243 	 0.043672 	 0.067884
   38 	 0.026050 	 0.044785 	 0.065631
   39 	 0.022272 	 0.043844 	 0.064709
   40 	 0.015045 	 0.042570 	 0.054203
   41 	 0.025516 	 0.045273 	 0.054295
   42 	 0.024559 	 0.045060 	 0.057872
   43 	 0.014422 	 0.043931 	 0.058887
   44 	 0.014354 	 0.046095 	 0.060028
   45 	 0.038348 	 0.046787 	 0.056813
   46 	 0.033038 	 0.046775 	 0.057889
   47 	 0.029433 	 0.046841 	 0.057291
   48 	 0.030208 	 0.046406 	 0.058110
   49 	 0.039360 	 0.047227 	 0.057125
   50 	 0.040431 	 0.047727 	 0.057373
   51 	 0.040540 	 0.048279 	 0.056905
   52 	 0.025337 	 0.047920 	 0.056649
   53 	 0.022024 	 0.048433 	 0.056828
   54 	 0.023057 	 0.047972 	 0.055845
   55 	 0.021430 	 0.047609 	 0.058020
   56 	 0.021614 	 0.048009 	 0.058148
   57 	 0.029509 	 0.047827 	 0.057755
   58 	 0.028767 	 0.048297 	 0.055581
   59 	 0.029136 	 0.049097 	 0.056078
   60 	 0.038694 	 0.049608 	 0.058384
   61 	 0.038230 	 0.049076 	 0.055229
   62 	 0.019118 	 0.048514 	 0.056100
   63 	 0.029395 	 0.049078 	 0.055666
   64 	 0.028843 	 0.048625 	 0.056153
   65 	 0.035590 	 0.048618 	 0.059217
   66 	 0.033340 	 0.049128 	 0.065738
   67 	 0.036075 	 0.050337 	 0.063428
   68 	 0.035101 	 0.049584 	 0.065314
   69 	 0.024900 	 0.049546 	 0.057414
   70 	 0.026006 	 0.049195 	 0.057398
   71 	 0.026206 	 0.049225 	 0.057189
   72 	 0.023262 	 0.048900 	 0.056516
   73 	 0.036107 	 0.048710 	 0.054598
   74 	 0.035195 	 0.050055 	 0.055082
   75 	 0.035965 	 0.049911 	 0.056879
   76 	 0.040111 	 0.050774 	 0.058560
   77 	 0.032119 	 0.049982 	 0.056815
   78 	 0.032019 	 0.049474 	 0.056769
   79 	 0.033786 	 0.050365 	 0.055761
 