   0 	 0.003074 	 0.004900 	 0.010808
    1 	 0.002948 	 0.005372 	 0.011213
    2 	 0.003266 	 0.005784 	 0.009443
    3 	 0.003482 	 0.005964 	 0.012305
    4 	 0.003981 	 0.006748 	 0.011770
    5 	 0.003316 	 0.007928 	 0.013491
    6 	 0.004391 	 0.008682 	 0.013385
    7 	 0.004993 	 0.008976 	 0.014979
    8 	 0.005158 	 0.009102 	 0.017518
    9 	 0.006192 	 0.010014 	 0.018674
   10 	 0.005358 	 0.010950 	 0.030393
   11 	 0.005865 	 0.011300 	 0.029266
   12 	 0.006633 	 0.012892 	 0.038189
   13 	 0.006949 	 0.016018 	 0.039214
   14 	 0.007907 	 0.019653 	 0.039682
   15 	 0.007579 	 0.021804 	 0.052593
   16 	 0.007985 	 0.022645 	 0.050727
   17 	 0.011030 	 0.025733 	 0.065668
   18 	 0.009986 	 0.030220 	 0.068984
   19 	 0.011060 	 0.036221 	 0.068564
   20 	 0.013436 	 0.041340 	 0.069805
   21 	 0.020969 	 0.041837 	 0.062974
   22 	 0.022798 	 0.044860 	 0.067678
   23 	 0.020726 	 0.044885 	 0.071722
   24 	 0.022910 	 0.048063 	 0.071084
   25 	 0.022574 	 0.046904 	 0.067784
   26 	 0.021211 	 0.048047 	 0.070200
   27 	 0.026408 	 0.050243 	 0.072527
   28 	 0.011689 	 0.051610 	 0.071028
   29 	 0.027324 	 0.056656 	 0.075863
   30 	 0.029468 	 0.057001 	 0.071350
   31 	 0.014348 	 0.056064 	 0.071726
   32 	 0.014384 	 0.057197 	 0.071780
   33 	 0.038439 	 0.059264 	 0.071130
   34 	 0.018540 	 0.059216 	 0.072890
   35 	 0.027743 	 0.061239 	 0.073237
   36 	 0.033188 	 0.062372 	 0.074657
   37 	 0.048076 	 0.064530 	 0.077829
   38 	 0.022384 	 0.063604 	 0.073656
   39 	 0.032809 	 0.064487 	 0.076404
   40 	 0.049400 	 0.065371 	 0.074828
   41 	 0.054391 	 0.065859 	 0.074977
   42 	 0.053511 	 0.065595 	 0.076284
   43 	 0.022445 	 0.065068 	 0.073816
   44 	 0.049060 	 0.066904 	 0.075112
   45 	 0.057374 	 0.067276 	 0.074971
   46 	 0.022204 	 0.066739 	 0.075207
   47 	 0.027734 	 0.066514 	 0.074532
   48 	 0.054309 	 0.068036 	 0.074984
   49 	 0.055777 	 0.067969 	 0.076170
   50 	 0.061934 	 0.069240 	 0.075274
   51 	 0.028199 	 0.067532 	 0.075930
   52 	 0.060695 	 0.068957 	 0.075265
   53 	 0.034443 	 0.068041 	 0.075109
   54 	 0.061203 	 0.068209 	 0.075802
   55 	 0.063589 	 0.068413 	 0.074371
   56 	 0.032626 	 0.068160 	 0.076430
   57 	 0.031996 	 0.068255 	 0.075890
   58 	 0.022877 	 0.067052 	 0.074695
   59 	 0.022648 	 0.065489 	 0.074225
   60 	 0.019340 	 0.062174 	 0.074787
   61 	 0.022530 	 0.063047 	 0.073901
   62 	 0.023448 	 0.063963 	 0.072866
   63 	 0.023194 	 0.066114 	 0.074106
   64 	 0.023292 	 0.064788 	 0.073408
   65 	 0.028951 	 0.065702 	 0.073026
   66 	 0.028134 	 0.066001 	 0.073820
   67 	 0.022711 	 0.066265 	 0.074177
   68 	 0.023571 	 0.066193 	 0.073869
   69 	 0.032173 	 0.065417 	 0.074787
   70 	 0.033244 	 0.066313 	 0.074532
   71 	 0.033531 	 0.065392 	 0.074611
   72 	 0.033000 	 0.066361 	 0.075322
   73 	 0.035594 	 0.067297 	 0.078250
   74 	 0.034908 	 0.067146 	 0.074066
   75 	 0.022814 	 0.063032 	 0.074451
   76 	 0.020608 	 0.066475 	 0.074695
   77 	 0.020453 	 0.066704 	 0.074370
   78 	 0.020470 	 0.066213 	 0.073139
   79 	 0.021007 	 0.066310 	 0.073754
 