   0 	 0.001938 	 0.004400 	 0.008383
    1 	 0.002606 	 0.005109 	 0.011828
    2 	 0.002989 	 0.005658 	 0.015386
    3 	 0.002806 	 0.006256 	 0.015206
    4 	 0.002992 	 0.006293 	 0.014423
    5 	 0.002930 	 0.007384 	 0.014500
    6 	 0.003391 	 0.008409 	 0.014378
    7 	 0.005208 	 0.008950 	 0.015775
    8 	 0.005755 	 0.009885 	 0.021637
    9 	 0.005695 	 0.011121 	 0.021623
   10 	 0.005237 	 0.012340 	 0.026179
   11 	 0.005736 	 0.013588 	 0.035162
   12 	 0.006543 	 0.015216 	 0.040653
   13 	 0.006970 	 0.018188 	 0.039144
   14 	 0.007280 	 0.021526 	 0.036297
   15 	 0.008947 	 0.023937 	 0.038442
   16 	 0.014291 	 0.026295 	 0.056192
   17 	 0.011609 	 0.026829 	 0.063554
   18 	 0.014380 	 0.028479 	 0.059391
   19 	 0.013938 	 0.030147 	 0.053493
   20 	 0.015465 	 0.033451 	 0.056961
   21 	 0.015645 	 0.037394 	 0.063363
   22 	 0.020501 	 0.043790 	 0.072186
   23 	 0.014965 	 0.045474 	 0.067719
   24 	 0.033556 	 0.048637 	 0.068419
   25 	 0.012365 	 0.049174 	 0.065465
   26 	 0.035252 	 0.052674 	 0.077663
   27 	 0.031223 	 0.055042 	 0.088481
   28 	 0.031298 	 0.055287 	 0.086501
   29 	 0.013358 	 0.055150 	 0.081023
   30 	 0.035440 	 0.056097 	 0.081275
   31 	 0.031453 	 0.058045 	 0.085939
   32 	 0.034834 	 0.060430 	 0.087436
   33 	 0.028963 	 0.064578 	 0.097154
   34 	 0.027430 	 0.063399 	 0.101932
   35 	 0.044135 	 0.070288 	 0.096247
   36 	 0.026672 	 0.071318 	 0.110798
   37 	 0.015471 	 0.072545 	 0.101930
   38 	 0.033268 	 0.075360 	 0.103169
   39 	 0.033002 	 0.077639 	 0.104161
   40 	 0.030065 	 0.076505 	 0.098495
   41 	 0.023249 	 0.079257 	 0.109163
   42 	 0.058024 	 0.081997 	 0.106202
   43 	 0.023145 	 0.080162 	 0.111063
   44 	 0.014042 	 0.078645 	 0.105952
   45 	 0.014094 	 0.081476 	 0.109799
   46 	 0.066560 	 0.086009 	 0.109777
   47 	 0.022607 	 0.084641 	 0.106277
   48 	 0.022195 	 0.084764 	 0.114439
   49 	 0.055920 	 0.086082 	 0.111031
   50 	 0.057159 	 0.086561 	 0.105834
   51 	 0.059124 	 0.088978 	 0.121515
   52 	 0.064276 	 0.089008 	 0.117812
   53 	 0.048051 	 0.089897 	 0.120627
   54 	 0.069114 	 0.092084 	 0.113455
   55 	 0.056906 	 0.089566 	 0.119116
   56 	 0.033805 	 0.092679 	 0.121181
   57 	 0.015371 	 0.089104 	 0.114578
   58 	 0.063359 	 0.094234 	 0.110617
   59 	 0.070263 	 0.096489 	 0.114996
   60 	 0.067992 	 0.096836 	 0.114668
   61 	 0.079650 	 0.099161 	 0.115945
   62 	 0.033987 	 0.097977 	 0.117705
   63 	 0.034043 	 0.098002 	 0.117013
   64 	 0.083585 	 0.100096 	 0.118391
   65 	 0.079759 	 0.100017 	 0.119828
   66 	 0.080556 	 0.101187 	 0.118345
   67 	 0.091434 	 0.102717 	 0.122427
   68 	 0.089478 	 0.104178 	 0.119526
   69 	 0.026703 	 0.102568 	 0.122932
   70 	 0.087321 	 0.105284 	 0.118771
   71 	 0.083153 	 0.106014 	 0.121523
   72 	 0.084111 	 0.107216 	 0.121158
   73 	 0.085965 	 0.108055 	 0.121143
   74 	 0.091436 	 0.107977 	 0.121402
   75 	 0.095852 	 0.107251 	 0.123413
   76 	 0.035328 	 0.106787 	 0.122460
   77 	 0.022646 	 0.107063 	 0.122468
   78 	 0.026869 	 0.107731 	 0.119714
   79 	 0.095960 	 0.109618 	 0.120968
 