   0 	 0.002657 	 0.004387 	 0.008259
    1 	 0.003023 	 0.004578 	 0.011813
    2 	 0.002962 	 0.004965 	 0.022458
    3 	 0.002988 	 0.005930 	 0.022679
    4 	 0.003514 	 0.008021 	 0.024773
    5 	 0.003078 	 0.008656 	 0.021245
    6 	 0.002942 	 0.010296 	 0.022613
    7 	 0.004134 	 0.011433 	 0.020705
    8 	 0.007354 	 0.014077 	 0.025016
    9 	 0.006821 	 0.015891 	 0.026719
   10 	 0.006730 	 0.016582 	 0.028805
   11 	 0.008669 	 0.017827 	 0.028536
   12 	 0.009800 	 0.018301 	 0.029696
   13 	 0.009611 	 0.019092 	 0.025611
   14 	 0.010940 	 0.019371 	 0.026889
   15 	 0.013247 	 0.020256 	 0.026931
   16 	 0.014668 	 0.020626 	 0.026238
   17 	 0.014879 	 0.021414 	 0.027452
   18 	 0.014918 	 0.021952 	 0.027202
   19 	 0.015010 	 0.021844 	 0.034363
   20 	 0.010156 	 0.022277 	 0.030469
   21 	 0.016894 	 0.022886 	 0.029434
   22 	 0.016348 	 0.022693 	 0.033035
   23 	 0.015892 	 0.022423 	 0.032023
   24 	 0.015416 	 0.022096 	 0.031794
   25 	 0.013446 	 0.022585 	 0.032374
   26 	 0.013340 	 0.022963 	 0.035174
   27 	 0.015964 	 0.022846 	 0.031595
   28 	 0.014663 	 0.022548 	 0.034618
   29 	 0.016437 	 0.022065 	 0.029827
   30 	 0.016249 	 0.021877 	 0.029528
   31 	 0.015687 	 0.021633 	 0.028464
   32 	 0.011568 	 0.021604 	 0.027955
   33 	 0.008339 	 0.021997 	 0.027946
   34 	 0.011133 	 0.022866 	 0.028626
   35 	 0.010717 	 0.022834 	 0.028330
   36 	 0.010346 	 0.023734 	 0.028610
   37 	 0.019142 	 0.024607 	 0.030265
   38 	 0.020079 	 0.025829 	 0.031525
   39 	 0.009090 	 0.025160 	 0.032023
   40 	 0.008848 	 0.025669 	 0.032263
   41 	 0.012786 	 0.025851 	 0.032559
   42 	 0.008987 	 0.026296 	 0.032611
   43 	 0.009037 	 0.027085 	 0.032159
   44 	 0.016480 	 0.027909 	 0.032701
   45 	 0.016603 	 0.027529 	 0.032399
   46 	 0.018289 	 0.027373 	 0.032634
   47 	 0.014559 	 0.027539 	 0.032394
   48 	 0.014587 	 0.028129 	 0.032633
   49 	 0.013066 	 0.027378 	 0.031847
   50 	 0.015576 	 0.028355 	 0.032348
   51 	 0.018862 	 0.028885 	 0.032562
   52 	 0.015360 	 0.029252 	 0.032474
   53 	 0.014774 	 0.029029 	 0.032440
   54 	 0.015636 	 0.029194 	 0.032387
   55 	 0.009641 	 0.028914 	 0.032429
   56 	 0.015896 	 0.029014 	 0.032730
   57 	 0.016557 	 0.029568 	 0.033786
   58 	 0.022797 	 0.029565 	 0.033783
   59 	 0.027535 	 0.030015 	 0.033475
   60 	 0.025262 	 0.030163 	 0.035198
   61 	 0.026774 	 0.030262 	 0.034087
   62 	 0.015734 	 0.030334 	 0.042611
   63 	 0.016043 	 0.030866 	 0.048796
   64 	 0.023442 	 0.031150 	 0.047149
   65 	 0.015575 	 0.030425 	 0.040330
   66 	 0.014735 	 0.029915 	 0.041767
   67 	 0.023173 	 0.032031 	 0.048235
   68 	 0.022135 	 0.034389 	 0.048744
   69 	 0.016283 	 0.034369 	 0.053077
   70 	 0.023211 	 0.036529 	 0.054272
   71 	 0.028083 	 0.037201 	 0.052841
   72 	 0.028310 	 0.040630 	 0.052996
   73 	 0.015449 	 0.042371 	 0.055325
   74 	 0.015462 	 0.042789 	 0.054856
   75 	 0.028908 	 0.043007 	 0.055421
   76 	 0.014539 	 0.045023 	 0.055467
   77 	 0.014575 	 0.046291 	 0.055378
   78 	 0.029434 	 0.047360 	 0.055329
   79 	 0.030307 	 0.048311 	 0.055433
 