   0 	 0.002991 	 0.004696 	 0.008906
    1 	 0.002842 	 0.005492 	 0.013064
    2 	 0.002957 	 0.005413 	 0.009717
    3 	 0.002892 	 0.005639 	 0.010794
    4 	 0.003555 	 0.006340 	 0.016304
    5 	 0.003860 	 0.006854 	 0.012675
    6 	 0.003987 	 0.007398 	 0.013360
    7 	 0.004038 	 0.008426 	 0.014854
    8 	 0.004306 	 0.008829 	 0.019552
    9 	 0.005078 	 0.009476 	 0.022260
   10 	 0.004883 	 0.010246 	 0.019900
   11 	 0.004921 	 0.010687 	 0.017019
   12 	 0.004466 	 0.011150 	 0.017109
   13 	 0.006040 	 0.011783 	 0.021290
   14 	 0.005691 	 0.012207 	 0.017482
   15 	 0.006226 	 0.012482 	 0.017825
   16 	 0.007682 	 0.013022 	 0.020127
   17 	 0.006230 	 0.013646 	 0.022323
   18 	 0.005965 	 0.013783 	 0.022024
   19 	 0.008064 	 0.014744 	 0.022878
   20 	 0.009584 	 0.015755 	 0.026582
   21 	 0.008525 	 0.015390 	 0.026223
   22 	 0.006445 	 0.015861 	 0.024946
   23 	 0.006446 	 0.016886 	 0.032628
   24 	 0.009289 	 0.018317 	 0.039537
   25 	 0.007966 	 0.018798 	 0.033844
   26 	 0.008154 	 0.020814 	 0.041375
   27 	 0.008323 	 0.021879 	 0.048920
   28 	 0.011998 	 0.024154 	 0.045094
   29 	 0.012028 	 0.026360 	 0.062545
   30 	 0.015996 	 0.028862 	 0.066454
   31 	 0.016611 	 0.032601 	 0.060901
   32 	 0.011960 	 0.032879 	 0.067711
   33 	 0.012660 	 0.036215 	 0.077015
   34 	 0.012475 	 0.039178 	 0.072761
   35 	 0.018400 	 0.043731 	 0.070406
   36 	 0.017950 	 0.046487 	 0.072276
   37 	 0.026283 	 0.053580 	 0.115556
   38 	 0.025723 	 0.056904 	 0.120623
   39 	 0.025613 	 0.062133 	 0.124012
   40 	 0.026299 	 0.070614 	 0.144727
   41 	 0.030485 	 0.074200 	 0.142506
   42 	 0.039182 	 0.082075 	 0.163518
   43 	 0.044786 	 0.088423 	 0.147671
   44 	 0.045743 	 0.096393 	 0.154356
   45 	 0.024974 	 0.100007 	 0.161947
   46 	 0.042520 	 0.105811 	 0.159597
   47 	 0.062367 	 0.116892 	 0.163255
   48 	 0.063243 	 0.118596 	 0.164950
   49 	 0.063529 	 0.123116 	 0.164248
   50 	 0.019704 	 0.125205 	 0.164126
   51 	 0.047440 	 0.130331 	 0.166851
   52 	 0.064274 	 0.130460 	 0.164443
   53 	 0.065381 	 0.130561 	 0.163777
   54 	 0.065406 	 0.135620 	 0.166229
   55 	 0.084819 	 0.139089 	 0.166496
   56 	 0.088590 	 0.143319 	 0.166969
   57 	 0.083343 	 0.142996 	 0.169048
   58 	 0.066100 	 0.142416 	 0.169726
   59 	 0.083050 	 0.146408 	 0.164890
   60 	 0.085874 	 0.145579 	 0.167774
   61 	 0.084034 	 0.145281 	 0.166613
   62 	 0.108856 	 0.146838 	 0.168522
   63 	 0.111294 	 0.148610 	 0.166423
   64 	 0.016267 	 0.145977 	 0.166822
   65 	 0.086285 	 0.148312 	 0.168215
   66 	 0.062728 	 0.147772 	 0.164333
   67 	 0.113704 	 0.148701 	 0.167503
   68 	 0.133410 	 0.150801 	 0.165149
   69 	 0.134622 	 0.151683 	 0.166642
   70 	 0.126102 	 0.151201 	 0.168041
   71 	 0.059230 	 0.148657 	 0.164455
   72 	 0.059782 	 0.148439 	 0.165752
   73 	 0.120970 	 0.149736 	 0.166765
   74 	 0.126049 	 0.149568 	 0.165114
   75 	 0.075052 	 0.151138 	 0.169204
   76 	 0.027560 	 0.148923 	 0.165757
   77 	 0.016492 	 0.147880 	 0.168623
   78 	 0.038597 	 0.149091 	 0.163667
   79 	 0.139426 	 0.153688 	 0.166223
 