   0 	 0.002878 	 0.004814 	 0.012097
    1 	 0.002932 	 0.005165 	 0.010804
    2 	 0.002914 	 0.005531 	 0.009822
    3 	 0.003035 	 0.005643 	 0.009106
    4 	 0.003682 	 0.005908 	 0.009845
    5 	 0.003784 	 0.006184 	 0.013076
    6 	 0.003950 	 0.006923 	 0.017490
    7 	 0.002960 	 0.008352 	 0.018652
    8 	 0.003673 	 0.008955 	 0.016164
    9 	 0.003706 	 0.010223 	 0.025301
   10 	 0.004287 	 0.011978 	 0.033530
   11 	 0.006437 	 0.015607 	 0.036848
   12 	 0.006653 	 0.016913 	 0.050145
   13 	 0.008466 	 0.019339 	 0.047998
   14 	 0.009450 	 0.020278 	 0.054312
   15 	 0.007521 	 0.021977 	 0.056064
   16 	 0.006686 	 0.023655 	 0.057560
   17 	 0.009972 	 0.032268 	 0.059726
   18 	 0.008858 	 0.038321 	 0.075554
   19 	 0.011856 	 0.045111 	 0.078926
   20 	 0.011682 	 0.047421 	 0.074326
   21 	 0.024073 	 0.051567 	 0.076778
   22 	 0.014045 	 0.050576 	 0.082729
   23 	 0.018664 	 0.053743 	 0.075889
   24 	 0.016407 	 0.055596 	 0.079132
   25 	 0.017019 	 0.055801 	 0.073818
   26 	 0.018035 	 0.055435 	 0.071162
   27 	 0.018337 	 0.054490 	 0.072516
   28 	 0.025100 	 0.055296 	 0.078555
   29 	 0.023213 	 0.056259 	 0.077881
   30 	 0.020928 	 0.057497 	 0.085963
   31 	 0.013934 	 0.059454 	 0.095401
   32 	 0.026235 	 0.063417 	 0.093498
   33 	 0.014488 	 0.062652 	 0.096653
   34 	 0.024901 	 0.066213 	 0.098159
   35 	 0.018764 	 0.069783 	 0.103494
   36 	 0.030086 	 0.071969 	 0.099127
   37 	 0.031627 	 0.075015 	 0.105755
   38 	 0.053203 	 0.077673 	 0.107461
   39 	 0.051510 	 0.077129 	 0.100671
   40 	 0.050780 	 0.081513 	 0.106490
   41 	 0.019113 	 0.080152 	 0.106745
   42 	 0.014308 	 0.080108 	 0.113049
   43 	 0.038252 	 0.082474 	 0.104944
   44 	 0.019787 	 0.078979 	 0.104819
   45 	 0.020248 	 0.082775 	 0.104182
   46 	 0.025089 	 0.083997 	 0.109597
   47 	 0.029964 	 0.088758 	 0.109302
   48 	 0.032472 	 0.088856 	 0.113438
   49 	 0.041512 	 0.092605 	 0.114901
   50 	 0.043152 	 0.092191 	 0.113087
   51 	 0.057145 	 0.092954 	 0.108553
   52 	 0.058962 	 0.094081 	 0.108503
   53 	 0.037486 	 0.090331 	 0.112781
   54 	 0.037990 	 0.091665 	 0.109512
   55 	 0.038145 	 0.092273 	 0.112559
   56 	 0.031101 	 0.091749 	 0.113082
   57 	 0.019122 	 0.089681 	 0.113007
   58 	 0.031278 	 0.090441 	 0.111083
   59 	 0.040181 	 0.093765 	 0.110847
   60 	 0.037578 	 0.093359 	 0.115455
   61 	 0.038129 	 0.095476 	 0.119193
   62 	 0.038104 	 0.095569 	 0.114404
   63 	 0.040279 	 0.095435 	 0.114834
   64 	 0.032914 	 0.094646 	 0.117918
   65 	 0.032806 	 0.097863 	 0.122342
   66 	 0.031768 	 0.098244 	 0.118873
   67 	 0.020068 	 0.100340 	 0.117277
   68 	 0.020050 	 0.102600 	 0.122623
   69 	 0.020584 	 0.102573 	 0.143726
   70 	 0.087299 	 0.107154 	 0.131687
   71 	 0.089573 	 0.107191 	 0.138494
   72 	 0.033328 	 0.105484 	 0.133134
   73 	 0.035795 	 0.106613 	 0.126417
   74 	 0.036257 	 0.107889 	 0.126519
   75 	 0.096187 	 0.110131 	 0.125081
   76 	 0.033519 	 0.106981 	 0.132869
   77 	 0.033936 	 0.108830 	 0.129640
   78 	 0.035053 	 0.109527 	 0.123609
   79 	 0.035102 	 0.109966 	 0.124501
 