   0 	 0.002368 	 0.004439 	 0.009454
    1 	 0.002258 	 0.005123 	 0.019353
    2 	 0.002623 	 0.005489 	 0.020503
    3 	 0.003114 	 0.006993 	 0.025306
    4 	 0.003156 	 0.008722 	 0.028933
    5 	 0.003323 	 0.011275 	 0.026263
    6 	 0.003294 	 0.013600 	 0.029497
    7 	 0.004561 	 0.015773 	 0.026529
    8 	 0.004522 	 0.018175 	 0.031753
    9 	 0.009730 	 0.020347 	 0.030223
   10 	 0.009955 	 0.020242 	 0.031183
   11 	 0.009621 	 0.020552 	 0.027609
   12 	 0.010672 	 0.021722 	 0.031977
   13 	 0.014508 	 0.022224 	 0.031473
   14 	 0.011682 	 0.022302 	 0.031092
   15 	 0.011693 	 0.023823 	 0.042195
   16 	 0.013607 	 0.023989 	 0.039808
   17 	 0.011951 	 0.024463 	 0.049955
   18 	 0.011998 	 0.024111 	 0.039579
   19 	 0.011899 	 0.025467 	 0.049844
   20 	 0.012663 	 0.026295 	 0.043941
   21 	 0.016192 	 0.025968 	 0.041895
   22 	 0.016256 	 0.027444 	 0.045620
   23 	 0.016164 	 0.027584 	 0.043944
   24 	 0.015295 	 0.027711 	 0.044716
   25 	 0.015299 	 0.029050 	 0.044439
   26 	 0.014739 	 0.033228 	 0.047975
   27 	 0.015029 	 0.034864 	 0.047830
   28 	 0.013707 	 0.035791 	 0.047159
   29 	 0.013419 	 0.037580 	 0.047935
   30 	 0.016674 	 0.037566 	 0.047701
   31 	 0.025352 	 0.039041 	 0.047528
   32 	 0.023692 	 0.040020 	 0.049235
   33 	 0.019076 	 0.039827 	 0.060567
   34 	 0.016910 	 0.040453 	 0.050722
   35 	 0.020566 	 0.040176 	 0.056757
   36 	 0.022325 	 0.039291 	 0.058931
   37 	 0.022139 	 0.041440 	 0.061447
   38 	 0.016390 	 0.041209 	 0.068758
   39 	 0.016208 	 0.043797 	 0.067879
   40 	 0.020244 	 0.042964 	 0.068123
   41 	 0.019869 	 0.044037 	 0.068219
   42 	 0.019937 	 0.045400 	 0.068013
   43 	 0.020367 	 0.044910 	 0.072505
   44 	 0.020292 	 0.043590 	 0.072571
   45 	 0.022642 	 0.048213 	 0.071808
   46 	 0.026084 	 0.050370 	 0.067326
   47 	 0.028324 	 0.050560 	 0.069783
   48 	 0.028738 	 0.051749 	 0.072526
   49 	 0.031973 	 0.053616 	 0.071434
   50 	 0.023260 	 0.055148 	 0.070599
   51 	 0.023549 	 0.057750 	 0.071362
   52 	 0.034279 	 0.061164 	 0.073496
   53 	 0.033340 	 0.060337 	 0.072430
   54 	 0.034273 	 0.060789 	 0.072311
   55 	 0.026908 	 0.061021 	 0.071391
   56 	 0.021521 	 0.060961 	 0.072124
   57 	 0.025826 	 0.061819 	 0.073248
   58 	 0.027053 	 0.065611 	 0.072894
   59 	 0.027398 	 0.066268 	 0.072961
   60 	 0.027787 	 0.066607 	 0.073323
   61 	 0.027744 	 0.066978 	 0.073667
   62 	 0.058862 	 0.068479 	 0.074442
   63 	 0.015457 	 0.068441 	 0.073232
   64 	 0.043774 	 0.068148 	 0.073423
   65 	 0.044345 	 0.068876 	 0.075087
   66 	 0.060806 	 0.069955 	 0.073395
   67 	 0.065842 	 0.069935 	 0.073724
   68 	 0.065818 	 0.069988 	 0.073522
   69 	 0.066591 	 0.070139 	 0.073324
   70 	 0.066815 	 0.070099 	 0.074122
   71 	 0.066669 	 0.069944 	 0.074261
   72 	 0.043449 	 0.068378 	 0.074848
   73 	 0.043255 	 0.069061 	 0.073965
   74 	 0.043278 	 0.068804 	 0.073837
   75 	 0.038871 	 0.069178 	 0.074419
   76 	 0.063683 	 0.069372 	 0.073794
   77 	 0.044921 	 0.068597 	 0.072300
   78 	 0.028233 	 0.068264 	 0.073358
   79 	 0.063117 	 0.069535 	 0.074477
 