   0 	 0.002431 	 0.004463 	 0.010932
    1 	 0.002749 	 0.005590 	 0.011000
    2 	 0.003064 	 0.005977 	 0.016637
    3 	 0.002973 	 0.006352 	 0.014059
    4 	 0.003687 	 0.007204 	 0.014501
    5 	 0.003591 	 0.007995 	 0.020600
    6 	 0.004365 	 0.008719 	 0.020478
    7 	 0.004174 	 0.009883 	 0.020137
    8 	 0.004658 	 0.010773 	 0.020223
    9 	 0.003930 	 0.011625 	 0.022760
   10 	 0.005554 	 0.013467 	 0.025479
   11 	 0.007827 	 0.014926 	 0.031191
   12 	 0.008056 	 0.017644 	 0.049564
   13 	 0.008660 	 0.017976 	 0.034071
   14 	 0.008440 	 0.019804 	 0.029699
   15 	 0.009539 	 0.020895 	 0.033907
   16 	 0.010988 	 0.022276 	 0.045905
   17 	 0.012445 	 0.022863 	 0.042492
   18 	 0.012287 	 0.023954 	 0.047998
   19 	 0.010755 	 0.025096 	 0.050126
   20 	 0.012721 	 0.027939 	 0.061364
   21 	 0.014440 	 0.027536 	 0.059314
   22 	 0.015709 	 0.029771 	 0.075046
   23 	 0.014257 	 0.034118 	 0.063627
   24 	 0.018826 	 0.037041 	 0.063892
   25 	 0.011863 	 0.037781 	 0.060263
   26 	 0.013407 	 0.040728 	 0.062473
   27 	 0.013314 	 0.044847 	 0.069433
   28 	 0.025008 	 0.047082 	 0.065856
   29 	 0.015926 	 0.046380 	 0.075378
   30 	 0.015969 	 0.046979 	 0.091159
   31 	 0.011477 	 0.049838 	 0.080824
   32 	 0.017431 	 0.054867 	 0.091001
   33 	 0.034405 	 0.058969 	 0.098288
   34 	 0.014747 	 0.065792 	 0.133311
   35 	 0.015065 	 0.067365 	 0.114711
   36 	 0.031069 	 0.068545 	 0.114284
   37 	 0.025700 	 0.070343 	 0.107739
   38 	 0.013763 	 0.070243 	 0.122183
   39 	 0.035821 	 0.075192 	 0.129475
   40 	 0.037670 	 0.079488 	 0.132018
   41 	 0.015884 	 0.082694 	 0.126865
   42 	 0.039539 	 0.084639 	 0.133559
   43 	 0.043758 	 0.087356 	 0.127605
   44 	 0.015508 	 0.085299 	 0.140554
   45 	 0.015438 	 0.092439 	 0.165016
   46 	 0.040888 	 0.097467 	 0.162607
   47 	 0.026797 	 0.104574 	 0.166089
   48 	 0.038040 	 0.108341 	 0.153731
   49 	 0.025508 	 0.109544 	 0.172953
   50 	 0.031190 	 0.111179 	 0.166963
   51 	 0.051488 	 0.115624 	 0.179717
   52 	 0.061143 	 0.114729 	 0.202566
   53 	 0.015465 	 0.109664 	 0.209344
   54 	 0.015494 	 0.127421 	 0.211802
   55 	 0.015787 	 0.131452 	 0.208339
   56 	 0.016152 	 0.139810 	 0.192936
   57 	 0.078508 	 0.152627 	 0.220120
   58 	 0.063103 	 0.153147 	 0.207730
   59 	 0.077728 	 0.157839 	 0.214730
   60 	 0.078162 	 0.159480 	 0.201137
   61 	 0.091233 	 0.164499 	 0.217083
   62 	 0.062483 	 0.165017 	 0.218609
   63 	 0.065331 	 0.170947 	 0.219791
   64 	 0.029192 	 0.171854 	 0.220240
   65 	 0.060113 	 0.174877 	 0.213486
   66 	 0.059060 	 0.175816 	 0.225740
   67 	 0.064577 	 0.178803 	 0.221751
   68 	 0.094119 	 0.183016 	 0.221995
   69 	 0.017119 	 0.176152 	 0.224862
   70 	 0.139973 	 0.188568 	 0.222401
   71 	 0.061527 	 0.184702 	 0.221465
   72 	 0.146105 	 0.191199 	 0.220876
   73 	 0.135906 	 0.190073 	 0.222225
   74 	 0.029468 	 0.182671 	 0.220128
   75 	 0.028592 	 0.181346 	 0.223714
   76 	 0.062343 	 0.195102 	 0.222780
   77 	 0.156276 	 0.197543 	 0.278930
   78 	 0.144653 	 0.194592 	 0.248549
   79 	 0.072685 	 0.190663 	 0.280188
 