   0 	 0.002966 	 0.004392 	 0.007738
    1 	 0.002667 	 0.004427 	 0.007764
    2 	 0.003175 	 0.004676 	 0.007772
    3 	 0.003175 	 0.004937 	 0.007718
    4 	 0.003516 	 0.005297 	 0.009036
    5 	 0.003512 	 0.005913 	 0.011344
    6 	 0.003523 	 0.006035 	 0.011397
    7 	 0.003528 	 0.006390 	 0.011325
    8 	 0.003803 	 0.006496 	 0.010337
    9 	 0.003816 	 0.006633 	 0.011313
   10 	 0.004843 	 0.007061 	 0.011395
   11 	 0.004828 	 0.007262 	 0.014012
   12 	 0.004838 	 0.007920 	 0.014129
   13 	 0.005026 	 0.008266 	 0.014155
   14 	 0.005153 	 0.009038 	 0.014100
   15 	 0.006699 	 0.009852 	 0.014133
   16 	 0.006691 	 0.009922 	 0.014153
   17 	 0.006710 	 0.010160 	 0.014187
   18 	 0.006663 	 0.011236 	 0.014186
   19 	 0.006663 	 0.011789 	 0.015670
   20 	 0.005711 	 0.011683 	 0.016775
   21 	 0.005709 	 0.012248 	 0.016773
   22 	 0.007030 	 0.012777 	 0.014360
   23 	 0.007032 	 0.012533 	 0.016636
   24 	 0.008800 	 0.013275 	 0.017185
   25 	 0.008791 	 0.013033 	 0.016751
   26 	 0.008781 	 0.013370 	 0.014294
   27 	 0.008786 	 0.013452 	 0.014185
   28 	 0.008775 	 0.013489 	 0.014191
   29 	 0.008754 	 0.013602 	 0.014187
   30 	 0.008744 	 0.013446 	 0.014376
   31 	 0.010278 	 0.013533 	 0.014372
   32 	 0.010454 	 0.013560 	 0.014407
   33 	 0.010536 	 0.013786 	 0.014422
   34 	 0.010517 	 0.013685 	 0.014188
   35 	 0.010507 	 0.013796 	 0.014183
   36 	 0.012234 	 0.013855 	 0.014188
   37 	 0.008771 	 0.013729 	 0.014183
   38 	 0.010426 	 0.013812 	 0.014179
   39 	 0.010428 	 0.013747 	 0.014199
   40 	 0.011208 	 0.013791 	 0.014188
   41 	 0.012197 	 0.013905 	 0.014582
   42 	 0.012244 	 0.013950 	 0.014582
   43 	 0.012190 	 0.014005 	 0.014570
   44 	 0.012181 	 0.013908 	 0.014194
   45 	 0.013715 	 0.014079 	 0.014184
   46 	 0.013993 	 0.014085 	 0.014190
   47 	 0.013987 	 0.014096 	 0.014188
   48 	 0.013876 	 0.014074 	 0.014188
   49 	 0.013903 	 0.014077 	 0.014185
   50 	 0.013849 	 0.014083 	 0.014188
   51 	 0.011396 	 0.014011 	 0.014188
   52 	 0.011364 	 0.014011 	 0.014184
   53 	 0.013866 	 0.014029 	 0.014184
   54 	 0.013615 	 0.014042 	 0.014828
   55 	 0.013521 	 0.014034 	 0.014899
   56 	 0.013856 	 0.014040 	 0.014933
   57 	 0.013860 	 0.014057 	 0.014861
   58 	 0.013854 	 0.014094 	 0.014920
   59 	 0.011678 	 0.014032 	 0.014949
   60 	 0.013337 	 0.014059 	 0.014781
   61 	 0.013879 	 0.014091 	 0.015122
   62 	 0.013538 	 0.014093 	 0.014676
   63 	 0.010088 	 0.014027 	 0.014777
   64 	 0.010070 	 0.014003 	 0.014188
   65 	 0.008767 	 0.013755 	 0.014199
   66 	 0.010421 	 0.013685 	 0.014189
   67 	 0.007079 	 0.013723 	 0.014201
   68 	 0.007088 	 0.013650 	 0.014192
   69 	 0.007092 	 0.013944 	 0.014190
   70 	 0.013538 	 0.014073 	 0.014182
   71 	 0.013568 	 0.014066 	 0.014189
   72 	 0.006860 	 0.013961 	 0.014196
   73 	 0.012988 	 0.014051 	 0.014232
   74 	 0.012962 	 0.014064 	 0.014296
   75 	 0.011468 	 0.013995 	 0.014215
   76 	 0.011233 	 0.013863 	 0.014215
   77 	 0.012990 	 0.014018 	 0.014253
   78 	 0.012771 	 0.014035 	 0.014230
   79 	 0.012627 	 0.013997 	 0.014304
 