   0 	 0.002816 	 0.004527 	 0.008377
    1 	 0.002864 	 0.004768 	 0.008391
    2 	 0.002864 	 0.005007 	 0.009202
    3 	 0.002907 	 0.005186 	 0.009208
    4 	 0.003072 	 0.005820 	 0.009212
    5 	 0.003098 	 0.006450 	 0.009422
    6 	 0.003098 	 0.006915 	 0.010329
    7 	 0.004083 	 0.007472 	 0.013147
    8 	 0.004448 	 0.007831 	 0.013235
    9 	 0.006002 	 0.008629 	 0.013252
   10 	 0.006093 	 0.009244 	 0.014294
   11 	 0.006215 	 0.009984 	 0.014785
   12 	 0.006151 	 0.010489 	 0.014474
   13 	 0.006205 	 0.011623 	 0.014480
   14 	 0.006198 	 0.011905 	 0.018709
   15 	 0.006196 	 0.012157 	 0.020803
   16 	 0.006213 	 0.013218 	 0.018781
   17 	 0.007035 	 0.013770 	 0.019059
   18 	 0.007041 	 0.014392 	 0.019101
   19 	 0.008455 	 0.015572 	 0.021796
   20 	 0.007787 	 0.015593 	 0.024111
   21 	 0.009387 	 0.016427 	 0.030209
   22 	 0.009377 	 0.017187 	 0.030101
   23 	 0.009423 	 0.017662 	 0.030051
   24 	 0.011749 	 0.018160 	 0.029622
   25 	 0.011861 	 0.018849 	 0.030240
   26 	 0.011706 	 0.019947 	 0.030252
   27 	 0.011664 	 0.021695 	 0.030234
   28 	 0.013646 	 0.022425 	 0.030234
   29 	 0.013590 	 0.023249 	 0.031187
   30 	 0.011686 	 0.024790 	 0.031204
   31 	 0.014059 	 0.025019 	 0.031148
   32 	 0.018518 	 0.027190 	 0.030964
   33 	 0.018523 	 0.027979 	 0.031241
   34 	 0.019197 	 0.028229 	 0.031091
   35 	 0.019318 	 0.028821 	 0.031127
   36 	 0.020371 	 0.028627 	 0.030536
   37 	 0.014978 	 0.028175 	 0.030982
   38 	 0.014897 	 0.028550 	 0.031507
   39 	 0.025014 	 0.028825 	 0.031734
   40 	 0.024935 	 0.029086 	 0.031944
   41 	 0.024173 	 0.029100 	 0.031952
   42 	 0.024361 	 0.029213 	 0.031978
   43 	 0.023504 	 0.029416 	 0.031932
   44 	 0.023412 	 0.029555 	 0.031920
   45 	 0.023387 	 0.029696 	 0.032004
   46 	 0.018240 	 0.029764 	 0.032031
   47 	 0.024184 	 0.029932 	 0.032299
   48 	 0.024171 	 0.030183 	 0.032247
   49 	 0.024153 	 0.030238 	 0.032250
   50 	 0.029079 	 0.030547 	 0.032337
   51 	 0.028907 	 0.030502 	 0.032022
   52 	 0.028907 	 0.030665 	 0.032107
   53 	 0.028945 	 0.030682 	 0.032041
   54 	 0.028978 	 0.031007 	 0.032199
   55 	 0.029287 	 0.030963 	 0.032012
   56 	 0.029220 	 0.030894 	 0.032165
   57 	 0.025948 	 0.030723 	 0.032237
   58 	 0.014299 	 0.030411 	 0.032271
   59 	 0.026923 	 0.030582 	 0.032267
   60 	 0.016145 	 0.030293 	 0.032850
   61 	 0.019277 	 0.030527 	 0.032883
   62 	 0.019775 	 0.030464 	 0.032758
   63 	 0.027353 	 0.030508 	 0.032483
   64 	 0.027078 	 0.030679 	 0.032862
   65 	 0.026286 	 0.030492 	 0.032580
   66 	 0.026208 	 0.030569 	 0.032871
   67 	 0.026461 	 0.030281 	 0.032948
   68 	 0.023120 	 0.029844 	 0.032706
   69 	 0.026301 	 0.030298 	 0.032947
   70 	 0.025783 	 0.030286 	 0.032725
   71 	 0.026236 	 0.030244 	 0.032587
   72 	 0.026141 	 0.029971 	 0.032536
   73 	 0.025991 	 0.030023 	 0.037113
   74 	 0.025927 	 0.029941 	 0.037074
   75 	 0.025815 	 0.030167 	 0.031962
   76 	 0.025741 	 0.030157 	 0.031648
   77 	 0.025912 	 0.030201 	 0.032293
   78 	 0.026027 	 0.030313 	 0.031856
   79 	 0.021778 	 0.030479 	 0.032033
 