   0 	 0.002526 	 0.004490 	 0.008361
    1 	 0.002629 	 0.004817 	 0.008358
    2 	 0.003475 	 0.005373 	 0.008399
    3 	 0.003482 	 0.005768 	 0.008361
    4 	 0.003519 	 0.006114 	 0.009105
    5 	 0.003435 	 0.006479 	 0.010650
    6 	 0.004185 	 0.007661 	 0.009642
    7 	 0.004991 	 0.008094 	 0.011085
    8 	 0.004308 	 0.008413 	 0.014143
    9 	 0.004304 	 0.008756 	 0.014042
   10 	 0.005006 	 0.009660 	 0.014051
   11 	 0.006468 	 0.009937 	 0.014087
   12 	 0.006314 	 0.010335 	 0.014139
   13 	 0.006461 	 0.010808 	 0.014842
   14 	 0.007526 	 0.011212 	 0.017545
   15 	 0.007568 	 0.011465 	 0.017528
   16 	 0.008092 	 0.012290 	 0.017633
   17 	 0.008114 	 0.012894 	 0.017621
   18 	 0.008796 	 0.013872 	 0.017671
   19 	 0.008196 	 0.014346 	 0.017779
   20 	 0.009097 	 0.014579 	 0.017627
   21 	 0.010575 	 0.015041 	 0.017668
   22 	 0.010521 	 0.015377 	 0.021188
   23 	 0.011828 	 0.015830 	 0.021409
   24 	 0.012492 	 0.016177 	 0.022378
   25 	 0.013419 	 0.016452 	 0.022309
   26 	 0.013068 	 0.016828 	 0.022620
   27 	 0.012031 	 0.016910 	 0.022477
   28 	 0.012392 	 0.017604 	 0.022494
   29 	 0.011720 	 0.018087 	 0.022622
   30 	 0.011829 	 0.018147 	 0.022683
   31 	 0.012665 	 0.018414 	 0.024304
   32 	 0.012548 	 0.017771 	 0.022676
   33 	 0.012555 	 0.017836 	 0.022366
   34 	 0.012783 	 0.017820 	 0.022641
   35 	 0.013971 	 0.017926 	 0.022613
   36 	 0.013584 	 0.018999 	 0.022536
   37 	 0.012668 	 0.019448 	 0.022680
   38 	 0.015261 	 0.019806 	 0.022680
   39 	 0.015428 	 0.020250 	 0.022596
   40 	 0.015258 	 0.020313 	 0.022608
   41 	 0.015298 	 0.020449 	 0.022646
   42 	 0.015259 	 0.020480 	 0.022681
   43 	 0.015729 	 0.020486 	 0.022617
   44 	 0.013667 	 0.020103 	 0.022684
   45 	 0.017581 	 0.020088 	 0.022588
   46 	 0.017442 	 0.020121 	 0.022573
   47 	 0.013511 	 0.020014 	 0.022680
   48 	 0.013411 	 0.020117 	 0.022599
   49 	 0.017389 	 0.020521 	 0.022659
   50 	 0.017405 	 0.020954 	 0.022633
   51 	 0.013193 	 0.020851 	 0.022656
   52 	 0.013199 	 0.020771 	 0.022607
   53 	 0.014039 	 0.021203 	 0.022663
   54 	 0.017457 	 0.021530 	 0.023822
   55 	 0.017414 	 0.021453 	 0.024165
   56 	 0.019048 	 0.021390 	 0.022686
   57 	 0.019115 	 0.021447 	 0.022662
   58 	 0.012331 	 0.021289 	 0.022577
   59 	 0.019078 	 0.021399 	 0.023161
   60 	 0.018835 	 0.021388 	 0.023221
   61 	 0.018575 	 0.021197 	 0.022835
   62 	 0.018487 	 0.021262 	 0.023252
   63 	 0.018540 	 0.021234 	 0.023052
   64 	 0.018259 	 0.021162 	 0.022661
   65 	 0.018251 	 0.021036 	 0.022862
   66 	 0.016283 	 0.020957 	 0.022589
   67 	 0.018239 	 0.021099 	 0.021959
   68 	 0.018273 	 0.021036 	 0.022000
   69 	 0.018288 	 0.021030 	 0.022511
   70 	 0.018207 	 0.021189 	 0.022498
   71 	 0.019092 	 0.021279 	 0.022589
   72 	 0.019021 	 0.021329 	 0.021945
   73 	 0.019161 	 0.021205 	 0.022008
   74 	 0.019030 	 0.021119 	 0.021895
   75 	 0.019077 	 0.021118 	 0.021907
   76 	 0.009754 	 0.020998 	 0.021731
   77 	 0.015291 	 0.021144 	 0.021760
   78 	 0.019037 	 0.021174 	 0.021713
   79 	 0.019213 	 0.021292 	 0.021530
 