   0 	 0.002339 	 0.005105 	 0.013597
    1 	 0.002593 	 0.006239 	 0.013644
    2 	 0.002688 	 0.006687 	 0.013551
    3 	 0.004222 	 0.007931 	 0.013543
    4 	 0.004590 	 0.008323 	 0.013610
    5 	 0.005113 	 0.009813 	 0.016540
    6 	 0.005116 	 0.010265 	 0.013555
    7 	 0.005111 	 0.010849 	 0.014180
    8 	 0.005879 	 0.011297 	 0.014197
    9 	 0.007254 	 0.011460 	 0.014297
   10 	 0.007245 	 0.011677 	 0.014221
   11 	 0.009062 	 0.011801 	 0.014259
   12 	 0.009435 	 0.011855 	 0.015107
   13 	 0.007923 	 0.011811 	 0.014195
   14 	 0.007935 	 0.011871 	 0.014208
   15 	 0.007960 	 0.011771 	 0.014126
   16 	 0.008970 	 0.011697 	 0.013363
   17 	 0.009008 	 0.011779 	 0.014247
   18 	 0.010985 	 0.011941 	 0.014220
   19 	 0.011027 	 0.011965 	 0.014184
   20 	 0.010960 	 0.012098 	 0.014229
   21 	 0.008679 	 0.012003 	 0.014279
   22 	 0.009165 	 0.012123 	 0.014276
   23 	 0.009486 	 0.012282 	 0.014283
   24 	 0.009424 	 0.012068 	 0.014271
   25 	 0.009090 	 0.011986 	 0.014148
   26 	 0.009232 	 0.012011 	 0.014282
   27 	 0.009247 	 0.012090 	 0.014283
   28 	 0.009248 	 0.012243 	 0.014673
   29 	 0.009235 	 0.012337 	 0.014244
   30 	 0.009238 	 0.012389 	 0.014283
   31 	 0.009240 	 0.012621 	 0.014714
   32 	 0.009602 	 0.012609 	 0.015599
   33 	 0.010774 	 0.012825 	 0.015728
   34 	 0.010764 	 0.012976 	 0.015695
   35 	 0.010761 	 0.013090 	 0.015805
   36 	 0.010812 	 0.013271 	 0.015786
   37 	 0.010698 	 0.013091 	 0.015633
   38 	 0.010623 	 0.013349 	 0.017037
   39 	 0.010293 	 0.013302 	 0.017037
   40 	 0.010621 	 0.013352 	 0.017253
   41 	 0.010646 	 0.013400 	 0.017087
   42 	 0.009284 	 0.013427 	 0.017159
   43 	 0.010624 	 0.013658 	 0.017288
   44 	 0.010651 	 0.013733 	 0.017113
   45 	 0.010635 	 0.013806 	 0.017230
   46 	 0.010620 	 0.013694 	 0.016351
   47 	 0.010609 	 0.013992 	 0.016332
   48 	 0.011647 	 0.014312 	 0.017233
   49 	 0.011664 	 0.014218 	 0.017100
   50 	 0.011648 	 0.014133 	 0.016353
   51 	 0.011738 	 0.014251 	 0.016401
   52 	 0.011719 	 0.014617 	 0.017286
   53 	 0.011661 	 0.014976 	 0.017360
   54 	 0.011642 	 0.015023 	 0.017356
   55 	 0.012340 	 0.015072 	 0.017512
   56 	 0.011401 	 0.015131 	 0.017503
   57 	 0.011320 	 0.014780 	 0.017430
   58 	 0.011179 	 0.014825 	 0.017055
   59 	 0.011317 	 0.014805 	 0.016581
   60 	 0.012077 	 0.015183 	 0.016407
   61 	 0.011630 	 0.015089 	 0.017175
   62 	 0.011594 	 0.015181 	 0.017127
   63 	 0.011617 	 0.015312 	 0.018759
   64 	 0.011696 	 0.015617 	 0.018647
   65 	 0.011627 	 0.015647 	 0.018732
   66 	 0.011814 	 0.015804 	 0.018757
   67 	 0.012705 	 0.016152 	 0.018774
   68 	 0.013488 	 0.016607 	 0.018759
   69 	 0.013465 	 0.016419 	 0.018778
   70 	 0.013483 	 0.016812 	 0.018761
   71 	 0.013485 	 0.016954 	 0.018769
   72 	 0.013391 	 0.017172 	 0.018781
   73 	 0.013350 	 0.017317 	 0.018778
   74 	 0.013722 	 0.017643 	 0.018764
   75 	 0.013716 	 0.017292 	 0.018764
   76 	 0.013729 	 0.017349 	 0.018776
   77 	 0.013822 	 0.017346 	 0.018772
   78 	 0.013767 	 0.017505 	 0.018778
   79 	 0.013839 	 0.017469 	 0.018742
 