   0 	 0.002558 	 0.004479 	 0.008351
    1 	 0.002562 	 0.004745 	 0.008369
    2 	 0.002482 	 0.005254 	 0.008528
    3 	 0.003079 	 0.005387 	 0.010600
    4 	 0.003318 	 0.005840 	 0.010689
    5 	 0.003609 	 0.006407 	 0.010708
    6 	 0.003742 	 0.007318 	 0.012852
    7 	 0.004482 	 0.008179 	 0.012870
    8 	 0.004474 	 0.008675 	 0.012896
    9 	 0.004435 	 0.009275 	 0.013266
   10 	 0.004856 	 0.009732 	 0.013483
   11 	 0.005300 	 0.010421 	 0.013701
   12 	 0.007923 	 0.011007 	 0.013740
   13 	 0.006565 	 0.011314 	 0.020997
   14 	 0.006589 	 0.011588 	 0.020873
   15 	 0.008559 	 0.012028 	 0.020850
   16 	 0.008552 	 0.011854 	 0.020697
   17 	 0.008845 	 0.012124 	 0.016786
   18 	 0.008582 	 0.012327 	 0.018738
   19 	 0.008588 	 0.012774 	 0.017521
   20 	 0.008366 	 0.012851 	 0.018929
   21 	 0.008277 	 0.013145 	 0.019093
   22 	 0.010330 	 0.013865 	 0.018832
   23 	 0.010292 	 0.014152 	 0.019015
   24 	 0.010363 	 0.014728 	 0.019257
   25 	 0.009001 	 0.014956 	 0.019179
   26 	 0.010115 	 0.015540 	 0.019292
   27 	 0.010145 	 0.015496 	 0.020397
   28 	 0.010883 	 0.015804 	 0.020350
   29 	 0.011350 	 0.016156 	 0.020448
   30 	 0.011245 	 0.017022 	 0.023894
   31 	 0.011300 	 0.017585 	 0.024238
   32 	 0.012682 	 0.018267 	 0.024076
   33 	 0.012674 	 0.018534 	 0.024063
   34 	 0.012765 	 0.019201 	 0.024242
   35 	 0.011493 	 0.020080 	 0.024232
   36 	 0.016764 	 0.021311 	 0.024288
   37 	 0.016456 	 0.020873 	 0.024278
   38 	 0.016243 	 0.021019 	 0.025378
   39 	 0.016548 	 0.021201 	 0.025707
   40 	 0.018299 	 0.021960 	 0.025965
   41 	 0.018364 	 0.022054 	 0.025897
   42 	 0.018963 	 0.022935 	 0.026142
   43 	 0.018937 	 0.023292 	 0.026048
   44 	 0.010533 	 0.023272 	 0.026164
   45 	 0.010563 	 0.023212 	 0.025854
   46 	 0.010584 	 0.023186 	 0.025794
   47 	 0.019177 	 0.023179 	 0.025793
   48 	 0.019769 	 0.022911 	 0.025824
   49 	 0.018557 	 0.022812 	 0.025837
   50 	 0.018662 	 0.023453 	 0.025853
   51 	 0.019963 	 0.023369 	 0.025857
   52 	 0.019762 	 0.023033 	 0.025818
   53 	 0.019750 	 0.023041 	 0.025854
   54 	 0.019157 	 0.023542 	 0.030173
   55 	 0.017850 	 0.023339 	 0.030371
   56 	 0.019922 	 0.023508 	 0.030517
   57 	 0.019793 	 0.022903 	 0.030158
   58 	 0.019053 	 0.023226 	 0.030738
   59 	 0.020032 	 0.023362 	 0.030747
   60 	 0.019040 	 0.023949 	 0.030608
   61 	 0.016435 	 0.023794 	 0.030541
   62 	 0.018169 	 0.023955 	 0.030325
   63 	 0.018039 	 0.024195 	 0.030748
   64 	 0.018225 	 0.024331 	 0.030710
   65 	 0.016751 	 0.024777 	 0.030623
   66 	 0.016755 	 0.025443 	 0.030735
   67 	 0.018134 	 0.025797 	 0.030722
   68 	 0.018417 	 0.026889 	 0.030767
   69 	 0.018273 	 0.026847 	 0.030731
   70 	 0.014214 	 0.026801 	 0.030750
   71 	 0.018222 	 0.026712 	 0.030783
   72 	 0.018226 	 0.026757 	 0.030768
   73 	 0.016208 	 0.026118 	 0.031045
   74 	 0.016263 	 0.026862 	 0.031847
   75 	 0.023531 	 0.027677 	 0.031798
   76 	 0.023320 	 0.028166 	 0.031081
   77 	 0.023387 	 0.028311 	 0.031363
   78 	 0.023309 	 0.028511 	 0.031605
   79 	 0.021499 	 0.029028 	 0.030768
 