   0 	 0.002786 	 0.004546 	 0.007836
    1 	 0.003102 	 0.004938 	 0.008159
    2 	 0.003103 	 0.005174 	 0.008944
    3 	 0.003104 	 0.005671 	 0.008922
    4 	 0.003347 	 0.006074 	 0.009123
    5 	 0.003471 	 0.006606 	 0.009141
    6 	 0.003475 	 0.007142 	 0.010047
    7 	 0.003478 	 0.007401 	 0.010069
    8 	 0.005076 	 0.007620 	 0.009580
    9 	 0.005086 	 0.007849 	 0.009621
   10 	 0.005280 	 0.007738 	 0.009659
   11 	 0.005589 	 0.007698 	 0.009652
   12 	 0.005666 	 0.007898 	 0.009661
   13 	 0.005685 	 0.007991 	 0.009990
   14 	 0.005670 	 0.007925 	 0.009646
   15 	 0.005670 	 0.007987 	 0.010292
   16 	 0.005454 	 0.008009 	 0.010020
   17 	 0.006281 	 0.007948 	 0.009970
   18 	 0.006264 	 0.007994 	 0.009630
   19 	 0.006284 	 0.008203 	 0.009659
   20 	 0.006183 	 0.008331 	 0.009734
   21 	 0.006408 	 0.008581 	 0.009685
   22 	 0.006492 	 0.008605 	 0.009658
   23 	 0.006645 	 0.008650 	 0.010557
   24 	 0.006650 	 0.008672 	 0.010606
   25 	 0.006137 	 0.008779 	 0.010595
   26 	 0.006139 	 0.008933 	 0.010582
   27 	 0.006157 	 0.009057 	 0.010638
   28 	 0.005562 	 0.009145 	 0.010637
   29 	 0.007608 	 0.009336 	 0.010610
   30 	 0.007603 	 0.009532 	 0.010891
   31 	 0.008289 	 0.009610 	 0.010634
   32 	 0.008328 	 0.009705 	 0.010635
   33 	 0.008299 	 0.009717 	 0.010861
   34 	 0.008312 	 0.009600 	 0.010784
   35 	 0.008296 	 0.009549 	 0.010827
   36 	 0.008277 	 0.009676 	 0.010631
   37 	 0.008275 	 0.009652 	 0.010636
   38 	 0.006949 	 0.009467 	 0.010747
   39 	 0.008193 	 0.009635 	 0.010647
   40 	 0.008146 	 0.009788 	 0.010634
   41 	 0.008147 	 0.010002 	 0.010637
   42 	 0.008297 	 0.010073 	 0.010647
   43 	 0.008319 	 0.010038 	 0.010639
   44 	 0.008683 	 0.009998 	 0.010635
   45 	 0.008714 	 0.010016 	 0.010638
   46 	 0.008649 	 0.010005 	 0.010638
   47 	 0.008677 	 0.010067 	 0.010639
   48 	 0.008730 	 0.010204 	 0.010639
   49 	 0.008733 	 0.010111 	 0.010640
   50 	 0.008224 	 0.010076 	 0.010637
   51 	 0.008175 	 0.010174 	 0.011023
   52 	 0.008199 	 0.010351 	 0.011075
   53 	 0.008729 	 0.010456 	 0.010999
   54 	 0.008768 	 0.010537 	 0.014086
   55 	 0.007761 	 0.010507 	 0.014175
   56 	 0.007730 	 0.010643 	 0.014248
   57 	 0.009491 	 0.010644 	 0.014205
   58 	 0.010252 	 0.010686 	 0.014143
   59 	 0.010345 	 0.010636 	 0.014076
   60 	 0.010324 	 0.010588 	 0.010954
   61 	 0.010523 	 0.010585 	 0.010638
   62 	 0.010529 	 0.010575 	 0.010637
   63 	 0.010451 	 0.010581 	 0.010796
   64 	 0.010491 	 0.010585 	 0.010823
   65 	 0.008385 	 0.010556 	 0.010782
   66 	 0.009902 	 0.010576 	 0.010795
   67 	 0.009977 	 0.010577 	 0.010819
   68 	 0.008427 	 0.010551 	 0.010769
   69 	 0.010473 	 0.010585 	 0.010741
   70 	 0.010186 	 0.010644 	 0.014160
   71 	 0.010524 	 0.010591 	 0.010809
   72 	 0.007158 	 0.010530 	 0.010763
   73 	 0.007150 	 0.010471 	 0.010803
   74 	 0.007139 	 0.010528 	 0.010817
   75 	 0.010530 	 0.010582 	 0.010924
   76 	 0.009555 	 0.010613 	 0.013515
   77 	 0.009630 	 0.010563 	 0.010639
   78 	 0.009736 	 0.010570 	 0.010639
   79 	 0.010520 	 0.010584 	 0.010639
 