   0 	 0.002347 	 0.004765 	 0.011986
    1 	 0.002857 	 0.005703 	 0.011949
    2 	 0.003084 	 0.006899 	 0.011964
    3 	 0.003084 	 0.007530 	 0.012028
    4 	 0.003086 	 0.007980 	 0.012026
    5 	 0.004117 	 0.009299 	 0.012225
    6 	 0.005181 	 0.010072 	 0.012959
    7 	 0.005157 	 0.010632 	 0.013244
    8 	 0.006640 	 0.011152 	 0.014109
    9 	 0.007227 	 0.011106 	 0.014289
   10 	 0.007737 	 0.011317 	 0.015250
   11 	 0.008570 	 0.011577 	 0.015431
   12 	 0.008586 	 0.011680 	 0.015294
   13 	 0.006983 	 0.011686 	 0.015254
   14 	 0.006877 	 0.011676 	 0.015313
   15 	 0.006986 	 0.011898 	 0.016046
   16 	 0.009526 	 0.012503 	 0.016244
   17 	 0.009531 	 0.012362 	 0.016367
   18 	 0.009690 	 0.012895 	 0.018551
   19 	 0.009691 	 0.013310 	 0.022001
   20 	 0.009639 	 0.013734 	 0.022246
   21 	 0.011501 	 0.014436 	 0.022092
   22 	 0.008706 	 0.014427 	 0.022394
   23 	 0.011286 	 0.015412 	 0.023724
   24 	 0.011251 	 0.015720 	 0.023791
   25 	 0.011203 	 0.016710 	 0.023983
   26 	 0.006635 	 0.016735 	 0.025815
   27 	 0.006652 	 0.017532 	 0.025681
   28 	 0.006917 	 0.018638 	 0.025750
   29 	 0.006917 	 0.019189 	 0.028069
   30 	 0.012968 	 0.020206 	 0.028095
   31 	 0.013557 	 0.020797 	 0.028065
   32 	 0.014320 	 0.020929 	 0.027274
   33 	 0.014410 	 0.021401 	 0.026351
   34 	 0.013354 	 0.021819 	 0.034284
   35 	 0.018625 	 0.022384 	 0.034175
   36 	 0.018432 	 0.022332 	 0.034926
   37 	 0.018316 	 0.023090 	 0.035075
   38 	 0.018524 	 0.024155 	 0.034700
   39 	 0.013479 	 0.024954 	 0.034989
   40 	 0.015127 	 0.025086 	 0.035002
   41 	 0.018088 	 0.025616 	 0.035106
   42 	 0.018824 	 0.027031 	 0.035090
   43 	 0.018614 	 0.029720 	 0.035112
   44 	 0.018590 	 0.031016 	 0.035036
   45 	 0.014326 	 0.032264 	 0.035105
   46 	 0.020055 	 0.032291 	 0.044628
   47 	 0.018680 	 0.032597 	 0.045013
   48 	 0.009400 	 0.033454 	 0.045526
   49 	 0.009361 	 0.034181 	 0.045277
   50 	 0.022630 	 0.035019 	 0.045537
   51 	 0.022502 	 0.035721 	 0.045563
   52 	 0.017264 	 0.035667 	 0.045731
   53 	 0.033980 	 0.037622 	 0.045755
   54 	 0.034008 	 0.038808 	 0.045693
   55 	 0.033947 	 0.039010 	 0.045811
   56 	 0.033953 	 0.039165 	 0.046368
   57 	 0.033940 	 0.039169 	 0.046022
   58 	 0.032560 	 0.038836 	 0.046400
   59 	 0.033074 	 0.039338 	 0.046034
   60 	 0.032667 	 0.040562 	 0.046374
   61 	 0.033563 	 0.041511 	 0.046188
   62 	 0.033947 	 0.041972 	 0.046325
   63 	 0.034119 	 0.042371 	 0.069680
   64 	 0.033983 	 0.042469 	 0.066764
   65 	 0.034014 	 0.043830 	 0.072371
   66 	 0.034021 	 0.043585 	 0.069959
   67 	 0.033967 	 0.042544 	 0.070669
   68 	 0.029126 	 0.041816 	 0.067197
   69 	 0.033945 	 0.042422 	 0.069668
   70 	 0.034146 	 0.043130 	 0.069199
   71 	 0.033555 	 0.043725 	 0.070624
   72 	 0.033963 	 0.044412 	 0.068288
   73 	 0.034042 	 0.044014 	 0.070542
   74 	 0.034538 	 0.045080 	 0.067283
   75 	 0.036965 	 0.045815 	 0.069211
   76 	 0.009954 	 0.044981 	 0.068320
   77 	 0.037016 	 0.046626 	 0.070821
   78 	 0.037410 	 0.045620 	 0.069217
   79 	 0.037782 	 0.047190 	 0.070469
 