   0 	 0.002527 	 0.004868 	 0.011189
    1 	 0.002529 	 0.005097 	 0.011287
    2 	 0.002530 	 0.006623 	 0.014724
    3 	 0.003012 	 0.008174 	 0.015390
    4 	 0.003684 	 0.009548 	 0.016058
    5 	 0.003683 	 0.010860 	 0.016038
    6 	 0.003679 	 0.011260 	 0.015582
    7 	 0.006000 	 0.011820 	 0.015954
    8 	 0.006547 	 0.011744 	 0.016052
    9 	 0.007940 	 0.012270 	 0.016308
   10 	 0.007953 	 0.012660 	 0.016328
   11 	 0.008296 	 0.012983 	 0.016133
   12 	 0.010457 	 0.013403 	 0.016141
   13 	 0.010612 	 0.014022 	 0.016097
   14 	 0.010602 	 0.014349 	 0.017867
   15 	 0.010178 	 0.014737 	 0.025479
   16 	 0.010532 	 0.015655 	 0.025488
   17 	 0.010776 	 0.016291 	 0.027274
   18 	 0.010762 	 0.017342 	 0.027266
   19 	 0.009756 	 0.018298 	 0.028216
   20 	 0.009695 	 0.019241 	 0.029003
   21 	 0.009702 	 0.020466 	 0.029390
   22 	 0.009724 	 0.021082 	 0.028931
   23 	 0.014840 	 0.022887 	 0.029168
   24 	 0.015434 	 0.024609 	 0.029235
   25 	 0.015470 	 0.024480 	 0.029293
   26 	 0.015443 	 0.025279 	 0.027356
   27 	 0.016140 	 0.026556 	 0.027385
   28 	 0.020353 	 0.026673 	 0.027385
   29 	 0.014930 	 0.026634 	 0.027397
   30 	 0.025320 	 0.026853 	 0.027666
   31 	 0.025406 	 0.026811 	 0.027394
   32 	 0.025424 	 0.026763 	 0.027376
   33 	 0.025389 	 0.026757 	 0.027381
   34 	 0.021669 	 0.026745 	 0.027346
   35 	 0.021535 	 0.026631 	 0.027390
   36 	 0.025318 	 0.026805 	 0.027386
   37 	 0.025390 	 0.026832 	 0.027376
   38 	 0.025312 	 0.026768 	 0.027384
   39 	 0.025313 	 0.026761 	 0.027400
   40 	 0.025316 	 0.026756 	 0.027760
   41 	 0.025393 	 0.026728 	 0.027397
   42 	 0.014637 	 0.026614 	 0.027815
   43 	 0.014679 	 0.026664 	 0.027758
   44 	 0.025345 	 0.026739 	 0.027706
   45 	 0.025305 	 0.026806 	 0.027729
   46 	 0.025579 	 0.026825 	 0.027680
   47 	 0.025311 	 0.026872 	 0.027810
   48 	 0.025394 	 0.026821 	 0.027792
   49 	 0.025313 	 0.026984 	 0.027749
   50 	 0.021905 	 0.027023 	 0.027813
   51 	 0.022346 	 0.027110 	 0.027802
   52 	 0.025305 	 0.027234 	 0.027802
   53 	 0.025203 	 0.027225 	 0.027801
   54 	 0.025137 	 0.027131 	 0.027792
   55 	 0.025463 	 0.027096 	 0.027797
   56 	 0.025077 	 0.027159 	 0.027796
   57 	 0.025065 	 0.027132 	 0.027815
   58 	 0.025117 	 0.027180 	 0.027782
   59 	 0.025153 	 0.027066 	 0.027808
   60 	 0.025292 	 0.027158 	 0.027806
   61 	 0.025119 	 0.027193 	 0.027801
   62 	 0.016474 	 0.026864 	 0.027793
   63 	 0.016543 	 0.026845 	 0.027789
   64 	 0.022583 	 0.026860 	 0.027811
   65 	 0.022483 	 0.026866 	 0.027804
   66 	 0.022221 	 0.026995 	 0.027791
   67 	 0.022561 	 0.026843 	 0.027808
   68 	 0.016998 	 0.026436 	 0.027746
   69 	 0.016833 	 0.026408 	 0.027748
   70 	 0.022459 	 0.026353 	 0.027802
   71 	 0.022394 	 0.026219 	 0.027811
   72 	 0.022575 	 0.026719 	 0.027754
   73 	 0.014655 	 0.026627 	 0.027770
   74 	 0.014685 	 0.026343 	 0.027756
   75 	 0.018672 	 0.026404 	 0.027760
   76 	 0.018550 	 0.026529 	 0.027785
   77 	 0.022721 	 0.026871 	 0.027780
   78 	 0.021477 	 0.026891 	 0.027776
   79 	 0.020051 	 0.026809 	 0.027749
 