   0 	 0.002610 	 0.004662 	 0.009835
    1 	 0.002605 	 0.005223 	 0.009908
    2 	 0.002610 	 0.005745 	 0.010701
    3 	 0.003087 	 0.006515 	 0.010743
    4 	 0.003298 	 0.006977 	 0.012181
    5 	 0.003795 	 0.008110 	 0.012494
    6 	 0.004865 	 0.008659 	 0.012507
    7 	 0.005675 	 0.009605 	 0.012889
    8 	 0.006019 	 0.010265 	 0.017646
    9 	 0.006010 	 0.010572 	 0.017627
   10 	 0.006371 	 0.011646 	 0.017889
   11 	 0.006364 	 0.012322 	 0.018728
   12 	 0.006935 	 0.013020 	 0.019300
   13 	 0.008296 	 0.013853 	 0.018755
   14 	 0.008311 	 0.014128 	 0.018300
   15 	 0.008347 	 0.014516 	 0.019851
   16 	 0.009057 	 0.015300 	 0.019751
   17 	 0.009075 	 0.015791 	 0.019914
   18 	 0.009929 	 0.016210 	 0.020257
   19 	 0.009903 	 0.016482 	 0.020844
   20 	 0.010724 	 0.016570 	 0.021415
   21 	 0.010724 	 0.017359 	 0.022490
   22 	 0.010944 	 0.017409 	 0.022483
   23 	 0.010916 	 0.017631 	 0.022569
   24 	 0.011325 	 0.018115 	 0.022587
   25 	 0.011918 	 0.018640 	 0.025025
   26 	 0.014946 	 0.019519 	 0.025616
   27 	 0.014065 	 0.019774 	 0.025430
   28 	 0.015606 	 0.020131 	 0.025397
   29 	 0.015438 	 0.020340 	 0.025516
   30 	 0.016245 	 0.020705 	 0.025293
   31 	 0.017621 	 0.021454 	 0.025542
   32 	 0.011758 	 0.021727 	 0.028378
   33 	 0.015516 	 0.022175 	 0.027129
   34 	 0.015421 	 0.021787 	 0.030724
   35 	 0.015734 	 0.022322 	 0.030759
   36 	 0.016866 	 0.023307 	 0.030870
   37 	 0.016775 	 0.023507 	 0.030613
   38 	 0.016770 	 0.023884 	 0.031214
   39 	 0.015459 	 0.024215 	 0.030366
   40 	 0.019625 	 0.024460 	 0.030329
   41 	 0.019228 	 0.024641 	 0.030494
   42 	 0.016538 	 0.024806 	 0.030550
   43 	 0.016704 	 0.024814 	 0.030612
   44 	 0.019770 	 0.025557 	 0.030852
   45 	 0.018700 	 0.025117 	 0.030482
   46 	 0.019738 	 0.025411 	 0.031933
   47 	 0.019490 	 0.025890 	 0.032398
   48 	 0.021311 	 0.026752 	 0.032724
   49 	 0.021748 	 0.027210 	 0.032750
   50 	 0.021626 	 0.027761 	 0.036516
   51 	 0.014580 	 0.027904 	 0.036311
   52 	 0.023455 	 0.028664 	 0.035845
   53 	 0.022106 	 0.029532 	 0.034394
   54 	 0.021025 	 0.029884 	 0.034410
   55 	 0.022479 	 0.030554 	 0.034222
   56 	 0.022281 	 0.031100 	 0.035521
   57 	 0.015600 	 0.031364 	 0.034626
   58 	 0.025351 	 0.031735 	 0.034543
   59 	 0.029300 	 0.031895 	 0.035645
   60 	 0.027683 	 0.031770 	 0.034158
   61 	 0.027437 	 0.031923 	 0.034643
   62 	 0.011545 	 0.031762 	 0.034870
   63 	 0.028100 	 0.032166 	 0.035486
   64 	 0.027598 	 0.032469 	 0.036661
   65 	 0.030265 	 0.032418 	 0.036173
   66 	 0.029995 	 0.032421 	 0.036694
   67 	 0.030052 	 0.032407 	 0.035679
   68 	 0.030014 	 0.032343 	 0.035866
   69 	 0.030756 	 0.032392 	 0.035213
   70 	 0.030105 	 0.032469 	 0.037058
   71 	 0.029920 	 0.032474 	 0.036463
   72 	 0.026409 	 0.032313 	 0.035952
   73 	 0.026539 	 0.032301 	 0.036680
   74 	 0.026228 	 0.032007 	 0.036376
   75 	 0.026272 	 0.031852 	 0.034937
   76 	 0.026471 	 0.032158 	 0.035142
   77 	 0.025322 	 0.032203 	 0.036360
   78 	 0.027916 	 0.032251 	 0.035556
   79 	 0.030415 	 0.032564 	 0.036038
 