   0 	 0.002297 	 0.004784 	 0.011307
    1 	 0.002299 	 0.004874 	 0.011371
    2 	 0.002296 	 0.005567 	 0.012517
    3 	 0.003308 	 0.006776 	 0.012600
    4 	 0.003314 	 0.007547 	 0.012627
    5 	 0.003309 	 0.007873 	 0.012679
    6 	 0.003743 	 0.008610 	 0.012663
    7 	 0.004451 	 0.009175 	 0.012635
    8 	 0.004452 	 0.009807 	 0.012654
    9 	 0.004436 	 0.009943 	 0.015131
   10 	 0.004631 	 0.010624 	 0.012944
   11 	 0.004637 	 0.011064 	 0.013280
   12 	 0.008786 	 0.011724 	 0.013245
   13 	 0.008850 	 0.011812 	 0.013105
   14 	 0.008840 	 0.011706 	 0.013104
   15 	 0.008828 	 0.012085 	 0.013166
   16 	 0.008830 	 0.011970 	 0.013144
   17 	 0.008784 	 0.012062 	 0.014472
   18 	 0.009164 	 0.012205 	 0.014514
   19 	 0.009193 	 0.012218 	 0.014375
   20 	 0.009756 	 0.012343 	 0.013064
   21 	 0.010773 	 0.012377 	 0.013766
   22 	 0.011130 	 0.012522 	 0.013820
   23 	 0.011530 	 0.012630 	 0.013856
   24 	 0.011779 	 0.012656 	 0.013881
   25 	 0.011772 	 0.012810 	 0.013880
   26 	 0.011784 	 0.012757 	 0.013883
   27 	 0.011819 	 0.012799 	 0.013882
   28 	 0.011821 	 0.012766 	 0.013888
   29 	 0.008711 	 0.012656 	 0.013883
   30 	 0.008721 	 0.012588 	 0.013885
   31 	 0.011771 	 0.012683 	 0.013875
   32 	 0.011805 	 0.012731 	 0.013882
   33 	 0.011847 	 0.012748 	 0.013892
   34 	 0.011905 	 0.012695 	 0.013900
   35 	 0.012509 	 0.012726 	 0.013868
   36 	 0.012517 	 0.012766 	 0.013889
   37 	 0.012509 	 0.012806 	 0.013876
   38 	 0.010302 	 0.012784 	 0.013876
   39 	 0.010250 	 0.012808 	 0.015336
   40 	 0.010276 	 0.012654 	 0.014116
   41 	 0.010295 	 0.012765 	 0.014219
   42 	 0.010264 	 0.012808 	 0.014124
   43 	 0.012509 	 0.012798 	 0.013845
   44 	 0.012515 	 0.012790 	 0.013864
   45 	 0.012510 	 0.012818 	 0.013889
   46 	 0.012509 	 0.012867 	 0.013884
   47 	 0.012509 	 0.012799 	 0.013883
   48 	 0.012513 	 0.012791 	 0.014290
   49 	 0.012511 	 0.012796 	 0.014257
   50 	 0.012510 	 0.012744 	 0.014235
   51 	 0.012514 	 0.012814 	 0.014264
   52 	 0.012513 	 0.012901 	 0.014322
   53 	 0.012521 	 0.013084 	 0.014186
   54 	 0.012511 	 0.013007 	 0.014273
   55 	 0.012510 	 0.012965 	 0.014102
   56 	 0.009037 	 0.013015 	 0.014145
   57 	 0.012517 	 0.013098 	 0.014098
   58 	 0.012516 	 0.013238 	 0.013980
   59 	 0.012526 	 0.013280 	 0.014114
   60 	 0.012513 	 0.013210 	 0.014078
   61 	 0.012510 	 0.013113 	 0.014136
   62 	 0.012511 	 0.013078 	 0.015564
   63 	 0.012515 	 0.013125 	 0.014167
   64 	 0.012512 	 0.013167 	 0.013887
   65 	 0.012511 	 0.013225 	 0.014351
   66 	 0.006901 	 0.013118 	 0.013885
   67 	 0.012515 	 0.013149 	 0.014809
   68 	 0.012509 	 0.013267 	 0.014771
   69 	 0.012336 	 0.013291 	 0.013887
   70 	 0.012510 	 0.013275 	 0.013887
   71 	 0.010305 	 0.013088 	 0.013883
   72 	 0.012514 	 0.013089 	 0.013875
   73 	 0.012516 	 0.013019 	 0.013889
   74 	 0.012509 	 0.013048 	 0.013889
   75 	 0.012509 	 0.012996 	 0.013888
   76 	 0.012510 	 0.013132 	 0.013889
   77 	 0.012509 	 0.013264 	 0.014603
   78 	 0.012516 	 0.013394 	 0.014673
   79 	 0.012509 	 0.013346 	 0.014625
 