   0 	 0.002254 	 0.004907 	 0.012611
    1 	 0.002256 	 0.005455 	 0.009612
    2 	 0.003537 	 0.006175 	 0.009585
    3 	 0.003531 	 0.006495 	 0.011566
    4 	 0.003628 	 0.007295 	 0.011591
    5 	 0.003697 	 0.008154 	 0.017954
    6 	 0.003704 	 0.008372 	 0.013634
    7 	 0.004437 	 0.008449 	 0.013770
    8 	 0.004442 	 0.008546 	 0.013717
    9 	 0.004172 	 0.009552 	 0.015312
   10 	 0.005280 	 0.010047 	 0.017689
   11 	 0.005301 	 0.010784 	 0.017788
   12 	 0.007285 	 0.011639 	 0.017835
   13 	 0.007306 	 0.012906 	 0.017934
   14 	 0.007264 	 0.013391 	 0.017927
   15 	 0.009894 	 0.014489 	 0.021679
   16 	 0.010815 	 0.015072 	 0.023886
   17 	 0.010818 	 0.015198 	 0.024200
   18 	 0.010857 	 0.015454 	 0.024105
   19 	 0.012283 	 0.016412 	 0.024247
   20 	 0.012250 	 0.016322 	 0.024079
   21 	 0.012909 	 0.016793 	 0.020735
   22 	 0.011853 	 0.016735 	 0.020912
   23 	 0.013616 	 0.016864 	 0.020800
   24 	 0.013626 	 0.017116 	 0.020888
   25 	 0.012700 	 0.017227 	 0.022280
   26 	 0.012748 	 0.017775 	 0.022432
   27 	 0.012650 	 0.017605 	 0.022148
   28 	 0.011470 	 0.018212 	 0.022347
   29 	 0.012700 	 0.018512 	 0.022381
   30 	 0.012638 	 0.018247 	 0.021979
   31 	 0.012730 	 0.018629 	 0.023713
   32 	 0.015472 	 0.019110 	 0.022013
   33 	 0.015374 	 0.019035 	 0.021961
   34 	 0.016239 	 0.019841 	 0.023365
   35 	 0.016393 	 0.019900 	 0.022397
   36 	 0.016416 	 0.020075 	 0.022652
   37 	 0.016314 	 0.020114 	 0.022818
   38 	 0.016268 	 0.020144 	 0.023342
   39 	 0.016367 	 0.020418 	 0.023458
   40 	 0.016209 	 0.020396 	 0.023084
   41 	 0.016294 	 0.020436 	 0.023647
   42 	 0.016181 	 0.020637 	 0.022767
   43 	 0.018209 	 0.021057 	 0.022876
   44 	 0.018907 	 0.020934 	 0.022879
   45 	 0.018855 	 0.020908 	 0.022813
   46 	 0.017999 	 0.021052 	 0.024510
   47 	 0.019461 	 0.021446 	 0.024372
   48 	 0.020118 	 0.021435 	 0.024302
   49 	 0.019325 	 0.021519 	 0.024526
   50 	 0.019295 	 0.021428 	 0.024532
   51 	 0.017926 	 0.021156 	 0.024352
   52 	 0.020061 	 0.021373 	 0.024486
   53 	 0.019957 	 0.021268 	 0.024467
   54 	 0.019958 	 0.021350 	 0.024328
   55 	 0.014854 	 0.021466 	 0.024536
   56 	 0.018429 	 0.021254 	 0.024516
   57 	 0.018604 	 0.021370 	 0.025582
   58 	 0.019198 	 0.021446 	 0.025445
   59 	 0.016516 	 0.021388 	 0.025698
   60 	 0.018456 	 0.021611 	 0.025503
   61 	 0.017372 	 0.021733 	 0.025463
   62 	 0.017378 	 0.021469 	 0.025865
   63 	 0.017822 	 0.022046 	 0.025862
   64 	 0.019362 	 0.022330 	 0.025945
   65 	 0.019955 	 0.022317 	 0.025793
   66 	 0.017869 	 0.022649 	 0.025995
   67 	 0.020224 	 0.022837 	 0.026006
   68 	 0.020029 	 0.022999 	 0.026144
   69 	 0.018327 	 0.023123 	 0.026152
   70 	 0.018354 	 0.023288 	 0.025946
   71 	 0.017752 	 0.023134 	 0.025954
   72 	 0.020354 	 0.023196 	 0.025873
   73 	 0.018079 	 0.023048 	 0.026028
   74 	 0.021688 	 0.023051 	 0.026071
   75 	 0.017599 	 0.022976 	 0.026073
   76 	 0.017542 	 0.023019 	 0.025908
   77 	 0.017533 	 0.023101 	 0.026076
   78 	 0.017573 	 0.023266 	 0.026154
   79 	 0.017522 	 0.023187 	 0.025950
 