   0 	 0.001867 	 0.004737 	 0.009025
    1 	 0.002711 	 0.005409 	 0.008992
    2 	 0.003561 	 0.006045 	 0.009975
    3 	 0.003655 	 0.006871 	 0.010268
    4 	 0.003650 	 0.006765 	 0.010216
    5 	 0.003939 	 0.007383 	 0.010235
    6 	 0.005504 	 0.007730 	 0.010257
    7 	 0.005536 	 0.007955 	 0.017747
    8 	 0.004991 	 0.008261 	 0.017748
    9 	 0.004973 	 0.008795 	 0.017782
   10 	 0.004954 	 0.008821 	 0.017820
   11 	 0.005424 	 0.009486 	 0.017733
   12 	 0.005423 	 0.010030 	 0.018623
   13 	 0.005555 	 0.011787 	 0.018871
   14 	 0.005162 	 0.013138 	 0.020832
   15 	 0.007574 	 0.014802 	 0.021026
   16 	 0.008092 	 0.016157 	 0.021053
   17 	 0.008343 	 0.017074 	 0.021207
   18 	 0.009651 	 0.017800 	 0.021208
   19 	 0.009617 	 0.017677 	 0.021184
   20 	 0.013114 	 0.018034 	 0.023236
   21 	 0.013206 	 0.018410 	 0.023669
   22 	 0.013152 	 0.018367 	 0.022530
   23 	 0.008910 	 0.017936 	 0.023287
   24 	 0.013124 	 0.018508 	 0.022795
   25 	 0.012583 	 0.018446 	 0.022831
   26 	 0.015408 	 0.019146 	 0.022904
   27 	 0.014450 	 0.019320 	 0.022925
   28 	 0.014348 	 0.019507 	 0.022925
   29 	 0.013908 	 0.019244 	 0.022899
   30 	 0.015354 	 0.019504 	 0.022871
   31 	 0.015417 	 0.019779 	 0.023084
   32 	 0.015583 	 0.020050 	 0.022770
   33 	 0.017580 	 0.020817 	 0.022796
   34 	 0.016124 	 0.020492 	 0.022809
   35 	 0.017565 	 0.020608 	 0.022925
   36 	 0.017622 	 0.020690 	 0.022990
   37 	 0.017641 	 0.020731 	 0.022908
   38 	 0.012614 	 0.020895 	 0.022827
   39 	 0.012582 	 0.020917 	 0.023116
   40 	 0.012476 	 0.020747 	 0.023099
   41 	 0.012492 	 0.020887 	 0.022862
   42 	 0.012552 	 0.021116 	 0.022792
   43 	 0.014519 	 0.021408 	 0.023022
   44 	 0.018495 	 0.021573 	 0.022649
   45 	 0.015257 	 0.021450 	 0.022785
   46 	 0.015087 	 0.021222 	 0.022640
   47 	 0.011459 	 0.021266 	 0.022749
   48 	 0.015029 	 0.021443 	 0.027155
   49 	 0.018583 	 0.021862 	 0.027400
   50 	 0.018725 	 0.021936 	 0.027327
   51 	 0.017672 	 0.021961 	 0.027391
   52 	 0.015146 	 0.021864 	 0.027441
   53 	 0.020617 	 0.022279 	 0.027737
   54 	 0.020802 	 0.022591 	 0.027476
   55 	 0.014103 	 0.022376 	 0.027363
   56 	 0.014073 	 0.022212 	 0.027318
   57 	 0.014100 	 0.022048 	 0.027492
   58 	 0.014070 	 0.021686 	 0.027692
   59 	 0.014039 	 0.021957 	 0.027698
   60 	 0.014091 	 0.022391 	 0.027562
   61 	 0.014068 	 0.022493 	 0.027502
   62 	 0.013379 	 0.022705 	 0.027718
   63 	 0.019741 	 0.023287 	 0.027683
   64 	 0.019441 	 0.023504 	 0.027714
   65 	 0.019687 	 0.024375 	 0.029176
   66 	 0.020694 	 0.024695 	 0.027725
   67 	 0.020792 	 0.024694 	 0.027724
   68 	 0.020884 	 0.025533 	 0.027741
   69 	 0.020790 	 0.025868 	 0.028232
   70 	 0.021114 	 0.025738 	 0.027747
   71 	 0.020831 	 0.025515 	 0.027733
   72 	 0.020851 	 0.025836 	 0.027717
   73 	 0.020530 	 0.025770 	 0.027814
   74 	 0.021084 	 0.026188 	 0.027743
   75 	 0.022177 	 0.026516 	 0.027747
   76 	 0.022209 	 0.026831 	 0.027742
   77 	 0.022220 	 0.026773 	 0.027723
   78 	 0.022208 	 0.027034 	 0.028149
   79 	 0.022469 	 0.027078 	 0.028115
 