   0 	 0.002024 	 0.004273 	 0.008071
    1 	 0.002023 	 0.004625 	 0.009317
    2 	 0.002026 	 0.005077 	 0.009719
    3 	 0.002745 	 0.005611 	 0.009729
    4 	 0.003117 	 0.006100 	 0.012178
    5 	 0.003123 	 0.006560 	 0.011057
    6 	 0.004233 	 0.006581 	 0.011791
    7 	 0.004241 	 0.006867 	 0.011860
    8 	 0.004243 	 0.007362 	 0.011105
    9 	 0.004248 	 0.007909 	 0.011142
   10 	 0.004256 	 0.008399 	 0.015514
   11 	 0.004446 	 0.009116 	 0.015614
   12 	 0.004431 	 0.009714 	 0.015634
   13 	 0.005834 	 0.010578 	 0.015655
   14 	 0.006787 	 0.010785 	 0.015725
   15 	 0.006785 	 0.011701 	 0.016731
   16 	 0.008470 	 0.013096 	 0.016854
   17 	 0.008452 	 0.013667 	 0.017366
   18 	 0.007999 	 0.014288 	 0.017155
   19 	 0.007739 	 0.015103 	 0.016803
   20 	 0.011558 	 0.015454 	 0.016723
   21 	 0.011579 	 0.015627 	 0.016838
   22 	 0.008657 	 0.015450 	 0.016835
   23 	 0.008605 	 0.015236 	 0.016720
   24 	 0.008649 	 0.015505 	 0.026215
   25 	 0.012325 	 0.015698 	 0.021552
   26 	 0.015485 	 0.015753 	 0.021317
   27 	 0.009283 	 0.015774 	 0.021368
   28 	 0.009249 	 0.015606 	 0.021468
   29 	 0.010685 	 0.015842 	 0.021649
   30 	 0.012386 	 0.016193 	 0.021687
   31 	 0.015151 	 0.016410 	 0.021671
   32 	 0.015087 	 0.016254 	 0.021694
   33 	 0.015082 	 0.016537 	 0.021606
   34 	 0.014817 	 0.016795 	 0.021621
   35 	 0.009459 	 0.017148 	 0.021606
   36 	 0.013235 	 0.017862 	 0.021930
   37 	 0.009988 	 0.017894 	 0.022125
   38 	 0.010015 	 0.018152 	 0.022129
   39 	 0.010026 	 0.018674 	 0.022078
   40 	 0.010083 	 0.018768 	 0.022138
   41 	 0.015508 	 0.018642 	 0.021977
   42 	 0.012385 	 0.018325 	 0.022349
   43 	 0.015488 	 0.018947 	 0.022124
   44 	 0.015406 	 0.019413 	 0.022101
   45 	 0.015265 	 0.019385 	 0.022162
   46 	 0.012763 	 0.019918 	 0.022144
   47 	 0.012854 	 0.020042 	 0.022139
   48 	 0.012875 	 0.020364 	 0.022172
   49 	 0.015888 	 0.020455 	 0.022173
   50 	 0.015973 	 0.020676 	 0.022142
   51 	 0.015813 	 0.020895 	 0.022155
   52 	 0.015823 	 0.020757 	 0.022199
   53 	 0.019416 	 0.021107 	 0.022208
   54 	 0.019409 	 0.020997 	 0.022161
   55 	 0.016601 	 0.021143 	 0.022174
   56 	 0.016662 	 0.021292 	 0.022152
   57 	 0.013482 	 0.021189 	 0.022126
   58 	 0.016495 	 0.021230 	 0.022920
   59 	 0.016657 	 0.021515 	 0.023083
   60 	 0.018324 	 0.021461 	 0.023109
   61 	 0.018853 	 0.021617 	 0.023086
   62 	 0.018670 	 0.021722 	 0.023099
   63 	 0.013033 	 0.021536 	 0.023126
   64 	 0.013010 	 0.021783 	 0.023104
   65 	 0.012976 	 0.021512 	 0.023123
   66 	 0.013014 	 0.021750 	 0.023052
   67 	 0.019532 	 0.022250 	 0.039173
   68 	 0.019687 	 0.022662 	 0.039690
   69 	 0.019606 	 0.023662 	 0.039777
   70 	 0.019404 	 0.023391 	 0.039001
   71 	 0.019710 	 0.024933 	 0.040158
   72 	 0.019415 	 0.025711 	 0.039991
   73 	 0.021335 	 0.027855 	 0.040310
   74 	 0.018774 	 0.029655 	 0.040144
   75 	 0.018994 	 0.032787 	 0.048174
   76 	 0.021290 	 0.035583 	 0.048697
   77 	 0.013292 	 0.036739 	 0.054843
   78 	 0.021296 	 0.039277 	 0.055703
   79 	 0.021342 	 0.039313 	 0.054562
 