   0 	 0.001938 	 0.004400 	 0.008383
    1 	 0.002921 	 0.004720 	 0.008325
    2 	 0.002844 	 0.005199 	 0.009414
    3 	 0.003135 	 0.005741 	 0.008265
    4 	 0.003128 	 0.006129 	 0.008453
    5 	 0.003131 	 0.006392 	 0.008265
    6 	 0.003129 	 0.006540 	 0.008290
    7 	 0.003133 	 0.007025 	 0.011818
    8 	 0.003132 	 0.007851 	 0.015527
    9 	 0.004874 	 0.008579 	 0.015498
   10 	 0.004882 	 0.009234 	 0.015523
   11 	 0.004881 	 0.010054 	 0.015506
   12 	 0.004874 	 0.011315 	 0.021628
   13 	 0.005639 	 0.012497 	 0.021560
   14 	 0.005666 	 0.013529 	 0.024584
   15 	 0.005642 	 0.015467 	 0.035165
   16 	 0.008059 	 0.016784 	 0.034811
   17 	 0.007331 	 0.016642 	 0.024834
   18 	 0.008075 	 0.016738 	 0.025009
   19 	 0.007567 	 0.016772 	 0.026336
   20 	 0.010643 	 0.017553 	 0.026347
   21 	 0.011669 	 0.019119 	 0.027213
   22 	 0.009409 	 0.019168 	 0.027154
   23 	 0.011666 	 0.019980 	 0.027395
   24 	 0.015320 	 0.021246 	 0.027571
   25 	 0.013924 	 0.022279 	 0.030133
   26 	 0.013848 	 0.022969 	 0.031123
   27 	 0.015340 	 0.023377 	 0.030890
   28 	 0.013520 	 0.023645 	 0.031442
   29 	 0.013382 	 0.024413 	 0.036634
   30 	 0.010038 	 0.025047 	 0.036365
   31 	 0.015562 	 0.025265 	 0.035658
   32 	 0.015671 	 0.025579 	 0.035866
   33 	 0.015687 	 0.026327 	 0.045104
   34 	 0.015654 	 0.026845 	 0.045960
   35 	 0.013234 	 0.028748 	 0.046082
   36 	 0.013241 	 0.029649 	 0.046025
   37 	 0.015274 	 0.031992 	 0.045907
   38 	 0.021743 	 0.036030 	 0.046568
   39 	 0.021751 	 0.037446 	 0.049171
   40 	 0.021477 	 0.038710 	 0.049624
   41 	 0.025258 	 0.039849 	 0.049479
   42 	 0.025300 	 0.041718 	 0.052755
   43 	 0.025850 	 0.041961 	 0.051657
   44 	 0.031442 	 0.043862 	 0.050545
   45 	 0.031657 	 0.043384 	 0.050157
   46 	 0.031695 	 0.044713 	 0.050220
   47 	 0.031999 	 0.045018 	 0.051498
   48 	 0.031482 	 0.045647 	 0.050407
   49 	 0.020111 	 0.045569 	 0.054842
   50 	 0.035631 	 0.046262 	 0.050991
   51 	 0.034723 	 0.046127 	 0.051284
   52 	 0.035024 	 0.046523 	 0.051876
   53 	 0.028645 	 0.045820 	 0.053402
   54 	 0.028420 	 0.045484 	 0.053558
   55 	 0.028474 	 0.047226 	 0.053693
   56 	 0.017995 	 0.046966 	 0.053065
   57 	 0.044063 	 0.047841 	 0.057347
   58 	 0.044156 	 0.047648 	 0.053118
   59 	 0.041922 	 0.047831 	 0.052774
   60 	 0.041839 	 0.048513 	 0.053074
   61 	 0.016876 	 0.048516 	 0.053882
   62 	 0.016753 	 0.048338 	 0.053711
   63 	 0.016990 	 0.049144 	 0.054255
   64 	 0.044901 	 0.050158 	 0.055022
   65 	 0.028258 	 0.050199 	 0.054730
   66 	 0.027814 	 0.049968 	 0.055142
   67 	 0.027714 	 0.049938 	 0.062020
   68 	 0.028317 	 0.049625 	 0.060006
   69 	 0.012498 	 0.048722 	 0.062661
   70 	 0.045896 	 0.050233 	 0.059839
   71 	 0.045778 	 0.050187 	 0.052440
   72 	 0.046699 	 0.050125 	 0.051785
   73 	 0.019615 	 0.049611 	 0.052251
   74 	 0.047155 	 0.050152 	 0.052243
   75 	 0.047597 	 0.050230 	 0.052368
   76 	 0.047635 	 0.050391 	 0.052402
   77 	 0.047475 	 0.050106 	 0.052333
   78 	 0.040723 	 0.050305 	 0.052386
   79 	 0.031015 	 0.050114 	 0.052301
 