   0 	 0.002736 	 0.004460 	 0.007727
    1 	 0.002979 	 0.004637 	 0.011672
    2 	 0.003040 	 0.005523 	 0.011722
    3 	 0.003441 	 0.006194 	 0.011730
    4 	 0.003438 	 0.007260 	 0.012243
    5 	 0.003525 	 0.008672 	 0.012369
    6 	 0.004226 	 0.009457 	 0.013015
    7 	 0.005015 	 0.010323 	 0.013094
    8 	 0.005020 	 0.010905 	 0.013094
    9 	 0.006980 	 0.011226 	 0.013060
   10 	 0.007275 	 0.011442 	 0.013073
   11 	 0.007294 	 0.011881 	 0.013479
   12 	 0.007278 	 0.011542 	 0.013303
   13 	 0.007269 	 0.011902 	 0.014195
   14 	 0.008052 	 0.012133 	 0.014138
   15 	 0.008039 	 0.012155 	 0.014216
   16 	 0.008093 	 0.012200 	 0.013219
   17 	 0.008372 	 0.012443 	 0.013263
   18 	 0.008350 	 0.012467 	 0.013303
   19 	 0.009328 	 0.012739 	 0.013297
   20 	 0.009208 	 0.012751 	 0.013274
   21 	 0.009219 	 0.012798 	 0.013301
   22 	 0.011536 	 0.012929 	 0.013282
   23 	 0.011466 	 0.012946 	 0.013731
   24 	 0.011420 	 0.012870 	 0.013806
   25 	 0.011483 	 0.012858 	 0.013791
   26 	 0.011432 	 0.012942 	 0.013811
   27 	 0.010449 	 0.012911 	 0.013858
   28 	 0.010532 	 0.012866 	 0.013726
   29 	 0.010511 	 0.012969 	 0.013647
   30 	 0.010593 	 0.013006 	 0.013641
   31 	 0.010583 	 0.012998 	 0.013632
   32 	 0.010567 	 0.013049 	 0.014113
   33 	 0.008607 	 0.013138 	 0.014123
   34 	 0.008602 	 0.013161 	 0.014083
   35 	 0.012501 	 0.013325 	 0.014071
   36 	 0.011896 	 0.013271 	 0.014087
   37 	 0.011861 	 0.013179 	 0.013992
   38 	 0.011765 	 0.013186 	 0.014115
   39 	 0.011265 	 0.013191 	 0.014112
   40 	 0.011969 	 0.013214 	 0.014033
   41 	 0.012857 	 0.013257 	 0.014094
   42 	 0.012783 	 0.013247 	 0.014045
   43 	 0.012864 	 0.013206 	 0.014024
   44 	 0.012853 	 0.013221 	 0.014128
   45 	 0.012823 	 0.013270 	 0.013983
   46 	 0.011876 	 0.013121 	 0.013970
   47 	 0.012780 	 0.013159 	 0.013646
   48 	 0.012766 	 0.013178 	 0.013636
   49 	 0.012775 	 0.013248 	 0.013650
   50 	 0.012775 	 0.013295 	 0.013965
   51 	 0.012844 	 0.013307 	 0.013651
   52 	 0.012785 	 0.013317 	 0.013637
   53 	 0.012779 	 0.013292 	 0.013637
   54 	 0.012775 	 0.013286 	 0.013634
   55 	 0.010098 	 0.013316 	 0.013887
   56 	 0.010088 	 0.013283 	 0.014016
   57 	 0.010146 	 0.013310 	 0.013950
   58 	 0.012949 	 0.013384 	 0.013961
   59 	 0.012936 	 0.013424 	 0.014265
   60 	 0.012627 	 0.013441 	 0.014159
   61 	 0.012508 	 0.013418 	 0.014151
   62 	 0.012945 	 0.013459 	 0.014259
   63 	 0.008357 	 0.013393 	 0.014204
   64 	 0.012948 	 0.013511 	 0.014336
   65 	 0.012937 	 0.013486 	 0.014091
   66 	 0.012962 	 0.013522 	 0.014225
   67 	 0.008937 	 0.013438 	 0.014269
   68 	 0.012964 	 0.013582 	 0.021198
   69 	 0.012972 	 0.013638 	 0.021385
   70 	 0.012938 	 0.013598 	 0.021212
   71 	 0.012940 	 0.014294 	 0.021545
   72 	 0.012922 	 0.014550 	 0.021531
   73 	 0.009277 	 0.015001 	 0.021546
   74 	 0.009326 	 0.016802 	 0.021500
   75 	 0.012371 	 0.017382 	 0.021493
   76 	 0.012339 	 0.017801 	 0.021845
   77 	 0.012375 	 0.018810 	 0.021538
   78 	 0.010462 	 0.018622 	 0.021547
   79 	 0.013473 	 0.018988 	 0.021538
 