   0 	 0.002647 	 0.004184 	 0.006823
    1 	 0.002649 	 0.004445 	 0.006828
    2 	 0.002919 	 0.004961 	 0.008635
    3 	 0.003044 	 0.005446 	 0.008641
    4 	 0.003153 	 0.005712 	 0.008640
    5 	 0.003853 	 0.006090 	 0.008599
    6 	 0.003855 	 0.006253 	 0.008633
    7 	 0.003980 	 0.006700 	 0.008864
    8 	 0.003986 	 0.007127 	 0.009502
    9 	 0.003986 	 0.007243 	 0.009496
   10 	 0.003982 	 0.007365 	 0.009675
   11 	 0.004285 	 0.007724 	 0.009754
   12 	 0.004278 	 0.007871 	 0.010704
   13 	 0.004753 	 0.008136 	 0.010715
   14 	 0.005721 	 0.008403 	 0.010633
   15 	 0.005704 	 0.008638 	 0.010621
   16 	 0.004836 	 0.008628 	 0.010620
   17 	 0.004274 	 0.008789 	 0.015317
   18 	 0.004818 	 0.009062 	 0.015492
   19 	 0.004823 	 0.009259 	 0.015457
   20 	 0.006658 	 0.010569 	 0.015957
   21 	 0.007559 	 0.011080 	 0.015918
   22 	 0.007515 	 0.011551 	 0.015486
   23 	 0.007539 	 0.012590 	 0.017837
   24 	 0.008513 	 0.013634 	 0.017389
   25 	 0.009680 	 0.014161 	 0.017553
   26 	 0.009847 	 0.014642 	 0.017730
   27 	 0.009860 	 0.014652 	 0.018533
   28 	 0.009848 	 0.015057 	 0.018477
   29 	 0.011056 	 0.014770 	 0.018445
   30 	 0.011127 	 0.015164 	 0.018459
   31 	 0.011048 	 0.015376 	 0.018421
   32 	 0.010761 	 0.015379 	 0.018470
   33 	 0.007974 	 0.015744 	 0.018570
   34 	 0.011963 	 0.015733 	 0.018471
   35 	 0.012060 	 0.016163 	 0.018536
   36 	 0.012214 	 0.016334 	 0.020627
   37 	 0.012255 	 0.016631 	 0.020921
   38 	 0.013943 	 0.016840 	 0.021202
   39 	 0.013583 	 0.017510 	 0.020943
   40 	 0.015270 	 0.018019 	 0.021142
   41 	 0.012044 	 0.017926 	 0.020929
   42 	 0.011961 	 0.017876 	 0.020954
   43 	 0.014333 	 0.018453 	 0.020688
   44 	 0.014411 	 0.018342 	 0.020695
   45 	 0.009497 	 0.018436 	 0.020714
   46 	 0.014450 	 0.018616 	 0.020691
   47 	 0.014322 	 0.018445 	 0.020720
   48 	 0.014316 	 0.018260 	 0.020659
   49 	 0.014410 	 0.018775 	 0.020672
   50 	 0.017356 	 0.019054 	 0.020674
   51 	 0.017343 	 0.019257 	 0.020688
   52 	 0.011905 	 0.019377 	 0.020812
   53 	 0.017367 	 0.019472 	 0.020718
   54 	 0.017258 	 0.019550 	 0.020747
   55 	 0.017223 	 0.019576 	 0.020718
   56 	 0.017074 	 0.019744 	 0.020717
   57 	 0.017269 	 0.020002 	 0.020720
   58 	 0.017061 	 0.019998 	 0.020708
   59 	 0.014084 	 0.019969 	 0.020740
   60 	 0.013911 	 0.020112 	 0.020994
   61 	 0.014010 	 0.020033 	 0.020969
   62 	 0.009190 	 0.019858 	 0.020990
   63 	 0.014023 	 0.019892 	 0.021055
   64 	 0.013995 	 0.019574 	 0.020718
   65 	 0.014025 	 0.019743 	 0.025666
   66 	 0.017090 	 0.019932 	 0.021256
   67 	 0.017081 	 0.019827 	 0.021087
   68 	 0.017117 	 0.019999 	 0.020721
   69 	 0.017085 	 0.020103 	 0.020871
   70 	 0.017270 	 0.020110 	 0.020721
   71 	 0.018159 	 0.020194 	 0.020716
   72 	 0.017068 	 0.020184 	 0.020849
   73 	 0.019244 	 0.020183 	 0.020711
   74 	 0.018806 	 0.020178 	 0.020794
   75 	 0.018909 	 0.020240 	 0.020753
   76 	 0.011930 	 0.020021 	 0.020710
   77 	 0.011911 	 0.020060 	 0.022648
   78 	 0.011884 	 0.020104 	 0.020865
   79 	 0.019252 	 0.020234 	 0.020821
 