   0 	 0.002295 	 0.004853 	 0.012299
    1 	 0.002957 	 0.005650 	 0.012299
    2 	 0.003718 	 0.006414 	 0.012254
    3 	 0.004060 	 0.007505 	 0.013020
    4 	 0.004070 	 0.008412 	 0.012973
    5 	 0.004739 	 0.009089 	 0.014506
    6 	 0.004811 	 0.009702 	 0.014551
    7 	 0.004815 	 0.010199 	 0.018799
    8 	 0.006540 	 0.010668 	 0.018833
    9 	 0.006562 	 0.011710 	 0.018958
   10 	 0.007466 	 0.012473 	 0.018974
   11 	 0.007440 	 0.012563 	 0.019265
   12 	 0.007486 	 0.014142 	 0.021839
   13 	 0.007485 	 0.014767 	 0.021670
   14 	 0.011287 	 0.015866 	 0.021456
   15 	 0.011036 	 0.015599 	 0.019032
   16 	 0.011300 	 0.016438 	 0.021814
   17 	 0.011267 	 0.016756 	 0.022019
   18 	 0.011282 	 0.016885 	 0.032578
   19 	 0.011305 	 0.018060 	 0.033082
   20 	 0.010577 	 0.019898 	 0.033226
   21 	 0.008918 	 0.021538 	 0.033190
   22 	 0.008919 	 0.022038 	 0.033067
   23 	 0.014769 	 0.026168 	 0.033254
   24 	 0.014114 	 0.025873 	 0.033196
   25 	 0.015152 	 0.027143 	 0.034051
   26 	 0.015079 	 0.027821 	 0.033203
   27 	 0.015218 	 0.030630 	 0.033251
   28 	 0.016072 	 0.031589 	 0.034371
   29 	 0.013853 	 0.031608 	 0.034232
   30 	 0.013943 	 0.031563 	 0.033258
   31 	 0.013809 	 0.031915 	 0.033254
   32 	 0.021824 	 0.032559 	 0.033226
   33 	 0.022599 	 0.032552 	 0.033229
   34 	 0.022765 	 0.032586 	 0.033262
   35 	 0.032202 	 0.032813 	 0.034140
   36 	 0.032212 	 0.032719 	 0.033262
   37 	 0.032204 	 0.032675 	 0.033259
   38 	 0.032209 	 0.032682 	 0.033225
   39 	 0.032193 	 0.032737 	 0.033255
   40 	 0.032199 	 0.032753 	 0.033260
   41 	 0.020969 	 0.032492 	 0.033139
   42 	 0.021015 	 0.032350 	 0.033262
   43 	 0.032208 	 0.032699 	 0.033241
   44 	 0.032032 	 0.032736 	 0.033234
   45 	 0.026132 	 0.032608 	 0.034425
   46 	 0.025794 	 0.032715 	 0.035193
   47 	 0.025975 	 0.032802 	 0.035761
   48 	 0.030448 	 0.032779 	 0.035638
   49 	 0.029932 	 0.032743 	 0.035886
   50 	 0.030154 	 0.032693 	 0.033258
   51 	 0.029870 	 0.032602 	 0.033258
   52 	 0.030197 	 0.032613 	 0.033253
   53 	 0.029730 	 0.032591 	 0.033238
   54 	 0.023424 	 0.032580 	 0.033257
   55 	 0.030587 	 0.032707 	 0.033240
   56 	 0.029803 	 0.032576 	 0.033260
   57 	 0.019265 	 0.032281 	 0.033222
   58 	 0.019234 	 0.032157 	 0.033243
   59 	 0.030426 	 0.032663 	 0.033370
   60 	 0.029794 	 0.032422 	 0.033330
   61 	 0.026113 	 0.032141 	 0.033245
   62 	 0.025890 	 0.032279 	 0.033260
   63 	 0.017662 	 0.032198 	 0.037686
   64 	 0.030148 	 0.032610 	 0.037609
   65 	 0.029767 	 0.032818 	 0.038552
   66 	 0.029797 	 0.033135 	 0.038534
   67 	 0.030474 	 0.033170 	 0.038333
   68 	 0.032194 	 0.033176 	 0.038463
   69 	 0.032195 	 0.033373 	 0.038783
   70 	 0.032194 	 0.033933 	 0.038604
   71 	 0.032198 	 0.033772 	 0.038511
   72 	 0.032197 	 0.033533 	 0.038623
   73 	 0.032204 	 0.033830 	 0.038650
   74 	 0.032274 	 0.033942 	 0.038550
   75 	 0.031863 	 0.034495 	 0.038480
   76 	 0.031939 	 0.034701 	 0.038497
   77 	 0.031270 	 0.034491 	 0.038513
   78 	 0.031427 	 0.034867 	 0.043069
   79 	 0.031676 	 0.035065 	 0.042664
 