   0 	 0.002294 	 0.004788 	 0.011480
    1 	 0.002292 	 0.005507 	 0.011544
    2 	 0.002998 	 0.006636 	 0.011543
    3 	 0.002854 	 0.007786 	 0.013877
    4 	 0.002892 	 0.009379 	 0.013942
    5 	 0.005747 	 0.010113 	 0.014986
    6 	 0.005745 	 0.010727 	 0.015114
    7 	 0.006389 	 0.011355 	 0.016256
    8 	 0.006963 	 0.012396 	 0.015677
    9 	 0.008592 	 0.012866 	 0.018155
   10 	 0.008444 	 0.012937 	 0.018342
   11 	 0.008432 	 0.013289 	 0.018382
   12 	 0.008470 	 0.013524 	 0.017698
   13 	 0.008429 	 0.013931 	 0.030975
   14 	 0.009884 	 0.014400 	 0.030922
   15 	 0.009687 	 0.014302 	 0.030953
   16 	 0.009672 	 0.014341 	 0.030467
   17 	 0.009725 	 0.014151 	 0.030599
   18 	 0.010121 	 0.014915 	 0.031046
   19 	 0.010175 	 0.015692 	 0.030774
   20 	 0.012506 	 0.016902 	 0.030552
   21 	 0.010739 	 0.016630 	 0.030779
   22 	 0.010444 	 0.017706 	 0.031750
   23 	 0.010731 	 0.019300 	 0.032112
   24 	 0.010883 	 0.020408 	 0.032067
   25 	 0.010957 	 0.022527 	 0.038979
   26 	 0.013322 	 0.026148 	 0.039179
   27 	 0.013278 	 0.028955 	 0.039176
   28 	 0.013250 	 0.030467 	 0.047960
   29 	 0.013204 	 0.030517 	 0.044235
   30 	 0.015842 	 0.031738 	 0.039316
   31 	 0.026067 	 0.032312 	 0.044681
   32 	 0.016084 	 0.033368 	 0.046763
   33 	 0.016067 	 0.033784 	 0.045713
   34 	 0.015739 	 0.034235 	 0.045834
   35 	 0.016165 	 0.035785 	 0.046939
   36 	 0.026054 	 0.036940 	 0.046858
   37 	 0.026247 	 0.038355 	 0.047321
   38 	 0.026553 	 0.039748 	 0.052796
   39 	 0.030235 	 0.041240 	 0.052941
   40 	 0.030829 	 0.041418 	 0.052132
   41 	 0.030645 	 0.040463 	 0.053803
   42 	 0.030553 	 0.040939 	 0.052053
   43 	 0.027979 	 0.041814 	 0.053273
   44 	 0.015763 	 0.041103 	 0.054061
   45 	 0.027457 	 0.043414 	 0.053602
   46 	 0.030862 	 0.044025 	 0.047576
   47 	 0.030941 	 0.044206 	 0.047813
   48 	 0.030885 	 0.044266 	 0.047689
   49 	 0.038252 	 0.045064 	 0.047708
   50 	 0.039172 	 0.045198 	 0.047644
   51 	 0.038936 	 0.045314 	 0.047766
   52 	 0.016305 	 0.044910 	 0.047806
   53 	 0.039759 	 0.045667 	 0.047813
   54 	 0.017304 	 0.045341 	 0.047783
   55 	 0.027263 	 0.045529 	 0.047618
   56 	 0.043776 	 0.045831 	 0.047769
   57 	 0.029914 	 0.045759 	 0.047788
   58 	 0.029985 	 0.045944 	 0.048967
   59 	 0.043743 	 0.046194 	 0.047779
   60 	 0.044013 	 0.046177 	 0.047786
   61 	 0.044010 	 0.046206 	 0.047757
   62 	 0.015166 	 0.045809 	 0.047774
   63 	 0.043901 	 0.046383 	 0.047795
   64 	 0.043897 	 0.046536 	 0.047950
   65 	 0.030345 	 0.046211 	 0.047760
   66 	 0.043769 	 0.046306 	 0.047797
   67 	 0.043812 	 0.046376 	 0.047805
   68 	 0.036489 	 0.046143 	 0.047781
   69 	 0.036200 	 0.046064 	 0.049513
   70 	 0.036315 	 0.045980 	 0.051172
   71 	 0.036188 	 0.046289 	 0.050243
   72 	 0.036676 	 0.046473 	 0.050905
   73 	 0.044109 	 0.046680 	 0.050186
   74 	 0.044200 	 0.046868 	 0.051492
   75 	 0.044335 	 0.047021 	 0.051230
   76 	 0.016442 	 0.046620 	 0.051175
   77 	 0.043849 	 0.047142 	 0.051318
   78 	 0.044412 	 0.047083 	 0.051057
   79 	 0.043979 	 0.047194 	 0.053309
 