   0 	 0.002461 	 0.004794 	 0.009496
    1 	 0.002465 	 0.005281 	 0.009456
    2 	 0.002461 	 0.006196 	 0.011427
    3 	 0.003270 	 0.006843 	 0.011989
    4 	 0.003634 	 0.007722 	 0.014755
    5 	 0.004017 	 0.008713 	 0.014889
    6 	 0.004795 	 0.009208 	 0.014854
    7 	 0.004805 	 0.009772 	 0.021726
    8 	 0.006266 	 0.010435 	 0.022044
    9 	 0.006288 	 0.010818 	 0.022117
   10 	 0.005530 	 0.012655 	 0.022040
   11 	 0.006322 	 0.014301 	 0.022038
   12 	 0.005988 	 0.016680 	 0.024353
   13 	 0.006020 	 0.018388 	 0.024826
   14 	 0.005992 	 0.018346 	 0.025038
   15 	 0.010468 	 0.019071 	 0.023387
   16 	 0.010515 	 0.019637 	 0.024703
   17 	 0.010501 	 0.020276 	 0.024530
   18 	 0.008606 	 0.020190 	 0.023441
   19 	 0.008588 	 0.020016 	 0.023771
   20 	 0.008596 	 0.020095 	 0.023780
   21 	 0.010815 	 0.020473 	 0.023918
   22 	 0.012425 	 0.020521 	 0.024413
   23 	 0.012385 	 0.020846 	 0.024038
   24 	 0.012369 	 0.020973 	 0.024063
   25 	 0.012443 	 0.021162 	 0.024068
   26 	 0.012430 	 0.020838 	 0.024078
   27 	 0.015825 	 0.021259 	 0.024404
   28 	 0.016661 	 0.021529 	 0.024128
   29 	 0.016651 	 0.021319 	 0.024086
   30 	 0.016619 	 0.021241 	 0.024083
   31 	 0.016711 	 0.021237 	 0.024090
   32 	 0.016735 	 0.021479 	 0.023979
   33 	 0.016797 	 0.021930 	 0.023988
   34 	 0.016680 	 0.022370 	 0.024054
   35 	 0.017063 	 0.022667 	 0.024073
   36 	 0.017212 	 0.022877 	 0.024082
   37 	 0.016007 	 0.022885 	 0.027147
   38 	 0.016126 	 0.022851 	 0.024071
   39 	 0.016087 	 0.022676 	 0.024079
   40 	 0.016103 	 0.022830 	 0.023986
   41 	 0.019269 	 0.022990 	 0.026871
   42 	 0.019086 	 0.023024 	 0.027000
   43 	 0.013445 	 0.022943 	 0.027143
   44 	 0.013538 	 0.023299 	 0.026811
   45 	 0.015578 	 0.023177 	 0.026837
   46 	 0.017841 	 0.023448 	 0.027774
   47 	 0.017556 	 0.023879 	 0.027191
   48 	 0.017588 	 0.023979 	 0.026800
   49 	 0.019183 	 0.024359 	 0.027133
   50 	 0.015434 	 0.024739 	 0.028004
   51 	 0.019161 	 0.025004 	 0.028115
   52 	 0.019320 	 0.024734 	 0.027152
   53 	 0.022735 	 0.025257 	 0.028059
   54 	 0.022255 	 0.025586 	 0.027859
   55 	 0.012129 	 0.025668 	 0.027751
   56 	 0.022283 	 0.025789 	 0.028723
   57 	 0.022287 	 0.025847 	 0.028507
   58 	 0.022467 	 0.026025 	 0.029039
   59 	 0.017949 	 0.025887 	 0.028887
   60 	 0.022267 	 0.026130 	 0.027956
   61 	 0.023058 	 0.026338 	 0.028001
   62 	 0.023047 	 0.026488 	 0.028303
   63 	 0.022762 	 0.026673 	 0.028306
   64 	 0.015589 	 0.026249 	 0.028238
   65 	 0.015539 	 0.026286 	 0.028217
   66 	 0.023199 	 0.026688 	 0.028288
   67 	 0.016146 	 0.026643 	 0.028213
   68 	 0.016248 	 0.026002 	 0.028180
   69 	 0.016216 	 0.026314 	 0.028273
   70 	 0.016331 	 0.026546 	 0.028093
   71 	 0.012043 	 0.026347 	 0.028125
   72 	 0.022270 	 0.026633 	 0.028261
   73 	 0.022325 	 0.026674 	 0.028202
   74 	 0.022759 	 0.026709 	 0.028323
   75 	 0.015567 	 0.026629 	 0.028274
   76 	 0.023103 	 0.026858 	 0.028140
   77 	 0.023024 	 0.026964 	 0.028322
   78 	 0.018798 	 0.026728 	 0.028315
   79 	 0.018732 	 0.026784 	 0.028348
 