   0 	 0.002382 	 0.005031 	 0.028655
    1 	 0.002892 	 0.008032 	 0.029172
    2 	 0.003104 	 0.014254 	 0.029294
    3 	 0.004299 	 0.021397 	 0.032661
    4 	 0.005222 	 0.024173 	 0.033175
    5 	 0.007599 	 0.028261 	 0.032751
    6 	 0.024415 	 0.028837 	 0.033344
    7 	 0.023640 	 0.028927 	 0.033153
    8 	 0.012114 	 0.028510 	 0.032643
    9 	 0.023391 	 0.028928 	 0.033011
   10 	 0.023564 	 0.028990 	 0.033458
   11 	 0.021574 	 0.028890 	 0.033001
   12 	 0.021608 	 0.028875 	 0.033258
   13 	 0.021812 	 0.028769 	 0.032759
   14 	 0.028269 	 0.028931 	 0.033137
   15 	 0.028465 	 0.028984 	 0.033447
   16 	 0.027211 	 0.028942 	 0.033006
   17 	 0.028470 	 0.029016 	 0.032975
   18 	 0.024453 	 0.029153 	 0.041646
   19 	 0.024485 	 0.029089 	 0.040896
   20 	 0.024726 	 0.028844 	 0.033356
   21 	 0.024702 	 0.029011 	 0.032810
   22 	 0.028440 	 0.029029 	 0.032829
   23 	 0.028489 	 0.028985 	 0.029817
   24 	 0.028483 	 0.029035 	 0.029823
   25 	 0.028477 	 0.028946 	 0.029766
   26 	 0.028475 	 0.028951 	 0.029837
   27 	 0.021799 	 0.028851 	 0.029691
   28 	 0.028461 	 0.029005 	 0.029898
   29 	 0.027154 	 0.029055 	 0.030098
   30 	 0.028543 	 0.029114 	 0.030416
   31 	 0.028462 	 0.029119 	 0.030253
   32 	 0.020419 	 0.028985 	 0.030178
   33 	 0.028466 	 0.029146 	 0.030418
   34 	 0.028475 	 0.029101 	 0.029951
   35 	 0.028461 	 0.029132 	 0.030195
   36 	 0.023437 	 0.028954 	 0.030270
   37 	 0.020316 	 0.028923 	 0.030342
   38 	 0.023176 	 0.029062 	 0.030427
   39 	 0.028530 	 0.029172 	 0.030366
   40 	 0.019313 	 0.029044 	 0.030350
   41 	 0.019623 	 0.029032 	 0.030132
   42 	 0.019335 	 0.029057 	 0.030189
   43 	 0.028462 	 0.029176 	 0.030142
   44 	 0.028473 	 0.029219 	 0.030134
   45 	 0.028497 	 0.029269 	 0.030396
   46 	 0.028478 	 0.029277 	 0.030211
   47 	 0.028484 	 0.029285 	 0.029859
   48 	 0.026093 	 0.029296 	 0.034211
   49 	 0.028004 	 0.029329 	 0.034300
   50 	 0.020557 	 0.029028 	 0.029820
   51 	 0.028511 	 0.029227 	 0.029854
   52 	 0.028480 	 0.029137 	 0.029874
   53 	 0.028472 	 0.029134 	 0.029820
   54 	 0.018109 	 0.029035 	 0.034489
   55 	 0.028467 	 0.029300 	 0.034426
   56 	 0.028462 	 0.029239 	 0.029841
   57 	 0.019581 	 0.029092 	 0.032618
   58 	 0.028477 	 0.029273 	 0.032367
   59 	 0.028475 	 0.029363 	 0.031938
   60 	 0.028477 	 0.029319 	 0.032445
   61 	 0.022207 	 0.029087 	 0.032413
   62 	 0.022050 	 0.028919 	 0.032031
   63 	 0.013034 	 0.028482 	 0.030129
   64 	 0.013243 	 0.028424 	 0.030291
   65 	 0.013125 	 0.028702 	 0.030310
   66 	 0.028515 	 0.029199 	 0.029826
   67 	 0.028513 	 0.029231 	 0.029822
   68 	 0.014356 	 0.028852 	 0.029854
   69 	 0.027501 	 0.029169 	 0.032530
   70 	 0.028524 	 0.029361 	 0.032450
   71 	 0.028470 	 0.029381 	 0.031839
   72 	 0.027966 	 0.029259 	 0.030393
   73 	 0.027709 	 0.029342 	 0.030034
   74 	 0.017324 	 0.029125 	 0.029812
   75 	 0.026512 	 0.029329 	 0.029814
   76 	 0.027759 	 0.029322 	 0.029806
   77 	 0.028680 	 0.029308 	 0.029789
   78 	 0.028655 	 0.029312 	 0.029790
   79 	 0.016703 	 0.029089 	 0.029856
 