   0 	 0.002490 	 0.004317 	 0.011920
    1 	 0.002987 	 0.004638 	 0.015091
    2 	 0.002992 	 0.005535 	 0.015117
    3 	 0.002988 	 0.006703 	 0.018153
    4 	 0.002992 	 0.009109 	 0.018327
    5 	 0.003279 	 0.011807 	 0.019186
    6 	 0.005157 	 0.014096 	 0.019069
    7 	 0.006338 	 0.015223 	 0.019386
    8 	 0.011369 	 0.015563 	 0.019261
    9 	 0.011352 	 0.015981 	 0.019443
   10 	 0.011361 	 0.015800 	 0.019382
   11 	 0.011402 	 0.015945 	 0.019410
   12 	 0.013622 	 0.016586 	 0.019427
   13 	 0.010715 	 0.016404 	 0.019385
   14 	 0.010659 	 0.016545 	 0.019434
   15 	 0.010741 	 0.016853 	 0.019454
   16 	 0.013644 	 0.016868 	 0.019453
   17 	 0.013557 	 0.017095 	 0.019727
   18 	 0.013547 	 0.017167 	 0.019455
   19 	 0.014970 	 0.017866 	 0.019454
   20 	 0.014980 	 0.018112 	 0.019444
   21 	 0.014999 	 0.017943 	 0.019426
   22 	 0.014987 	 0.018210 	 0.019504
   23 	 0.014963 	 0.018886 	 0.019551
   24 	 0.015019 	 0.019089 	 0.019550
   25 	 0.015111 	 0.019168 	 0.019477
   26 	 0.015051 	 0.019082 	 0.019565
   27 	 0.015119 	 0.019161 	 0.020770
   28 	 0.012585 	 0.019204 	 0.020626
   29 	 0.012648 	 0.019236 	 0.020433
   30 	 0.008005 	 0.019056 	 0.020618
   31 	 0.011128 	 0.019225 	 0.020684
   32 	 0.010756 	 0.019205 	 0.020558
   33 	 0.010692 	 0.019050 	 0.020384
   34 	 0.010744 	 0.019131 	 0.020565
   35 	 0.019027 	 0.019326 	 0.019561
   36 	 0.019060 	 0.019316 	 0.019560
   37 	 0.019084 	 0.019308 	 0.019561
   38 	 0.019046 	 0.019310 	 0.019511
   39 	 0.016462 	 0.019243 	 0.019513
   40 	 0.016420 	 0.019258 	 0.019545
   41 	 0.016617 	 0.019287 	 0.019558
   42 	 0.016505 	 0.019269 	 0.019557
   43 	 0.019090 	 0.019351 	 0.019559
   44 	 0.019095 	 0.019345 	 0.019548
   45 	 0.019044 	 0.019329 	 0.020082
   46 	 0.019099 	 0.019341 	 0.020154
   47 	 0.018369 	 0.019348 	 0.020463
   48 	 0.018339 	 0.019389 	 0.020373
   49 	 0.019077 	 0.019352 	 0.020361
   50 	 0.019088 	 0.019424 	 0.020422
   51 	 0.015069 	 0.019278 	 0.020454
   52 	 0.015091 	 0.019250 	 0.020403
   53 	 0.019084 	 0.019393 	 0.020310
   54 	 0.018417 	 0.019404 	 0.020343
   55 	 0.007867 	 0.019162 	 0.020412
   56 	 0.007854 	 0.019112 	 0.020444
   57 	 0.017103 	 0.019240 	 0.020329
   58 	 0.018292 	 0.019248 	 0.020351
   59 	 0.017940 	 0.019224 	 0.020414
   60 	 0.017902 	 0.019180 	 0.020840
   61 	 0.015672 	 0.019091 	 0.020419
   62 	 0.015702 	 0.019079 	 0.020318
   63 	 0.015570 	 0.018891 	 0.020161
   64 	 0.015577 	 0.018903 	 0.020294
   65 	 0.015554 	 0.018925 	 0.020335
   66 	 0.011680 	 0.018846 	 0.019453
   67 	 0.015846 	 0.018985 	 0.019964
   68 	 0.015717 	 0.018906 	 0.019564
   69 	 0.015664 	 0.018826 	 0.019454
   70 	 0.015715 	 0.018873 	 0.019451
   71 	 0.015666 	 0.018958 	 0.019451
   72 	 0.017959 	 0.019123 	 0.019583
   73 	 0.015548 	 0.019030 	 0.019542
   74 	 0.015549 	 0.019057 	 0.019740
   75 	 0.018580 	 0.019106 	 0.019626
   76 	 0.018627 	 0.019143 	 0.019705
   77 	 0.018679 	 0.019236 	 0.019800
   78 	 0.018697 	 0.019239 	 0.019664
   79 	 0.018579 	 0.019212 	 0.019824
 