   0 	 0.002099 	 0.004581 	 0.008366
    1 	 0.002788 	 0.005266 	 0.008414
    2 	 0.002784 	 0.005108 	 0.010389
    3 	 0.002782 	 0.005819 	 0.011024
    4 	 0.002788 	 0.006273 	 0.010983
    5 	 0.002813 	 0.007026 	 0.013350
    6 	 0.002820 	 0.007108 	 0.009600
    7 	 0.004757 	 0.007456 	 0.009586
    8 	 0.004473 	 0.007508 	 0.010152
    9 	 0.004634 	 0.007874 	 0.011759
   10 	 0.004631 	 0.007982 	 0.013862
   11 	 0.004641 	 0.008593 	 0.013990
   12 	 0.004651 	 0.008737 	 0.013982
   13 	 0.005255 	 0.009119 	 0.014313
   14 	 0.005258 	 0.009284 	 0.017368
   15 	 0.005346 	 0.010159 	 0.017432
   16 	 0.005340 	 0.010344 	 0.017465
   17 	 0.006824 	 0.010488 	 0.023198
   18 	 0.006934 	 0.011105 	 0.023162
   19 	 0.006938 	 0.012673 	 0.023161
   20 	 0.006966 	 0.014459 	 0.030040
   21 	 0.008093 	 0.017255 	 0.030719
   22 	 0.008548 	 0.018719 	 0.030779
   23 	 0.008797 	 0.021132 	 0.030685
   24 	 0.012005 	 0.023310 	 0.030832
   25 	 0.012879 	 0.023589 	 0.030721
   26 	 0.012845 	 0.025241 	 0.030685
   27 	 0.020906 	 0.026595 	 0.030662
   28 	 0.021825 	 0.027306 	 0.030831
   29 	 0.021884 	 0.027339 	 0.030797
   30 	 0.011833 	 0.027071 	 0.030813
   31 	 0.013609 	 0.027636 	 0.030825
   32 	 0.021819 	 0.027946 	 0.030802
   33 	 0.022003 	 0.028437 	 0.030823
   34 	 0.022071 	 0.028058 	 0.030825
   35 	 0.022601 	 0.028045 	 0.030814
   36 	 0.022281 	 0.028340 	 0.030811
   37 	 0.022618 	 0.027844 	 0.030799
   38 	 0.017898 	 0.027376 	 0.030804
   39 	 0.017929 	 0.027504 	 0.030798
   40 	 0.018702 	 0.028141 	 0.030829
   41 	 0.022902 	 0.028870 	 0.030776
   42 	 0.022801 	 0.028421 	 0.030825
   43 	 0.021882 	 0.028763 	 0.030822
   44 	 0.021869 	 0.029226 	 0.030808
   45 	 0.017473 	 0.028708 	 0.030747
   46 	 0.021734 	 0.029483 	 0.030830
   47 	 0.022901 	 0.029335 	 0.030825
   48 	 0.027925 	 0.029323 	 0.030615
   49 	 0.027593 	 0.029175 	 0.030653
   50 	 0.026714 	 0.029378 	 0.030717
   51 	 0.026205 	 0.029559 	 0.031000
   52 	 0.026411 	 0.029805 	 0.030980
   53 	 0.027606 	 0.029909 	 0.031021
   54 	 0.027962 	 0.030056 	 0.031071
   55 	 0.026494 	 0.030084 	 0.030881
   56 	 0.022746 	 0.029969 	 0.030795
   57 	 0.015525 	 0.029779 	 0.031015
   58 	 0.015362 	 0.028702 	 0.030956
   59 	 0.010941 	 0.028456 	 0.030915
   60 	 0.011030 	 0.028762 	 0.043875
   61 	 0.010943 	 0.028577 	 0.030814
   62 	 0.018377 	 0.028782 	 0.030847
   63 	 0.022845 	 0.029849 	 0.031006
   64 	 0.021144 	 0.029736 	 0.030830
   65 	 0.023171 	 0.029730 	 0.031984
   66 	 0.023174 	 0.029636 	 0.032477
   67 	 0.027911 	 0.029869 	 0.032103
   68 	 0.027877 	 0.029849 	 0.031990
   69 	 0.027724 	 0.029833 	 0.032558
   70 	 0.027897 	 0.029869 	 0.031978
   71 	 0.027984 	 0.029780 	 0.031770
   72 	 0.027759 	 0.029642 	 0.030789
   73 	 0.015737 	 0.029585 	 0.031075
   74 	 0.015524 	 0.029913 	 0.031100
   75 	 0.015535 	 0.029733 	 0.031019
   76 	 0.016656 	 0.029985 	 0.031637
   77 	 0.028466 	 0.030254 	 0.031638
   78 	 0.028443 	 0.030145 	 0.031172
   79 	 0.028632 	 0.030172 	 0.031594
 