   0 	 0.002526 	 0.004827 	 0.013760
    1 	 0.002521 	 0.005954 	 0.013898
    2 	 0.002521 	 0.007093 	 0.013888
    3 	 0.003450 	 0.009478 	 0.018420
    4 	 0.003576 	 0.010810 	 0.018378
    5 	 0.004587 	 0.011710 	 0.018244
    6 	 0.006416 	 0.013212 	 0.018398
    7 	 0.009739 	 0.013934 	 0.018355
    8 	 0.009389 	 0.013921 	 0.018168
    9 	 0.010001 	 0.014252 	 0.021318
   10 	 0.010045 	 0.014644 	 0.021502
   11 	 0.010069 	 0.014951 	 0.018416
   12 	 0.011423 	 0.014990 	 0.019005
   13 	 0.011381 	 0.014866 	 0.019199
   14 	 0.011386 	 0.015526 	 0.023159
   15 	 0.011327 	 0.016422 	 0.025754
   16 	 0.011083 	 0.016842 	 0.026172
   17 	 0.011156 	 0.017643 	 0.026292
   18 	 0.011562 	 0.018694 	 0.026495
   19 	 0.011607 	 0.019054 	 0.026497
   20 	 0.011565 	 0.021380 	 0.031673
   21 	 0.013611 	 0.022815 	 0.032456
   22 	 0.013703 	 0.023377 	 0.031892
   23 	 0.013639 	 0.024107 	 0.034331
   24 	 0.012238 	 0.025317 	 0.034421
   25 	 0.019563 	 0.026076 	 0.038895
   26 	 0.019651 	 0.025711 	 0.036359
   27 	 0.019561 	 0.026505 	 0.037613
   28 	 0.018353 	 0.027574 	 0.037264
   29 	 0.018453 	 0.027737 	 0.037139
   30 	 0.018493 	 0.028107 	 0.036688
   31 	 0.016491 	 0.028872 	 0.036325
   32 	 0.018378 	 0.029473 	 0.036813
   33 	 0.023135 	 0.030430 	 0.036849
   34 	 0.022000 	 0.030688 	 0.036744
   35 	 0.021893 	 0.031161 	 0.036319
   36 	 0.014537 	 0.030894 	 0.036807
   37 	 0.021768 	 0.031728 	 0.036805
   38 	 0.022046 	 0.033006 	 0.036733
   39 	 0.022885 	 0.032879 	 0.037052
   40 	 0.019649 	 0.032899 	 0.037323
   41 	 0.021444 	 0.032610 	 0.036759
   42 	 0.021009 	 0.032552 	 0.036834
   43 	 0.018848 	 0.032935 	 0.036536
   44 	 0.018829 	 0.032938 	 0.041316
   45 	 0.022757 	 0.033519 	 0.041381
   46 	 0.022973 	 0.033774 	 0.041114
   47 	 0.023279 	 0.034195 	 0.040207
   48 	 0.023150 	 0.034234 	 0.036830
   49 	 0.023121 	 0.034377 	 0.036679
   50 	 0.022938 	 0.034321 	 0.036756
   51 	 0.022892 	 0.034150 	 0.036804
   52 	 0.030889 	 0.034566 	 0.037403
   53 	 0.014914 	 0.034084 	 0.037146
   54 	 0.028711 	 0.034408 	 0.037510
   55 	 0.014700 	 0.033981 	 0.037419
   56 	 0.027908 	 0.034100 	 0.037356
   57 	 0.028129 	 0.034475 	 0.036740
   58 	 0.028227 	 0.034753 	 0.037034
   59 	 0.032056 	 0.035228 	 0.036731
   60 	 0.032453 	 0.035363 	 0.036849
   61 	 0.033132 	 0.035166 	 0.036781
   62 	 0.033253 	 0.035194 	 0.036820
   63 	 0.033140 	 0.035251 	 0.036785
   64 	 0.033219 	 0.035377 	 0.036756
   65 	 0.033378 	 0.035392 	 0.036775
   66 	 0.030308 	 0.035312 	 0.036735
   67 	 0.029757 	 0.035341 	 0.036874
   68 	 0.030238 	 0.035210 	 0.037708
   69 	 0.031299 	 0.035346 	 0.037569
   70 	 0.022340 	 0.034886 	 0.037432
   71 	 0.022560 	 0.034422 	 0.037062
   72 	 0.030908 	 0.034474 	 0.036803
   73 	 0.014875 	 0.034085 	 0.037311
   74 	 0.030737 	 0.035060 	 0.037181
   75 	 0.031113 	 0.035189 	 0.037402
   76 	 0.026391 	 0.035160 	 0.037366
   77 	 0.031011 	 0.035250 	 0.037229
   78 	 0.033183 	 0.035371 	 0.038373
   79 	 0.032339 	 0.035412 	 0.038557
 