   0 	 0.002356 	 0.004867 	 0.009681
    1 	 0.002352 	 0.005245 	 0.009757
    2 	 0.002353 	 0.005931 	 0.010389
    3 	 0.002357 	 0.006840 	 0.010551
    4 	 0.003766 	 0.007909 	 0.020542
    5 	 0.003757 	 0.008377 	 0.020488
    6 	 0.003763 	 0.009518 	 0.020479
    7 	 0.004682 	 0.010053 	 0.020590
    8 	 0.004698 	 0.011362 	 0.020591
    9 	 0.006991 	 0.013882 	 0.020615
   10 	 0.008358 	 0.015353 	 0.020610
   11 	 0.008866 	 0.016381 	 0.021126
   12 	 0.009044 	 0.016928 	 0.021491
   13 	 0.011372 	 0.018194 	 0.022661
   14 	 0.011352 	 0.018890 	 0.023599
   15 	 0.009752 	 0.019150 	 0.023479
   16 	 0.010833 	 0.019168 	 0.023547
   17 	 0.011448 	 0.019774 	 0.021431
   18 	 0.013638 	 0.020153 	 0.021464
   19 	 0.016780 	 0.020087 	 0.021378
   20 	 0.016725 	 0.020065 	 0.021520
   21 	 0.016792 	 0.020128 	 0.021512
   22 	 0.016875 	 0.020125 	 0.021414
   23 	 0.016749 	 0.019876 	 0.021518
   24 	 0.016674 	 0.019787 	 0.021462
   25 	 0.016701 	 0.020020 	 0.021815
   26 	 0.016943 	 0.020122 	 0.021847
   27 	 0.017479 	 0.020398 	 0.022769
   28 	 0.015719 	 0.020433 	 0.021813
   29 	 0.017475 	 0.020567 	 0.021837
   30 	 0.014557 	 0.020412 	 0.021885
   31 	 0.014532 	 0.020316 	 0.021514
   32 	 0.014585 	 0.020439 	 0.021849
   33 	 0.020048 	 0.020615 	 0.021804
   34 	 0.019907 	 0.020545 	 0.021792
   35 	 0.020131 	 0.020607 	 0.021881
   36 	 0.016447 	 0.020519 	 0.021793
   37 	 0.016419 	 0.020565 	 0.022407
   38 	 0.016501 	 0.020661 	 0.021905
   39 	 0.016327 	 0.020795 	 0.021886
   40 	 0.015738 	 0.020698 	 0.021859
   41 	 0.015927 	 0.020703 	 0.021885
   42 	 0.015826 	 0.020849 	 0.021872
   43 	 0.016689 	 0.020988 	 0.021884
   44 	 0.016526 	 0.020932 	 0.022323
   45 	 0.017209 	 0.021199 	 0.022246
   46 	 0.018639 	 0.021365 	 0.021951
   47 	 0.017701 	 0.021295 	 0.022371
   48 	 0.018585 	 0.021334 	 0.022339
   49 	 0.015274 	 0.021171 	 0.022527
   50 	 0.015198 	 0.020943 	 0.022571
   51 	 0.016412 	 0.021144 	 0.022664
   52 	 0.016457 	 0.021210 	 0.022676
   53 	 0.013296 	 0.021202 	 0.022541
   54 	 0.013291 	 0.021149 	 0.022458
   55 	 0.013207 	 0.021048 	 0.022939
   56 	 0.013148 	 0.021310 	 0.023132
   57 	 0.018897 	 0.021543 	 0.023026
   58 	 0.018659 	 0.021506 	 0.022746
   59 	 0.018604 	 0.021482 	 0.022765
   60 	 0.018599 	 0.021351 	 0.023043
   61 	 0.018552 	 0.021418 	 0.023051
   62 	 0.018592 	 0.021381 	 0.022992
   63 	 0.018609 	 0.021462 	 0.023177
   64 	 0.018540 	 0.021533 	 0.023090
   65 	 0.018662 	 0.021641 	 0.023137
   66 	 0.016504 	 0.021663 	 0.023142
   67 	 0.016427 	 0.021780 	 0.023129
   68 	 0.018766 	 0.022081 	 0.023097
   69 	 0.018791 	 0.022130 	 0.023132
   70 	 0.018837 	 0.022043 	 0.023150
   71 	 0.018580 	 0.021968 	 0.023341
   72 	 0.021147 	 0.022055 	 0.024010
   73 	 0.021088 	 0.022201 	 0.024101
   74 	 0.021084 	 0.022205 	 0.024061
   75 	 0.018760 	 0.022241 	 0.023823
   76 	 0.018598 	 0.022343 	 0.024006
   77 	 0.018677 	 0.022435 	 0.023914
   78 	 0.018448 	 0.022381 	 0.024023
   79 	 0.018329 	 0.022355 	 0.023797
 