   0 	 0.002309 	 0.004604 	 0.013789
    1 	 0.002707 	 0.005564 	 0.013925
    2 	 0.002704 	 0.006720 	 0.013943
    3 	 0.002604 	 0.008288 	 0.015225
    4 	 0.002602 	 0.010510 	 0.015149
    5 	 0.004434 	 0.012880 	 0.015233
    6 	 0.004785 	 0.013542 	 0.015153
    7 	 0.010606 	 0.013759 	 0.014562
    8 	 0.013756 	 0.013884 	 0.014653
    9 	 0.013562 	 0.013905 	 0.014657
   10 	 0.013395 	 0.013878 	 0.014604
   11 	 0.008334 	 0.013774 	 0.014662
   12 	 0.008339 	 0.013788 	 0.014664
   13 	 0.013607 	 0.013884 	 0.014656
   14 	 0.008929 	 0.013792 	 0.014694
   15 	 0.013680 	 0.013866 	 0.014558
   16 	 0.009493 	 0.013807 	 0.014679
   17 	 0.013760 	 0.013868 	 0.014615
   18 	 0.013764 	 0.013870 	 0.014668
   19 	 0.012301 	 0.013840 	 0.014634
   20 	 0.012238 	 0.013853 	 0.014646
   21 	 0.013755 	 0.013890 	 0.014684
   22 	 0.013757 	 0.013882 	 0.014698
   23 	 0.013760 	 0.013902 	 0.014661
   24 	 0.013758 	 0.013872 	 0.014595
   25 	 0.013757 	 0.013901 	 0.014699
   26 	 0.013284 	 0.013873 	 0.014587
   27 	 0.010939 	 0.013789 	 0.013944
   28 	 0.013123 	 0.013807 	 0.014161
   29 	 0.011646 	 0.013762 	 0.014069
   30 	 0.011673 	 0.013760 	 0.013988
   31 	 0.011652 	 0.013693 	 0.013986
   32 	 0.011653 	 0.013735 	 0.014027
   33 	 0.011663 	 0.013708 	 0.014017
   34 	 0.011680 	 0.013725 	 0.014025
   35 	 0.011758 	 0.013623 	 0.014588
   36 	 0.012689 	 0.013620 	 0.014543
   37 	 0.012679 	 0.013553 	 0.014633
   38 	 0.010185 	 0.013476 	 0.016523
   39 	 0.012698 	 0.013665 	 0.016586
   40 	 0.010263 	 0.013692 	 0.015741
   41 	 0.012633 	 0.013709 	 0.015790
   42 	 0.012617 	 0.013709 	 0.015758
   43 	 0.012640 	 0.013691 	 0.014576
   44 	 0.012683 	 0.013794 	 0.014613
   45 	 0.011973 	 0.013797 	 0.014616
   46 	 0.012561 	 0.013799 	 0.014614
   47 	 0.011480 	 0.013842 	 0.014660
   48 	 0.010532 	 0.013753 	 0.014805
   49 	 0.011490 	 0.013919 	 0.014688
   50 	 0.012776 	 0.013945 	 0.014794
   51 	 0.010719 	 0.013885 	 0.014799
   52 	 0.010680 	 0.013932 	 0.014797
   53 	 0.010677 	 0.013902 	 0.014712
   54 	 0.009132 	 0.013782 	 0.015334
   55 	 0.009112 	 0.013811 	 0.015297
   56 	 0.010662 	 0.013844 	 0.015260
   57 	 0.010674 	 0.013919 	 0.015337
   58 	 0.010694 	 0.013807 	 0.014650
   59 	 0.010635 	 0.013751 	 0.014726
   60 	 0.010676 	 0.013791 	 0.014562
   61 	 0.010607 	 0.013652 	 0.014614
   62 	 0.013377 	 0.013903 	 0.014578
   63 	 0.013368 	 0.013915 	 0.014613
   64 	 0.013459 	 0.013879 	 0.014613
   65 	 0.012314 	 0.013863 	 0.014519
   66 	 0.012292 	 0.013843 	 0.014546
   67 	 0.011408 	 0.013782 	 0.014523
   68 	 0.011305 	 0.013759 	 0.014553
   69 	 0.010252 	 0.013792 	 0.014665
   70 	 0.010265 	 0.013768 	 0.014676
   71 	 0.010181 	 0.013826 	 0.014745
   72 	 0.012301 	 0.013970 	 0.014756
   73 	 0.012224 	 0.014035 	 0.014716
   74 	 0.013338 	 0.014130 	 0.014748
   75 	 0.013222 	 0.014106 	 0.014743
   76 	 0.013264 	 0.014127 	 0.014726
   77 	 0.011637 	 0.014051 	 0.014756
   78 	 0.013247 	 0.014125 	 0.014738
   79 	 0.013267 	 0.014137 	 0.014728
 