   0 	 0.002502 	 0.004862 	 0.013752
    1 	 0.002774 	 0.005500 	 0.013883
    2 	 0.002775 	 0.006521 	 0.013882
    3 	 0.002784 	 0.007552 	 0.013794
    4 	 0.004051 	 0.008054 	 0.013862
    5 	 0.004778 	 0.008900 	 0.013957
    6 	 0.004773 	 0.009814 	 0.013893
    7 	 0.004819 	 0.011227 	 0.013893
    8 	 0.005458 	 0.012265 	 0.019139
    9 	 0.007098 	 0.013253 	 0.019314
   10 	 0.007210 	 0.013746 	 0.019223
   11 	 0.010473 	 0.013911 	 0.019218
   12 	 0.009735 	 0.014125 	 0.018946
   13 	 0.010394 	 0.014520 	 0.018956
   14 	 0.010390 	 0.014587 	 0.018935
   15 	 0.010415 	 0.014639 	 0.018927
   16 	 0.007956 	 0.015064 	 0.026253
   17 	 0.013715 	 0.015217 	 0.026352
   18 	 0.010050 	 0.015798 	 0.020167
   19 	 0.013634 	 0.016004 	 0.021728
   20 	 0.013719 	 0.015904 	 0.021917
   21 	 0.013716 	 0.016275 	 0.020376
   22 	 0.013587 	 0.016520 	 0.020148
   23 	 0.013737 	 0.016074 	 0.023683
   24 	 0.011152 	 0.016192 	 0.023899
   25 	 0.013727 	 0.016020 	 0.023783
   26 	 0.013724 	 0.016347 	 0.023860
   27 	 0.009224 	 0.016182 	 0.023802
   28 	 0.009382 	 0.016891 	 0.024845
   29 	 0.012570 	 0.018075 	 0.024590
   30 	 0.012487 	 0.018232 	 0.026849
   31 	 0.013783 	 0.019307 	 0.025859
   32 	 0.014486 	 0.020232 	 0.026210
   33 	 0.013757 	 0.020559 	 0.035195
   34 	 0.013693 	 0.021315 	 0.035167
   35 	 0.013636 	 0.021611 	 0.034989
   36 	 0.013637 	 0.022125 	 0.037968
   37 	 0.013708 	 0.023271 	 0.037781
   38 	 0.014734 	 0.023830 	 0.038234
   39 	 0.014175 	 0.023487 	 0.037857
   40 	 0.014838 	 0.024532 	 0.038798
   41 	 0.016696 	 0.025952 	 0.039049
   42 	 0.017135 	 0.026745 	 0.039082
   43 	 0.017180 	 0.029219 	 0.039031
   44 	 0.017328 	 0.031089 	 0.038977
   45 	 0.017142 	 0.032378 	 0.040056
   46 	 0.017122 	 0.033629 	 0.040081
   47 	 0.017124 	 0.035333 	 0.039056
   48 	 0.017728 	 0.035955 	 0.039020
   49 	 0.033377 	 0.036667 	 0.039015
   50 	 0.020338 	 0.036414 	 0.039770
   51 	 0.033396 	 0.036624 	 0.039074
   52 	 0.033411 	 0.036852 	 0.039019
   53 	 0.024710 	 0.036698 	 0.039077
   54 	 0.024630 	 0.036823 	 0.039028
   55 	 0.033407 	 0.037057 	 0.039074
   56 	 0.033387 	 0.036703 	 0.038878
   57 	 0.033710 	 0.036790 	 0.039043
   58 	 0.031792 	 0.036978 	 0.039042
   59 	 0.015004 	 0.036711 	 0.039044
   60 	 0.031494 	 0.037127 	 0.039058
   61 	 0.031719 	 0.036970 	 0.038990
   62 	 0.031681 	 0.037181 	 0.039059
   63 	 0.032204 	 0.037069 	 0.039079
   64 	 0.033489 	 0.037066 	 0.039054
   65 	 0.033407 	 0.037269 	 0.038993
   66 	 0.033514 	 0.037245 	 0.039066
   67 	 0.033773 	 0.037394 	 0.039074
   68 	 0.027279 	 0.037182 	 0.039045
   69 	 0.027222 	 0.037102 	 0.039067
   70 	 0.027596 	 0.037453 	 0.039058
   71 	 0.027504 	 0.037889 	 0.054421
   72 	 0.027296 	 0.037796 	 0.054453
   73 	 0.028122 	 0.038672 	 0.054608
   74 	 0.027803 	 0.038855 	 0.060920
   75 	 0.033459 	 0.039519 	 0.061670
   76 	 0.034119 	 0.040527 	 0.061380
   77 	 0.033850 	 0.043868 	 0.061743
   78 	 0.035126 	 0.046699 	 0.061676
   79 	 0.034372 	 0.048644 	 0.061692
 