   0 	 0.002475 	 0.004662 	 0.008962
    1 	 0.003118 	 0.005345 	 0.009028
    2 	 0.003915 	 0.006111 	 0.015416
    3 	 0.004078 	 0.006483 	 0.015558
    4 	 0.004833 	 0.007099 	 0.015372
    5 	 0.004917 	 0.008042 	 0.015433
    6 	 0.004914 	 0.009062 	 0.015554
    7 	 0.004929 	 0.010455 	 0.015565
    8 	 0.006093 	 0.011512 	 0.015578
    9 	 0.006075 	 0.012403 	 0.015570
   10 	 0.005538 	 0.012907 	 0.015577
   11 	 0.006063 	 0.013272 	 0.015575
   12 	 0.006085 	 0.012937 	 0.017439
   13 	 0.006499 	 0.013835 	 0.017340
   14 	 0.008384 	 0.014732 	 0.017357
   15 	 0.008412 	 0.014876 	 0.015700
   16 	 0.011978 	 0.014991 	 0.015957
   17 	 0.011875 	 0.015123 	 0.016029
   18 	 0.011368 	 0.015061 	 0.015902
   19 	 0.011370 	 0.015135 	 0.015573
   20 	 0.011335 	 0.015049 	 0.015578
   21 	 0.014353 	 0.015239 	 0.015596
   22 	 0.014384 	 0.015161 	 0.015577
   23 	 0.012991 	 0.015116 	 0.015576
   24 	 0.012929 	 0.015055 	 0.015593
   25 	 0.012900 	 0.015062 	 0.015593
   26 	 0.012916 	 0.015139 	 0.016629
   27 	 0.010337 	 0.015005 	 0.016802
   28 	 0.010347 	 0.015186 	 0.016794
   29 	 0.010391 	 0.015233 	 0.016835
   30 	 0.010357 	 0.015361 	 0.016755
   31 	 0.014399 	 0.015477 	 0.016792
   32 	 0.009361 	 0.015508 	 0.016722
   33 	 0.009362 	 0.015572 	 0.016800
   34 	 0.009421 	 0.015572 	 0.016735
   35 	 0.009361 	 0.015663 	 0.016798
   36 	 0.009413 	 0.015666 	 0.016821
   37 	 0.009364 	 0.015546 	 0.022765
   38 	 0.009380 	 0.015807 	 0.022637
   39 	 0.009362 	 0.015911 	 0.023054
   40 	 0.015135 	 0.016298 	 0.023083
   41 	 0.012455 	 0.016274 	 0.021104
   42 	 0.012388 	 0.016343 	 0.021278
   43 	 0.015000 	 0.017139 	 0.022705
   44 	 0.015339 	 0.017399 	 0.022974
   45 	 0.015343 	 0.017744 	 0.023065
   46 	 0.015353 	 0.017957 	 0.023230
   47 	 0.015345 	 0.018561 	 0.023605
   48 	 0.014213 	 0.019179 	 0.023431
   49 	 0.014379 	 0.019496 	 0.023582
   50 	 0.015009 	 0.020080 	 0.023612
   51 	 0.010685 	 0.020302 	 0.023481
   52 	 0.011920 	 0.020141 	 0.023510
   53 	 0.015032 	 0.020572 	 0.025560
   54 	 0.015008 	 0.020400 	 0.025575
   55 	 0.015034 	 0.020635 	 0.025582
   56 	 0.014904 	 0.020841 	 0.025429
   57 	 0.013144 	 0.021042 	 0.025801
   58 	 0.013097 	 0.020392 	 0.025519
   59 	 0.013157 	 0.020581 	 0.025567
   60 	 0.013475 	 0.020523 	 0.025831
   61 	 0.013457 	 0.020586 	 0.025905
   62 	 0.015373 	 0.020706 	 0.025751
   63 	 0.015376 	 0.021285 	 0.025870
   64 	 0.015486 	 0.021307 	 0.025774
   65 	 0.016505 	 0.021824 	 0.025694
   66 	 0.017122 	 0.022321 	 0.025848
   67 	 0.017469 	 0.022345 	 0.025862
   68 	 0.020558 	 0.022443 	 0.025766
   69 	 0.019300 	 0.022086 	 0.025812
   70 	 0.019033 	 0.022425 	 0.025782
   71 	 0.017683 	 0.022360 	 0.025884
   72 	 0.017660 	 0.022830 	 0.025875
   73 	 0.017719 	 0.023313 	 0.025862
   74 	 0.013106 	 0.022927 	 0.025902
   75 	 0.017703 	 0.023159 	 0.025773
   76 	 0.017634 	 0.022887 	 0.025904
   77 	 0.016043 	 0.023379 	 0.025768
   78 	 0.016018 	 0.023899 	 0.025796
   79 	 0.015856 	 0.023842 	 0.025905
 