   0 	 0.002360 	 0.004560 	 0.010574
    1 	 0.002364 	 0.004803 	 0.010536
    2 	 0.002365 	 0.005136 	 0.010546
    3 	 0.002365 	 0.005273 	 0.010510
    4 	 0.003056 	 0.005939 	 0.008256
    5 	 0.003113 	 0.006492 	 0.012444
    6 	 0.004155 	 0.007114 	 0.012522
    7 	 0.004754 	 0.007709 	 0.012526
    8 	 0.004750 	 0.008264 	 0.013540
    9 	 0.004686 	 0.008669 	 0.013606
   10 	 0.005005 	 0.008985 	 0.013649
   11 	 0.005563 	 0.009982 	 0.013718
   12 	 0.005562 	 0.010649 	 0.018171
   13 	 0.006236 	 0.011007 	 0.014269
   14 	 0.007648 	 0.011486 	 0.014755
   15 	 0.007669 	 0.011736 	 0.014827
   16 	 0.007634 	 0.012130 	 0.014834
   17 	 0.007661 	 0.012124 	 0.014341
   18 	 0.008731 	 0.012233 	 0.014419
   19 	 0.009118 	 0.012367 	 0.014818
   20 	 0.009125 	 0.012457 	 0.014698
   21 	 0.010226 	 0.012517 	 0.014745
   22 	 0.010304 	 0.012627 	 0.015189
   23 	 0.010307 	 0.012775 	 0.015362
   24 	 0.011808 	 0.012771 	 0.015168
   25 	 0.009554 	 0.012821 	 0.015291
   26 	 0.011900 	 0.012889 	 0.015304
   27 	 0.009809 	 0.012973 	 0.017065
   28 	 0.012034 	 0.013194 	 0.017067
   29 	 0.012072 	 0.013511 	 0.017249
   30 	 0.012118 	 0.013753 	 0.017260
   31 	 0.012089 	 0.013979 	 0.017232
   32 	 0.012084 	 0.013922 	 0.017251
   33 	 0.009442 	 0.014285 	 0.017268
   34 	 0.011447 	 0.014588 	 0.017241
   35 	 0.011401 	 0.014886 	 0.017266
   36 	 0.011379 	 0.015102 	 0.017259
   37 	 0.011406 	 0.015548 	 0.017450
   38 	 0.011439 	 0.015372 	 0.017636
   39 	 0.011406 	 0.015559 	 0.017267
   40 	 0.011408 	 0.015406 	 0.017252
   41 	 0.011378 	 0.015777 	 0.017263
   42 	 0.011394 	 0.016202 	 0.017239
   43 	 0.012626 	 0.016238 	 0.017268
   44 	 0.013360 	 0.016231 	 0.017273
   45 	 0.013323 	 0.016261 	 0.017277
   46 	 0.013506 	 0.016310 	 0.017381
   47 	 0.013506 	 0.016399 	 0.017263
   48 	 0.013502 	 0.016419 	 0.017272
   49 	 0.013610 	 0.016616 	 0.017264
   50 	 0.013204 	 0.016672 	 0.017279
   51 	 0.014516 	 0.016785 	 0.017404
   52 	 0.014563 	 0.016922 	 0.017348
   53 	 0.014607 	 0.016768 	 0.017336
   54 	 0.014583 	 0.017007 	 0.017356
   55 	 0.015870 	 0.017047 	 0.017309
   56 	 0.015928 	 0.017070 	 0.017269
   57 	 0.015984 	 0.017077 	 0.017471
   58 	 0.015875 	 0.017033 	 0.017449
   59 	 0.014776 	 0.017045 	 0.017596
   60 	 0.015925 	 0.017112 	 0.017549
   61 	 0.015868 	 0.017068 	 0.017403
   62 	 0.015646 	 0.017093 	 0.017852
   63 	 0.015807 	 0.017118 	 0.018093
   64 	 0.016003 	 0.017096 	 0.018030
   65 	 0.015919 	 0.017041 	 0.018002
   66 	 0.015872 	 0.017030 	 0.018001
   67 	 0.015696 	 0.016970 	 0.018109
   68 	 0.015798 	 0.016899 	 0.018098
   69 	 0.014071 	 0.016924 	 0.018102
   70 	 0.013080 	 0.017028 	 0.018080
   71 	 0.015339 	 0.017049 	 0.018092
   72 	 0.012176 	 0.017028 	 0.018117
   73 	 0.012147 	 0.016954 	 0.018066
   74 	 0.012216 	 0.017130 	 0.018124
   75 	 0.015587 	 0.017269 	 0.018120
   76 	 0.014226 	 0.017111 	 0.018120
   77 	 0.014164 	 0.017183 	 0.018184
   78 	 0.014165 	 0.016972 	 0.018133
   79 	 0.014152 	 0.016995 	 0.018131
 