   0 	 0.002664 	 0.004328 	 0.007875
    1 	 0.002723 	 0.004406 	 0.007896
    2 	 0.002512 	 0.004794 	 0.007933
    3 	 0.002511 	 0.005461 	 0.007956
    4 	 0.002512 	 0.006360 	 0.010133
    5 	 0.003357 	 0.007133 	 0.010205
    6 	 0.003621 	 0.007392 	 0.011707
    7 	 0.003627 	 0.008067 	 0.013489
    8 	 0.004770 	 0.008918 	 0.013294
    9 	 0.004763 	 0.009503 	 0.013283
   10 	 0.005466 	 0.009832 	 0.015540
   11 	 0.006697 	 0.010212 	 0.015469
   12 	 0.007306 	 0.010941 	 0.015531
   13 	 0.007909 	 0.011192 	 0.015492
   14 	 0.007487 	 0.011432 	 0.015531
   15 	 0.007130 	 0.011509 	 0.015532
   16 	 0.007113 	 0.010946 	 0.013668
   17 	 0.007103 	 0.011213 	 0.015062
   18 	 0.007029 	 0.011349 	 0.015016
   19 	 0.007122 	 0.011521 	 0.015054
   20 	 0.007134 	 0.011800 	 0.015069
   21 	 0.009639 	 0.011900 	 0.015014
   22 	 0.009352 	 0.012230 	 0.015309
   23 	 0.009629 	 0.012234 	 0.015083
   24 	 0.009638 	 0.012196 	 0.015039
   25 	 0.007780 	 0.012396 	 0.017460
   26 	 0.007775 	 0.012828 	 0.017403
   27 	 0.010430 	 0.013321 	 0.017244
   28 	 0.007681 	 0.013370 	 0.016750
   29 	 0.007680 	 0.013723 	 0.016712
   30 	 0.008020 	 0.014057 	 0.016721
   31 	 0.008851 	 0.014228 	 0.026678
   32 	 0.007536 	 0.014441 	 0.026998
   33 	 0.011526 	 0.014738 	 0.019065
   34 	 0.009633 	 0.014688 	 0.018798
   35 	 0.011588 	 0.014828 	 0.018935
   36 	 0.011483 	 0.015101 	 0.020202
   37 	 0.011560 	 0.014960 	 0.019035
   38 	 0.011550 	 0.014882 	 0.018994
   39 	 0.011527 	 0.015282 	 0.020706
   40 	 0.012519 	 0.015386 	 0.020211
   41 	 0.012483 	 0.015410 	 0.021026
   42 	 0.012395 	 0.015634 	 0.021010
   43 	 0.007929 	 0.015951 	 0.021179
   44 	 0.007965 	 0.016206 	 0.021180
   45 	 0.012494 	 0.016444 	 0.021357
   46 	 0.011115 	 0.016600 	 0.021341
   47 	 0.012013 	 0.017450 	 0.022479
   48 	 0.012792 	 0.018372 	 0.023833
   49 	 0.012747 	 0.018632 	 0.024146
   50 	 0.012749 	 0.018957 	 0.024661
   51 	 0.012747 	 0.019659 	 0.030877
   52 	 0.013336 	 0.020826 	 0.031018
   53 	 0.014905 	 0.021809 	 0.031102
   54 	 0.014985 	 0.022582 	 0.031106
   55 	 0.014888 	 0.022199 	 0.030919
   56 	 0.017759 	 0.022901 	 0.030881
   57 	 0.009804 	 0.022380 	 0.030903
   58 	 0.018323 	 0.023135 	 0.032653
   59 	 0.017792 	 0.023762 	 0.033338
   60 	 0.017812 	 0.024576 	 0.033100
   61 	 0.017400 	 0.025214 	 0.033356
   62 	 0.015917 	 0.026389 	 0.033635
   63 	 0.015734 	 0.026629 	 0.033696
   64 	 0.017667 	 0.027902 	 0.036457
   65 	 0.015781 	 0.028011 	 0.036565
   66 	 0.017775 	 0.028665 	 0.036702
   67 	 0.017667 	 0.029096 	 0.036863
   68 	 0.017783 	 0.028745 	 0.036647
   69 	 0.019375 	 0.030168 	 0.036688
   70 	 0.020302 	 0.030397 	 0.036558
   71 	 0.020111 	 0.030701 	 0.035471
   72 	 0.020280 	 0.030993 	 0.033485
   73 	 0.025069 	 0.031790 	 0.034115
   74 	 0.025003 	 0.032150 	 0.033398
   75 	 0.017902 	 0.032106 	 0.033328
   76 	 0.027810 	 0.032618 	 0.033367
   77 	 0.030769 	 0.032770 	 0.034720
   78 	 0.030445 	 0.032824 	 0.034123
   79 	 0.031119 	 0.032786 	 0.034780
 