   0 	 0.015726 	 0.060260 	 0.542535
    1 	 0.016440 	 0.228601 	 4.882807
    2 	 0.021416 	 1.410990 	 4.882807
    3 	 0.042459 	 2.981687 	 4.882807
    4 	 0.147964 	 4.029342 	 9.765615
    5 	 0.043020 	 4.421044 	 9.765615
    6 	 0.043020 	 4.554649 	 9.765615
    7 	 0.043211 	 5.081222 	 9.765615
    8 	 3.255205 	 5.631504 	 9.765615
    9 	 0.119093 	 5.713310 	 9.765615
   10 	 0.043211 	 6.332240 	 9.765615
   11 	 0.037999 	 6.852586 	 9.765615
   12 	 3.255205 	 7.779940 	 9.765615
   13 	 0.043403 	 8.382587 	 9.765615
   14 	 4.882807 	 9.179678 	 9.765615
   15 	 4.882807 	 9.521474 	 9.765615
   16 	 0.574449 	 9.446158 	 9.765615
   17 	 0.043403 	 9.619564 	 9.765615
   18 	 0.037999 	 9.571062 	 9.765615
   19 	 0.574449 	 9.673703 	 9.765615
   20 	 0.390625 	 9.671865 	 9.765615
   21 	 9.765615 	 9.765615 	 9.765615
   22 	 0.037999 	 9.522288 	 9.765615
   23 	 0.037999 	 9.668338 	 9.765615
   24 	 0.150240 	 9.620633 	 9.765615
   25 	 0.150240 	 9.383739 	 9.765615
   26 	 0.150240 	 9.484999 	 9.765615
   27 	 0.150240 	 9.620633 	 9.765615
   28 	 0.120563 	 inf 	 inf
   29 	 9.765615 	 inf 	 inf
   30 	 0.038147 	 inf 	 inf
   31 	 0.152588 	 inf 	 inf
   32 	 inf 	 inf 	 inf
   33 	 9.765615 	 inf 	 inf
   34 	 inf 	 inf 	 inf
   35 	 inf 	 inf 	 inf
   36 	 9.765615 	 inf 	 inf
   37 	 0.038147 	 inf 	 inf
   38 	 inf 	 inf 	 inf
   39 	 inf 	 inf 	 inf
   40 	 0.038147 	 inf 	 inf
   41 	 0.610352 	 inf 	 inf
   42 	 0.610352 	 inf 	 inf
   43 	 0.038147 	 inf 	 inf
   44 	 inf 	 inf 	 inf
   45 	 2.441407 	 inf 	 inf
   46 	 0.038147 	 inf 	 inf
   47 	 0.152588 	 inf 	 inf
   48 	 inf 	 inf 	 inf
   49 	 9.765615 	 inf 	 inf
   50 	 0.152588 	 inf 	 inf
   51 	 2.441407 	 inf 	 inf
   52 	 0.038147 	 inf 	 inf
   53 	 0.038147 	 inf 	 inf
   54 	 inf 	 inf 	 inf
   55 	 0.152588 	 inf 	 inf
   56 	 inf 	 inf 	 inf
   57 	 inf 	 inf 	 inf
   58 	 inf 	 inf 	 inf
   59 	 0.038147 	 inf 	 inf
   60 	 inf 	 inf 	 inf
   61 	 inf 	 inf 	 inf
   62 	 0.038147 	 inf 	 inf
   63 	 0.038147 	 inf 	 inf
   64 	 inf 	 inf 	 inf
   65 	 9.765615 	 inf 	 inf
   66 	 0.038147 	 inf 	 inf
   67 	 2.441407 	 inf 	 inf
   68 	 9.765615 	 inf 	 inf
   69 	 inf 	 inf 	 inf
   70 	 inf 	 inf 	 inf
   71 	 0.152588 	 inf 	 inf
   72 	 0.038147 	 inf 	 inf
   73 	 2.441407 	 inf 	 inf
   74 	 0.152588 	 inf 	 inf
   75 	 9.765615 	 inf 	 inf
   76 	 inf 	 inf 	 inf
   77 	 inf 	 inf 	 inf
   78 	 inf 	 inf 	 inf
   79 	 0.610352 	 inf 	 inf
   80 	 inf 	 inf 	 inf
   81 	 0.152588 	 inf 	 inf
   82 	 0.610352 	 inf 	 inf
   83 	 inf 	 inf 	 inf
   84 	 0.038147 	 inf 	 inf
   85 	 0.152588 	 inf 	 inf
   86 	 inf 	 inf 	 inf
   87 	 inf 	 inf 	 inf
   88 	 0.610352 	 inf 	 inf
   89 	 0.610352 	 inf 	 inf
   90 	 0.610352 	 inf 	 inf
   91 	 0.038147 	 inf 	 inf
   92 	 9.765615 	 inf 	 inf
   93 	 9.765615 	 inf 	 inf
   94 	 0.038147 	 inf 	 inf
   95 	 9.765615 	 inf 	 inf
   96 	 2.441407 	 inf 	 inf
   97 	 0.038147 	 inf 	 inf
   98 	 0.038147 	 inf 	 inf
   99 	 0.152588 	 inf 	 inf
 