   0 	 0.000361 	 0.102049 	 4.081935
    1 	 0.006066 	 2.795051 	 4.081935
    2 	 0.077379 	 3.971759 	 4.081935
    3 	 1.475967 	 4.038502 	 4.081935
    4 	 0.004502 	 4.013978 	 4.081935
    5 	 4.081935 	 4.081935 	 4.081935
    6 	 4.081935 	 4.081935 	 4.081935
    7 	 4.081935 	 4.081935 	 4.081935
    8 	 4.081935 	 4.081935 	 4.081935
    9 	 4.081935 	 4.081935 	 4.081935
   10 	 0.002278 	 4.013941 	 4.081935
   11 	 4.081935 	 4.081935 	 4.081935
   12 	 4.081935 	 4.081935 	 4.081935
   13 	 4.081935 	 4.081935 	 4.081935
   14 	 4.081935 	 4.081935 	 4.081935
   15 	 0.108574 	 3.972279 	 4.081935
   16 	 4.081935 	 4.081935 	 4.081935
   17 	 0.046219 	 4.014673 	 4.081935
   18 	 0.006233 	 4.014007 	 4.081935
   19 	 4.081935 	 4.081935 	 4.081935
   20 	 4.081935 	 4.081935 	 4.081935
   21 	 4.081935 	 4.081935 	 4.081935
   22 	 0.020197 	 4.014239 	 4.081935
   23 	 4.081935 	 4.081935 	 4.081935
   24 	 4.081935 	 4.081935 	 4.081935
   25 	 0.108574 	 4.015712 	 4.081935
   26 	 4.081935 	 4.081935 	 4.081935
   27 	 4.081935 	 4.081935 	 4.081935
   28 	 1.475967 	 4.038502 	 4.081935
   29 	 0.006233 	 4.014007 	 4.081935
   30 	 4.081935 	 4.081935 	 4.081935
   31 	 4.081935 	 4.081935 	 4.081935
   32 	 0.186696 	 4.017014 	 4.081935
   33 	 0.008715 	 3.946786 	 4.081935
   34 	 0.006233 	 3.946606 	 4.081935
   35 	 4.081935 	 4.081935 	 4.081935
   36 	 0.037929 	 4.014535 	 4.081935
   37 	 0.020197 	 4.014239 	 4.081935
   38 	 0.108574 	 4.015712 	 4.081935
   39 	 1.475967 	 4.038502 	 4.081935
   40 	 0.006233 	 4.014007 	 4.081935
   41 	 0.186696 	 4.017014 	 4.081935
   42 	 1.475967 	 4.038502 	 4.081935
   43 	 4.081935 	 4.081935 	 4.081935
   44 	 0.008715 	 3.949127 	 4.081935
   45 	 4.081935 	 4.081935 	 4.081935
   46 	 0.037929 	 4.014535 	 4.081935
   47 	 4.081935 	 4.081935 	 4.081935
   48 	 4.081935 	 4.081935 	 4.081935
   49 	 4.081935 	 4.081935 	 4.081935
   50 	 0.004502 	 3.839402 	 4.081935
   51 	 4.081935 	 4.081935 	 4.081935
   52 	 0.004502 	 3.946049 	 4.081935
   53 	 1.475967 	 4.038502 	 4.081935
   54 	 4.081935 	 4.081935 	 4.081935
   55 	 0.004502 	 4.013978 	 4.081935
   56 	 0.020197 	 3.946839 	 4.081935
   57 	 4.081935 	 4.081935 	 4.081935
   58 	 0.037929 	 4.014535 	 4.081935
   59 	 4.081935 	 4.081935 	 4.081935
   60 	 4.081935 	 4.081935 	 4.081935
   61 	 0.020197 	 4.014239 	 4.081935
   62 	 4.081935 	 4.081935 	 4.081935
   63 	 4.081935 	 4.081935 	 4.081935
   64 	 4.081935 	 4.081935 	 4.081935
   65 	 4.081935 	 4.081935 	 4.081935
   66 	 4.081935 	 4.081935 	 4.081935
   67 	 4.081935 	 4.081935 	 4.081935
   68 	 0.006233 	 3.946078 	 4.081935
   69 	 0.006233 	 4.014007 	 4.081935
   70 	 4.081935 	 4.081935 	 4.081935
   71 	 4.081935 	 4.081935 	 4.081935
   72 	 0.006233 	 3.902687 	 4.081935
   73 	 4.081935 	 4.081935 	 4.081935
   74 	 0.008715 	 4.014048 	 4.081935
   75 	 0.004502 	 4.013978 	 4.081935
   76 	 4.081935 	 4.081935 	 4.081935
   77 	 4.081935 	 4.081935 	 4.081935
   78 	 0.020197 	 4.014239 	 4.081935
   79 	 4.081935 	 4.081935 	 4.081935
 