   0 	 0.000361 	 0.013333 	 0.135829
    1 	 0.000291 	 0.051584 	 0.267990
    2 	 0.003325 	 0.107457 	 0.296069
    3 	 0.004307 	 0.147711 	 0.362959
    4 	 0.020720 	 0.198950 	 0.362959
    5 	 0.040893 	 0.226250 	 0.362959
    6 	 0.070079 	 0.251129 	 0.362959
    7 	 0.026375 	 0.246031 	 0.362959
    8 	 0.037953 	 0.258871 	 0.362959
    9 	 0.051369 	 0.266812 	 0.362959
   10 	 0.001239 	 0.263740 	 0.362959
   11 	 0.001495 	 0.255512 	 0.362959
   12 	 0.125031 	 0.272526 	 0.362959
   13 	 0.125031 	 0.278724 	 0.362959
   14 	 0.028920 	 0.272119 	 0.362959
   15 	 0.125031 	 0.282000 	 0.362959
   16 	 0.125031 	 0.279332 	 0.362959
   17 	 0.026375 	 0.266882 	 0.362959
   18 	 0.040893 	 0.264424 	 0.362959
   19 	 0.135829 	 0.279447 	 0.362959
   20 	 0.125031 	 0.271211 	 0.362959
   21 	 0.070079 	 0.275407 	 0.296069
   22 	 0.125031 	 0.274443 	 0.296069
   23 	 0.002623 	 0.267662 	 0.296069
   24 	 0.030406 	 0.270491 	 0.296069
   25 	 0.125031 	 0.272579 	 0.296069
   26 	 0.125031 	 0.268793 	 0.296069
   27 	 0.267510 	 0.272622 	 0.296069
   28 	 0.030406 	 0.267700 	 0.296069
   29 	 0.001936 	 0.271020 	 0.296069
   30 	 0.267510 	 0.275438 	 0.296069
   31 	 0.267510 	 0.277310 	 0.296069
   32 	 0.001495 	 0.267022 	 0.296069
   33 	 0.267510 	 0.279658 	 0.296069
   34 	 0.267510 	 0.280586 	 0.296069
   35 	 0.125031 	 0.278679 	 0.296069
   36 	 0.046489 	 0.272153 	 0.296069
   37 	 0.267510 	 0.283894 	 0.296069
   38 	 0.007877 	 0.279566 	 0.296069
   39 	 0.267990 	 0.284838 	 0.296069
   40 	 0.267990 	 0.285774 	 0.296069
   41 	 0.267990 	 0.286242 	 0.296069
   42 	 0.267990 	 0.285774 	 0.296069
   43 	 0.079999 	 0.285916 	 0.296069
   44 	 0.079999 	 0.280911 	 0.296069
   45 	 0.079999 	 0.285448 	 0.296069
   46 	 0.001358 	 0.278849 	 0.296069
   47 	 0.267990 	 0.292793 	 0.296069
   48 	 0.267990 	 0.291389 	 0.296069
   49 	 0.267990 	 0.293729 	 0.296069
   50 	 0.040893 	 0.289476 	 0.296069
   51 	 0.040893 	 0.289008 	 0.296069
   52 	 0.002486 	 0.281235 	 0.296069
   53 	 0.267990 	 0.290921 	 0.296069
   54 	 0.267990 	 0.291857 	 0.296069
   55 	 0.030406 	 0.288366 	 0.296069
   56 	 0.001495 	 0.288820 	 0.296069
   57 	 0.267990 	 0.294665 	 0.296069
   58 	 0.267990 	 0.294197 	 0.296069
   59 	 0.267990 	 0.292793 	 0.296069
   60 	 0.267990 	 0.293261 	 0.296069
   61 	 0.267990 	 0.293729 	 0.296069
   62 	 0.267990 	 0.294197 	 0.296069
   63 	 0.008438 	 0.289871 	 0.296069
   64 	 0.001495 	 0.289756 	 0.296069
   65 	 0.267990 	 0.294665 	 0.296069
   66 	 0.008438 	 0.290807 	 0.296069
   67 	 0.296069 	 0.296069 	 0.296069
   68 	 0.296069 	 0.296069 	 0.296069
   69 	 0.001495 	 0.291160 	 0.296069
   70 	 0.296069 	 0.296069 	 0.296069
   71 	 0.267990 	 0.295601 	 0.296069
   72 	 0.296069 	 0.296069 	 0.296069
   73 	 0.079999 	 0.292468 	 0.296069
   74 	 0.079999 	 0.292468 	 0.296069
   75 	 0.001495 	 0.291160 	 0.296069
   76 	 0.296069 	 0.296069 	 0.296069
   77 	 0.296069 	 0.296069 	 0.296069
   78 	 0.010024 	 0.291302 	 0.296069
   79 	 0.296069 	 0.296069 	 0.296069
 