   0 	 0.000267 	 0.292487 	 6.947506
    1 	 0.004166 	 5.974862 	 6.947506
    2 	 0.008438 	 6.518120 	 6.947506
    3 	 0.003905 	 6.831780 	 6.947506
    4 	 6.947506 	 6.947506 	 6.947506
    5 	 0.002444 	 6.831755 	 6.947506
    6 	 6.947506 	 6.947506 	 6.947506
    7 	 6.947506 	 6.947506 	 6.947506
    8 	 6.947506 	 6.947506 	 6.947506
    9 	 6.947506 	 6.947506 	 6.947506
   10 	 6.947506 	 6.947506 	 6.947506
   11 	 6.947506 	 6.947506 	 6.947506
   12 	 0.002444 	 6.716404 	 6.947506
   13 	 0.026402 	 6.717980 	 6.947506
   14 	 0.004166 	 6.831784 	 6.947506
   15 	 0.026402 	 6.832155 	 6.947506
   16 	 0.097008 	 6.833331 	 6.947506
   17 	 6.947506 	 6.947506 	 6.947506
   18 	 0.887332 	 6.846504 	 6.947506
   19 	 6.947506 	 6.947506 	 6.947506
   20 	 0.008438 	 6.831855 	 6.947506
   21 	 0.003905 	 6.831780 	 6.947506
   22 	 6.947506 	 6.947506 	 6.947506
   23 	 6.947506 	 6.947506 	 6.947506
   24 	 6.947506 	 6.947506 	 6.947506
   25 	 0.002444 	 6.716029 	 6.947506
   26 	 6.947506 	 6.947506 	 6.947506
   27 	 0.887332 	 6.846504 	 6.947506
   28 	 0.010024 	 6.629876 	 6.947506
   29 	 0.002444 	 6.730752 	 6.947506
   30 	 6.947506 	 6.947506 	 6.947506
   31 	 6.947506 	 6.947506 	 6.947506
   32 	 0.010024 	 6.831882 	 6.947506
   33 	 0.042129 	 6.832417 	 6.947506
   34 	 0.005544 	 6.831807 	 6.947506
   35 	 6.947506 	 6.947506 	 6.947506
   36 	 6.947506 	 6.947506 	 6.947506
   37 	 0.097008 	 6.833331 	 6.947506
   38 	 6.947506 	 6.947506 	 6.947506
   39 	 6.947506 	 6.947506 	 6.947506
   40 	 6.947506 	 6.947506 	 6.947506
   41 	 0.002444 	 6.716404 	 6.947506
   42 	 6.947506 	 6.947506 	 6.947506
   43 	 0.887332 	 6.745501 	 6.947506
   44 	 6.947506 	 6.947506 	 6.947506
   45 	 6.947506 	 6.947506 	 6.947506
   46 	 0.097008 	 6.719621 	 6.947506
   47 	 0.042129 	 6.731414 	 6.947506
   48 	 6.947506 	 6.947506 	 6.947506
   49 	 6.947506 	 6.947506 	 6.947506
   50 	 0.026402 	 6.832155 	 6.947506
   51 	 6.947506 	 6.947506 	 6.947506
   52 	 0.002444 	 6.716666 	 6.947506
   53 	 0.004166 	 6.831784 	 6.947506
   54 	 0.042129 	 6.832417 	 6.947506
   55 	 6.947506 	 6.947506 	 6.947506
   56 	 0.010024 	 6.831882 	 6.947506
   57 	 0.026402 	 6.716803 	 6.947506
   58 	 0.026402 	 6.832155 	 6.947506
   59 	 0.003905 	 6.831780 	 6.947506
   60 	 0.124871 	 6.720085 	 6.947506
   61 	 0.008438 	 6.831855 	 6.947506
   62 	 0.887332 	 6.846504 	 6.947506
   63 	 6.947506 	 6.947506 	 6.947506
   64 	 6.947506 	 6.947506 	 6.947506
   65 	 0.887332 	 6.846504 	 6.947506
   66 	 0.042129 	 6.717327 	 6.947506
   67 	 6.947506 	 6.947506 	 6.947506
   68 	 6.947506 	 6.947506 	 6.947506
   69 	 0.026402 	 6.717065 	 6.947506
   70 	 6.947506 	 6.947506 	 6.947506
   71 	 6.947506 	 6.947506 	 6.947506
   72 	 6.947506 	 6.947506 	 6.947506
   73 	 6.947506 	 6.947506 	 6.947506
   74 	 6.947506 	 6.947506 	 6.947506
   75 	 0.887332 	 6.846504 	 6.947506
   76 	 0.010024 	 6.831882 	 6.947506
   77 	 6.947506 	 6.947506 	 6.947506
   78 	 6.947506 	 6.947506 	 6.947506
   79 	 6.947506 	 6.947506 	 6.947506
 