   0 	 0.000496 	 0.025074 	 0.267990
    1 	 0.001358 	 0.172343 	 0.436697
    2 	 0.002780 	 0.204944 	 0.436697
    3 	 0.001144 	 0.188267 	 0.436697
    4 	 0.002259 	 0.212684 	 0.887332
    5 	 0.002259 	 0.262539 	 0.887332
    6 	 0.005160 	 0.417433 	 0.887332
    7 	 0.026436 	 0.648107 	 0.887332
    8 	 0.010793 	 0.795554 	 0.887332
    9 	 0.007877 	 0.847743 	 0.887332
   10 	 0.887332 	 0.887332 	 0.887332
   11 	 0.410223 	 0.879380 	 0.887332
   12 	 0.410223 	 0.879380 	 0.887332
   13 	 0.887332 	 0.887332 	 0.887332
   14 	 0.887332 	 0.887332 	 0.887332
   15 	 0.887332 	 0.887332 	 0.887332
   16 	 0.004613 	 0.872620 	 0.887332
   17 	 0.887332 	 0.887332 	 0.887332
   18 	 0.002162 	 0.857921 	 0.887332
   19 	 0.026436 	 0.872983 	 0.887332
   20 	 0.010793 	 0.858635 	 0.887332
   21 	 0.887332 	 0.887332 	 0.887332
   22 	 0.007877 	 0.858587 	 0.887332
   23 	 0.887332 	 0.887332 	 0.887332
   24 	 0.026436 	 0.872983 	 0.887332
   25 	 0.049753 	 0.873372 	 0.887332
   26 	 0.887332 	 0.988335 	 6.947506
   27 	 0.887332 	 1.392346 	 6.947506
   28 	 0.003905 	 3.181327 	 6.947506
   29 	 0.008438 	 5.807178 	 6.947506
   30 	 0.042129 	 6.731414 	 6.947506
   31 	 6.947506 	 6.947506 	 6.947506
   32 	 6.947506 	 6.947506 	 6.947506
   33 	 0.002444 	 6.487228 	 6.947506
   34 	 6.947506 	 6.947506 	 6.947506
   35 	 0.042129 	 6.832417 	 6.947506
   36 	 6.947506 	 6.947506 	 6.947506
   37 	 6.947506 	 6.947506 	 6.947506
   38 	 6.947506 	 6.947506 	 6.947506
   39 	 0.010024 	 6.831882 	 6.947506
   40 	 6.947506 	 6.947506 	 6.947506
   41 	 6.947506 	 6.947506 	 6.947506
   42 	 6.947506 	 6.947506 	 6.947506
   43 	 0.026402 	 6.832155 	 6.947506
   44 	 6.947506 	 6.947506 	 6.947506
   45 	 0.003905 	 6.730777 	 6.947506
   46 	 0.097008 	 6.833331 	 6.947506
   47 	 6.947506 	 6.947506 	 6.947506
   48 	 0.026402 	 6.832155 	 6.947506
   49 	 0.003905 	 6.831780 	 6.947506
   50 	 0.887332 	 6.846504 	 6.947506
   51 	 0.008438 	 6.514225 	 6.947506
   52 	 0.887332 	 6.846504 	 6.947506
   53 	 0.042129 	 6.718242 	 6.947506
   54 	 6.947506 	 6.947506 	 6.947506
   55 	 6.947506 	 6.947506 	 6.947506
   56 	 0.124871 	 6.732793 	 6.947506
   57 	 0.887332 	 6.846504 	 6.947506
   58 	 0.887332 	 6.745501 	 6.947506
   59 	 0.008438 	 6.831855 	 6.947506
   60 	 6.947506 	 6.947506 	 6.947506
   61 	 6.947506 	 6.947506 	 6.947506
   62 	 0.002444 	 6.730752 	 6.947506
   63 	 6.947506 	 6.947506 	 6.947506
   64 	 0.008438 	 6.831855 	 6.947506
   65 	 6.947506 	 6.947506 	 6.947506
   66 	 6.947506 	 6.947506 	 6.947506
   67 	 0.002444 	 6.717580 	 6.947506
   68 	 6.947506 	 6.947506 	 6.947506
   69 	 6.947506 	 6.947506 	 6.947506
   70 	 6.947506 	 6.947506 	 6.947506
   71 	 6.947506 	 6.947506 	 6.947506
   72 	 6.947506 	 6.947506 	 6.947506
   73 	 0.026402 	 6.832155 	 6.947506
   74 	 0.004166 	 6.716432 	 6.947506
   75 	 0.003905 	 6.615425 	 6.947506
   76 	 6.947506 	 6.947506 	 6.947506
   77 	 0.010024 	 6.831882 	 6.947506
   78 	 0.124871 	 6.833796 	 6.947506
   79 	 6.947506 	 6.947506 	 6.947506
 