   0 	 0.000256 	 0.434208 	 16.400538
    1 	 0.009095 	 9.500942 	 16.400538
    2 	 0.005599 	 12.883839 	 16.400538
    3 	 0.026402 	 14.593119 	 16.400538
    4 	 16.400538 	 16.400538 	 16.400538
    5 	 16.400538 	 16.400538 	 16.400538
    6 	 16.400538 	 16.400538 	 16.400538
    7 	 16.400538 	 16.400538 	 16.400538
    8 	 16.400538 	 16.400538 	 16.400538
    9 	 16.400538 	 16.400538 	 16.400538
   10 	 0.934378 	 16.142768 	 16.400538
   11 	 16.400538 	 16.400538 	 16.400538
   12 	 16.400538 	 16.400538 	 16.400538
   13 	 16.400538 	 16.400538 	 16.400538
   14 	 0.005599 	 16.127289 	 16.400538
   15 	 0.009095 	 15.854156 	 16.400538
   16 	 0.009447 	 15.858020 	 16.400538
   17 	 16.400538 	 16.400538 	 16.400538
   18 	 16.400538 	 16.400538 	 16.400538
   19 	 0.240560 	 16.131205 	 16.400538
   20 	 0.009447 	 15.855820 	 16.400538
   21 	 0.009095 	 16.127347 	 16.400538
   22 	 16.400538 	 16.400538 	 16.400538
   23 	 16.400538 	 16.400538 	 16.400538
   24 	 0.934378 	 16.142768 	 16.400538
   25 	 0.005599 	 15.854104 	 16.400538
   26 	 0.042090 	 16.127897 	 16.400538
   27 	 16.400538 	 16.400538 	 16.400538
   28 	 0.002328 	 16.127234 	 16.400538
   29 	 0.042090 	 16.127897 	 16.400538
   30 	 16.400538 	 16.400538 	 16.400538
   31 	 0.186696 	 16.130307 	 16.400538
   32 	 0.186696 	 16.130307 	 16.400538
   33 	 0.186696 	 16.130307 	 16.400538
   34 	 16.400538 	 16.400538 	 16.400538
   35 	 0.002328 	 15.854332 	 16.400538
   36 	 0.934378 	 16.142768 	 16.400538
   37 	 0.934378 	 15.884999 	 16.400538
   38 	 0.005599 	 15.582854 	 16.400538
   39 	 16.400538 	 16.400538 	 16.400538
   40 	 16.400538 	 16.400538 	 16.400538
   41 	 16.400538 	 16.400538 	 16.400538
   42 	 0.240560 	 16.131205 	 16.400538
   43 	 0.934378 	 16.142768 	 16.400538
   44 	 16.400538 	 16.400538 	 16.400538
   45 	 16.400538 	 16.400538 	 16.400538
   46 	 16.400538 	 16.400538 	 16.400538
   47 	 0.005599 	 15.855756 	 16.400538
   48 	 0.009447 	 16.127353 	 16.400538
   49 	 0.934378 	 16.142768 	 16.400538
   50 	 0.002328 	 15.853985 	 16.400538
   51 	 0.108574 	 16.129005 	 16.400538
   52 	 16.400538 	 16.400538 	 16.400538
   53 	 16.400538 	 16.400538 	 16.400538
   54 	 0.002328 	 16.127234 	 16.400538
   55 	 16.400538 	 16.400538 	 16.400538
   56 	 16.400538 	 16.400538 	 16.400538
   57 	 16.400538 	 16.400538 	 16.400538
   58 	 16.400538 	 16.400538 	 16.400538
   59 	 16.400538 	 16.400538 	 16.400538
   60 	 0.026436 	 15.858303 	 16.400538
   61 	 16.400538 	 16.400538 	 16.400538
   62 	 0.186696 	 16.130307 	 16.400538
   63 	 16.400538 	 16.400538 	 16.400538
   64 	 0.108574 	 16.129005 	 16.400538
   65 	 0.042090 	 15.858564 	 16.400538
   66 	 16.400538 	 16.400538 	 16.400538
   67 	 0.002328 	 16.127234 	 16.400538
   68 	 0.009095 	 15.854706 	 16.400538
   69 	 16.400538 	 16.400538 	 16.400538
   70 	 16.400538 	 16.400538 	 16.400538
   71 	 16.400538 	 16.400538 	 16.400538
   72 	 0.009447 	 15.854451 	 16.400538
   73 	 0.009447 	 16.127353 	 16.400538
   74 	 16.400538 	 16.400538 	 16.400538
   75 	 0.005599 	 16.127289 	 16.400538
   76 	 16.400538 	 16.400538 	 16.400538
   77 	 0.240560 	 16.131205 	 16.400538
   78 	 16.400538 	 16.400538 	 16.400538
   79 	 0.005599 	 15.588623 	 16.400538
 