   0 	 0.000304 	 0.056594 	 1.017260
    1 	 0.000380 	 0.408656 	 1.017260
    2 	 0.000735 	 0.734632 	 1.059646
    3 	 0.028700 	 0.951908 	 1.059646
    4 	 0.003724 	 0.992590 	 1.059646
    5 	 0.003724 	 1.001781 	 1.059646
    6 	 1.017260 	 1.018673 	 1.059646
    7 	 1.017260 	 1.020086 	 1.059646
    8 	 0.004382 	 0.986395 	 1.059646
    9 	 1.017260 	 1.018673 	 1.059646
   10 	 1.017260 	 1.018673 	 1.059646
   11 	 1.017260 	 1.019379 	 1.059646
   12 	 1.017260 	 1.019379 	 1.059646
   13 	 1.017260 	 1.018673 	 1.059646
   14 	 1.017260 	 1.020086 	 1.059646
   15 	 1.017260 	 1.018673 	 1.059646
   16 	 1.017260 	 1.017966 	 1.059646
   17 	 1.017260 	 1.017966 	 1.059646
   18 	 1.017260 	 1.018673 	 1.059646
   19 	 0.000962 	 0.989473 	 1.059646
   20 	 0.000962 	 1.001734 	 1.059646
   21 	 1.017260 	 1.018673 	 1.059646
   22 	 0.010820 	 0.985052 	 1.059646
   23 	 0.239166 	 1.004998 	 1.059646
   24 	 0.000962 	 0.989894 	 1.017260
   25 	 0.391576 	 1.007538 	 1.059646
   26 	 1.017260 	 1.017260 	 1.017260
   27 	 0.002236 	 0.971234 	 1.017260
   28 	 0.002236 	 1.000055 	 1.017260
   29 	 1.000000 	 1.016972 	 1.017260
   30 	 1.017260 	 1.017260 	 1.017260
   31 	 1.017260 	 1.017260 	 1.017260
   32 	 1.017260 	 1.017260 	 1.017260
   33 	 0.028700 	 1.000784 	 1.017260
   34 	 1.017260 	 1.017966 	 1.059646
   35 	 0.028700 	 1.000784 	 1.017260
   36 	 1.017260 	 1.017260 	 1.017260
   37 	 1.017260 	 1.017260 	 1.017260
   38 	 0.048813 	 1.001119 	 1.017260
   39 	 0.000962 	 1.000322 	 1.017260
   40 	 1.017260 	 1.017260 	 1.017260
   41 	 0.000962 	 0.983117 	 1.017260
   42 	 1.000000 	 1.016972 	 1.017260
   43 	 1.017260 	 1.017260 	 1.017260
   44 	 1.017260 	 1.017260 	 1.017260
   45 	 1.017260 	 1.017260 	 1.017260
   46 	 0.000962 	 1.000322 	 1.017260
   47 	 1.017260 	 1.017260 	 1.017260
   48 	 1.017260 	 1.017260 	 1.017260
   49 	 1.017260 	 1.017260 	 1.017260
   50 	 0.000962 	 0.983142 	 1.017260
   51 	 0.391576 	 1.006257 	 1.017260
   52 	 1.000000 	 1.016972 	 1.017260
   53 	 0.391576 	 1.006832 	 1.017260
   54 	 1.017260 	 1.017260 	 1.017260
   55 	 1.017260 	 1.017260 	 1.017260
   56 	 1.017260 	 1.017966 	 1.059646
   57 	 1.017260 	 1.018673 	 1.059646
   58 	 1.017260 	 1.019379 	 1.059646
   59 	 1.017260 	 1.018673 	 1.059646
   60 	 0.379018 	 1.008035 	 1.059646
   61 	 0.379018 	 1.006623 	 1.017260
   62 	 0.028700 	 0.990356 	 1.017260
   63 	 1.017260 	 1.017260 	 1.017260
   64 	 0.028700 	 1.001490 	 1.059646
   65 	 1.017260 	 1.017966 	 1.059646
   66 	 0.391576 	 1.007538 	 1.059646
   67 	 1.000000 	 1.018385 	 1.059646
   68 	 0.010820 	 1.001323 	 1.059646
   69 	 0.028700 	 1.000758 	 1.059646
   70 	 0.391576 	 0.996666 	 1.059646
   71 	 0.002236 	 0.971367 	 1.059646
   72 	 0.048813 	 1.008602 	 1.059646
   73 	 1.000000 	 1.024455 	 1.059646
   74 	 0.391576 	 1.012327 	 1.059646
   75 	 0.000962 	 1.021774 	 2.396302
   76 	 0.391576 	 1.004593 	 1.059646
   77 	 0.029802 	 1.006957 	 2.396302
   78 	 0.391576 	 1.057039 	 2.396302
   79 	 0.391576 	 1.001349 	 1.059646
 