   0 	 0.000385 	 0.031485 	 0.309742
    1 	 0.002754 	 0.175709 	 0.309742
    2 	 0.001673 	 0.222329 	 0.309742
    3 	 0.000643 	 0.238743 	 0.309742
    4 	 0.000687 	 0.273326 	 0.309742
    5 	 0.038719 	 0.310220 	 1.516339
    6 	 0.006917 	 0.394306 	 1.516339
    7 	 0.002750 	 0.589884 	 1.516339
    8 	 0.309742 	 1.194580 	 1.516339
    9 	 0.309742 	 1.476119 	 1.516339
   10 	 0.309742 	 1.496229 	 1.516339
   11 	 1.516339 	 1.516339 	 1.516339
   12 	 1.516339 	 1.516339 	 1.516339
   13 	 1.516339 	 1.516339 	 1.516339
   14 	 1.516339 	 1.516339 	 1.516339
   15 	 1.516339 	 1.516339 	 1.516339
   16 	 1.516339 	 1.516339 	 1.516339
   17 	 1.516339 	 1.516339 	 1.516339
   18 	 1.516339 	 1.516339 	 1.516339
   19 	 1.516339 	 1.516339 	 1.516339
   20 	 1.516339 	 1.516339 	 1.516339
   21 	 0.011163 	 1.491253 	 1.516339
   22 	 1.516339 	 1.516339 	 1.516339
   23 	 1.516339 	 1.516339 	 1.516339
   24 	 1.516339 	 1.516339 	 1.516339
   25 	 1.516339 	 1.516339 	 1.516339
   26 	 1.516339 	 1.516339 	 1.516339
   27 	 1.516339 	 1.516339 	 1.516339
   28 	 1.516339 	 1.516339 	 1.516339
   29 	 1.516339 	 1.516339 	 1.516339
   30 	 1.516339 	 1.516339 	 1.516339
   31 	 0.028700 	 1.491545 	 1.516339
   32 	 1.516339 	 1.516339 	 1.516339
   33 	 1.516339 	 1.516339 	 1.516339
   34 	 1.516339 	 1.516339 	 1.516339
   35 	 1.516339 	 1.516339 	 1.516339
   36 	 1.516339 	 1.516339 	 1.516339
   37 	 1.516339 	 1.516339 	 1.516339
   38 	 1.516339 	 1.516339 	 1.516339
   39 	 1.516339 	 1.516339 	 1.516339
   40 	 1.516339 	 1.516339 	 1.516339
   41 	 1.516339 	 1.516339 	 1.516339
   42 	 1.516339 	 1.516339 	 1.516339
   43 	 1.516339 	 1.516339 	 1.516339
   44 	 1.516339 	 1.516339 	 1.516339
   45 	 1.516339 	 1.516339 	 1.516339
   46 	 1.516339 	 1.516339 	 1.516339
   47 	 0.048813 	 1.491880 	 1.516339
   48 	 1.516339 	 1.516339 	 1.516339
   49 	 1.516339 	 1.516339 	 1.516339
   50 	 1.516339 	 1.516339 	 1.516339
   51 	 1.516339 	 1.516339 	 1.516339
   52 	 1.516339 	 1.516339 	 1.516339
   53 	 1.516339 	 1.545607 	 3.272400
   54 	 1.516339 	 1.574874 	 3.272400
   55 	 1.516339 	 1.779748 	 3.272400
   56 	 0.007571 	 1.959476 	 3.272400
   57 	 1.516339 	 2.394369 	 3.272400
   58 	 1.516339 	 2.657778 	 3.272400
   59 	 0.046768 	 2.779624 	 3.272400
   60 	 1.516339 	 2.979723 	 3.272400
   61 	 1.516339 	 3.213864 	 3.272400
   62 	 3.272400 	 3.272400 	 3.272400
   63 	 3.272400 	 3.272400 	 3.272400
   64 	 3.272400 	 3.272400 	 3.272400
   65 	 3.272400 	 3.272400 	 3.272400
   66 	 3.272400 	 3.272400 	 3.272400
   67 	 3.272400 	 3.272400 	 3.272400
   68 	 0.009535 	 3.218019 	 3.272400
   69 	 3.272400 	 3.272400 	 3.272400
   70 	 3.272400 	 3.272400 	 3.272400
   71 	 3.272400 	 3.272400 	 3.272400
   72 	 3.272400 	 3.272400 	 3.272400
   73 	 3.272400 	 3.272400 	 3.272400
   74 	 3.272400 	 3.272400 	 3.272400
   75 	 3.272400 	 3.272400 	 3.272400
   76 	 3.272400 	 3.272400 	 3.272400
   77 	 3.272400 	 3.272400 	 3.272400
   78 	 3.272400 	 3.272400 	 3.272400
   79 	 3.272400 	 3.272400 	 3.272400
 