   0 	 0.000304 	 0.017656 	 0.224057
    1 	 0.005544 	 0.130796 	 0.391576
    2 	 0.006738 	 0.187479 	 0.641999
    3 	 0.008460 	 0.227844 	 1.270281
    4 	 0.001270 	 0.354240 	 1.270281
    5 	 0.012799 	 0.673689 	 1.270281
    6 	 0.122254 	 0.897131 	 1.270281
    7 	 0.224057 	 1.029848 	 1.270281
    8 	 0.153800 	 1.172020 	 1.270281
    9 	 0.641999 	 1.228253 	 1.270281
   10 	 0.059148 	 1.216501 	 1.270281
   11 	 0.641999 	 1.247158 	 1.270281
   12 	 1.017260 	 1.257630 	 1.270281
   13 	 1.017260 	 1.253413 	 1.270281
   14 	 1.017260 	 1.253413 	 1.270281
   15 	 1.017260 	 1.261847 	 1.270281
   16 	 1.017260 	 1.257630 	 1.270281
   17 	 1.017260 	 1.266064 	 1.270281
   18 	 1.017260 	 1.266064 	 1.270281
   19 	 1.017260 	 1.261847 	 1.270281
   20 	 1.017260 	 1.266064 	 1.270281
   21 	 1.017260 	 1.261847 	 1.270281
   22 	 1.017260 	 1.257630 	 1.270281
   23 	 0.391576 	 1.238480 	 1.270281
   24 	 1.000000 	 1.261559 	 1.270281
   25 	 1.000000 	 1.261271 	 1.270281
   26 	 1.000000 	 1.265776 	 1.270281
   27 	 1.270281 	 1.270281 	 1.270281
   28 	 1.270281 	 1.270281 	 1.270281
   29 	 1.270281 	 1.270281 	 1.270281
   30 	 1.270281 	 1.270281 	 1.270281
   31 	 1.270281 	 1.270281 	 1.270281
   32 	 1.270281 	 1.270281 	 1.270281
   33 	 1.270281 	 1.270281 	 1.270281
   34 	 1.270281 	 1.270281 	 1.270281
   35 	 1.270281 	 1.270281 	 1.270281
   36 	 1.270281 	 1.270281 	 1.270281
   37 	 1.270281 	 1.270281 	 1.270281
   38 	 1.270281 	 1.270281 	 1.270281
   39 	 1.270281 	 1.270281 	 1.270281
   40 	 1.270281 	 1.270281 	 1.270281
   41 	 1.270281 	 1.270281 	 1.270281
   42 	 1.270281 	 1.270281 	 1.270281
   43 	 1.270281 	 1.270281 	 1.270281
   44 	 0.039488 	 1.229582 	 1.270281
   45 	 1.270281 	 1.270281 	 1.270281
   46 	 1.270281 	 1.270281 	 1.270281
   47 	 0.153800 	 1.251673 	 1.270281
   48 	 1.270281 	 1.270281 	 1.270281
   49 	 0.005677 	 1.249204 	 1.270281
   50 	 1.270281 	 1.270281 	 1.270281
   51 	 1.270281 	 1.270281 	 1.270281
   52 	 1.270281 	 1.270281 	 1.270281
   53 	 1.270281 	 1.270281 	 1.270281
   54 	 1.270281 	 1.270281 	 1.270281
   55 	 1.270281 	 1.270281 	 1.270281
   56 	 1.270281 	 1.270281 	 1.270281
   57 	 1.270281 	 1.270281 	 1.270281
   58 	 1.270281 	 1.270281 	 1.270281
   59 	 1.270281 	 1.270281 	 1.270281
   60 	 1.270281 	 1.270281 	 1.270281
   61 	 1.270281 	 1.270281 	 1.270281
   62 	 1.270281 	 1.270281 	 1.270281
   63 	 1.270281 	 1.270281 	 1.270281
   64 	 1.270281 	 1.270281 	 1.270281
   65 	 1.270281 	 1.270281 	 1.270281
   66 	 1.270281 	 1.270281 	 1.270281
   67 	 1.270281 	 1.270281 	 1.270281
   68 	 1.270281 	 1.270281 	 1.270281
   69 	 1.270281 	 1.270281 	 1.270281
   70 	 1.270281 	 1.270281 	 1.270281
   71 	 1.270281 	 1.270281 	 1.270281
   72 	 1.270281 	 1.270281 	 1.270281
   73 	 1.270281 	 1.270281 	 1.270281
   74 	 0.059148 	 1.250095 	 1.270281
   75 	 1.270281 	 1.270281 	 1.270281
   76 	 1.270281 	 1.270281 	 1.270281
   77 	 1.270281 	 1.270281 	 1.270281
   78 	 0.039488 	 1.249768 	 1.270281
   79 	 1.000000 	 1.265776 	 1.270281
 