   0 	 0.000291 	 0.039704 	 0.934378
    1 	 0.001646 	 0.489977 	 0.934378
    2 	 0.011800 	 0.734808 	 0.934378
    3 	 0.011800 	 0.795711 	 0.934378
    4 	 0.267510 	 0.908477 	 0.934378
    5 	 0.490772 	 0.912198 	 0.934378
    6 	 0.490772 	 0.897411 	 0.934378
    7 	 0.490772 	 0.926985 	 0.934378
    8 	 0.490772 	 0.926985 	 0.934378
    9 	 0.934378 	 0.934378 	 0.934378
   10 	 0.934378 	 0.934378 	 0.934378
   11 	 0.934378 	 0.934378 	 0.934378
   12 	 0.934378 	 0.934378 	 0.934378
   13 	 0.934378 	 0.934378 	 0.934378
   14 	 0.934378 	 0.934378 	 0.934378
   15 	 0.934378 	 0.934378 	 0.934378
   16 	 0.934378 	 0.934378 	 0.934378
   17 	 0.934378 	 0.934378 	 0.934378
   18 	 0.934378 	 0.934378 	 0.934378
   19 	 0.042129 	 0.905225 	 0.934378
   20 	 0.934378 	 0.934378 	 0.934378
   21 	 0.934378 	 0.934378 	 0.934378
   22 	 0.934378 	 0.934378 	 0.934378
   23 	 0.934378 	 0.934378 	 0.934378
   24 	 0.934378 	 0.934378 	 0.934378
   25 	 0.934378 	 0.934378 	 0.934378
   26 	 0.934378 	 0.934378 	 0.934378
   27 	 0.934378 	 0.934378 	 0.934378
   28 	 0.934378 	 0.934378 	 0.934378
   29 	 0.934378 	 0.934378 	 0.934378
   30 	 0.934378 	 0.934378 	 0.934378
   31 	 0.934378 	 0.934378 	 0.934378
   32 	 0.934378 	 0.934378 	 0.934378
   33 	 0.934378 	 0.934378 	 0.934378
   34 	 0.934378 	 0.934378 	 0.934378
   35 	 0.934378 	 0.934378 	 0.934378
   36 	 0.934378 	 0.934378 	 0.934378
   37 	 0.934378 	 0.934378 	 0.934378
   38 	 0.934378 	 0.934378 	 0.934378
   39 	 0.077404 	 0.920095 	 0.934378
   40 	 0.934378 	 0.934378 	 0.934378
   41 	 0.934378 	 0.934378 	 0.934378
   42 	 0.934378 	 0.934378 	 0.934378
   43 	 0.934378 	 0.934378 	 0.934378
   44 	 0.934378 	 0.934378 	 0.934378
   45 	 0.934378 	 0.934378 	 0.934378
   46 	 0.934378 	 0.934378 	 0.934378
   47 	 0.934378 	 0.934378 	 0.934378
   48 	 0.934378 	 0.934378 	 0.934378
   49 	 0.934378 	 0.934378 	 0.934378
   50 	 0.934378 	 0.934378 	 0.934378
   51 	 0.934378 	 0.934378 	 0.934378
   52 	 0.934378 	 0.934378 	 0.934378
   53 	 0.934378 	 0.934378 	 0.934378
   54 	 0.934378 	 0.934378 	 0.934378
   55 	 0.934378 	 0.934378 	 0.934378
   56 	 0.934378 	 0.934378 	 0.934378
   57 	 0.934378 	 0.934378 	 0.934378
   58 	 0.934378 	 1.192148 	 16.400538
   59 	 0.934378 	 4.027610 	 16.400538
   60 	 0.934378 	 14.853922 	 16.400538
   61 	 0.934378 	 16.142768 	 16.400538
   62 	 16.400538 	 16.400538 	 16.400538
   63 	 16.400538 	 16.400538 	 16.400538
   64 	 16.400538 	 16.400538 	 16.400538
   65 	 16.400538 	 16.400538 	 16.400538
   66 	 16.400538 	 16.400538 	 16.400538
   67 	 16.400538 	 16.400538 	 16.400538
   68 	 16.400538 	 16.400538 	 16.400538
   69 	 16.400538 	 16.400538 	 16.400538
   70 	 16.400538 	 16.400538 	 16.400538
   71 	 16.400538 	 16.400538 	 16.400538
   72 	 16.400538 	 16.400538 	 16.400538
   73 	 16.400538 	 16.400538 	 16.400538
   74 	 16.400538 	 16.400538 	 16.400538
   75 	 16.400538 	 16.400538 	 16.400538
   76 	 16.400538 	 16.400538 	 16.400538
   77 	 16.400538 	 16.400538 	 16.400538
   78 	 16.400538 	 16.400538 	 16.400538
   79 	 16.400538 	 16.400538 	 16.400538
 