   0 	 0.000333 	 0.029909 	 0.244762
    1 	 0.001043 	 0.100775 	 0.887332
    2 	 0.002159 	 0.235128 	 0.887332
    3 	 0.001043 	 0.406729 	 0.887332
    4 	 0.003555 	 0.592566 	 0.887332
    5 	 0.003555 	 0.765252 	 0.887332
    6 	 0.887332 	 0.887332 	 0.887332
    7 	 0.887332 	 0.887332 	 0.887332
    8 	 0.887332 	 0.887332 	 0.887332
    9 	 0.887332 	 0.887332 	 0.887332
   10 	 0.887332 	 0.887332 	 0.887332
   11 	 0.887332 	 0.887332 	 0.887332
   12 	 0.410223 	 0.879380 	 0.887332
   13 	 0.410223 	 0.871428 	 0.887332
   14 	 0.410223 	 0.879380 	 0.887332
   15 	 0.887332 	 0.887332 	 0.887332
   16 	 0.887332 	 0.887332 	 0.887332
   17 	 0.887332 	 0.887332 	 0.887332
   18 	 0.887332 	 0.887332 	 0.887332
   19 	 0.887332 	 0.887332 	 0.887332
   20 	 0.887332 	 0.887332 	 0.887332
   21 	 0.887332 	 0.887332 	 0.887332
   22 	 0.887332 	 0.887332 	 0.887332
   23 	 0.887332 	 0.887332 	 0.887332
   24 	 0.887332 	 0.887332 	 0.887332
   25 	 0.887332 	 0.887332 	 0.887332
   26 	 0.887332 	 0.887332 	 0.887332
   27 	 0.887332 	 0.887332 	 0.887332
   28 	 0.887332 	 0.887332 	 0.887332
   29 	 0.010793 	 0.872723 	 0.887332
   30 	 0.887332 	 0.887332 	 0.887332
   31 	 0.887332 	 0.887332 	 0.887332
   32 	 0.003555 	 0.872602 	 0.887332
   33 	 0.887332 	 0.887332 	 0.887332
   34 	 0.887332 	 0.887332 	 0.887332
   35 	 0.887332 	 0.887332 	 0.887332
   36 	 0.887332 	 0.887332 	 0.887332
   37 	 0.887332 	 0.887332 	 0.887332
   38 	 0.887332 	 0.887332 	 0.887332
   39 	 0.887332 	 0.887332 	 0.887332
   40 	 0.887332 	 0.887332 	 0.887332
   41 	 0.887332 	 0.887332 	 0.887332
   42 	 0.887332 	 0.887332 	 0.887332
   43 	 0.004613 	 0.872620 	 0.887332
   44 	 0.887332 	 0.887332 	 0.887332
   45 	 0.887332 	 0.887332 	 0.887332
   46 	 0.887332 	 0.887332 	 0.887332
   47 	 0.887332 	 0.887332 	 0.887332
   48 	 0.887332 	 0.887332 	 0.887332
   49 	 0.887332 	 0.887332 	 0.887332
   50 	 0.887332 	 0.887332 	 0.887332
   51 	 0.002162 	 0.872579 	 0.887332
   52 	 0.887332 	 0.887332 	 0.887332
   53 	 0.887332 	 0.887332 	 0.887332
   54 	 0.887332 	 0.887332 	 0.887332
   55 	 0.002162 	 0.872579 	 0.887332
   56 	 0.026436 	 0.872983 	 0.887332
   57 	 0.887332 	 0.887332 	 0.887332
   58 	 0.887332 	 0.887332 	 0.887332
   59 	 0.887332 	 0.887332 	 0.887332
   60 	 0.887332 	 0.887332 	 0.887332
   61 	 0.887332 	 0.887332 	 0.887332
   62 	 0.887332 	 0.887332 	 0.887332
   63 	 0.887332 	 0.887332 	 0.887332
   64 	 0.887332 	 0.887332 	 0.887332
   65 	 0.887332 	 0.887332 	 0.887332
   66 	 0.887332 	 0.887332 	 0.887332
   67 	 0.887332 	 0.887332 	 0.887332
   68 	 0.887332 	 0.887332 	 0.887332
   69 	 0.002162 	 0.872579 	 0.887332
   70 	 0.887332 	 0.887332 	 0.887332
   71 	 0.887332 	 0.887332 	 0.887332
   72 	 0.887332 	 0.887332 	 0.887332
   73 	 0.887332 	 0.887332 	 0.887332
   74 	 0.887332 	 0.887332 	 0.887332
   75 	 0.887332 	 0.887332 	 0.887332
   76 	 0.887332 	 0.887332 	 0.887332
   77 	 0.887332 	 0.887332 	 0.887332
   78 	 0.887332 	 0.887332 	 0.887332
   79 	 0.887332 	 0.887332 	 0.887332
 