   0 	 0.000303 	 0.060763 	 1.475967
    1 	 0.004803 	 0.959950 	 1.475967
    2 	 0.005532 	 1.221741 	 1.475967
    3 	 0.004382 	 1.210181 	 1.475967
    4 	 0.008432 	 1.347666 	 1.475967
    5 	 1.059646 	 1.455151 	 1.475967
    6 	 0.004382 	 1.413049 	 1.475967
    7 	 1.059646 	 1.469028 	 1.475967
    8 	 1.059646 	 1.462090 	 1.475967
    9 	 1.059646 	 1.469028 	 1.475967
   10 	 0.028429 	 1.451841 	 1.475967
   11 	 0.077404 	 1.452657 	 1.475967
   12 	 1.475967 	 1.475967 	 1.475967
   13 	 0.005387 	 1.451457 	 1.475967
   14 	 1.475967 	 1.475967 	 1.475967
   15 	 1.475967 	 1.475967 	 1.475967
   16 	 1.475967 	 1.475967 	 1.475967
   17 	 1.475967 	 1.475967 	 1.475967
   18 	 1.475967 	 1.475967 	 1.475967
   19 	 1.475967 	 1.475967 	 1.475967
   20 	 1.475967 	 1.475967 	 1.475967
   21 	 1.475967 	 1.475967 	 1.475967
   22 	 1.475967 	 1.475967 	 1.475967
   23 	 1.475967 	 1.475967 	 1.475967
   24 	 0.028429 	 1.451841 	 1.475967
   25 	 1.475967 	 1.475967 	 1.475967
   26 	 1.475967 	 1.475967 	 1.475967
   27 	 1.475967 	 1.475967 	 1.475967
   28 	 1.475967 	 1.475967 	 1.475967
   29 	 1.475967 	 1.475967 	 1.475967
   30 	 1.475967 	 1.475967 	 1.475967
   31 	 1.475967 	 1.475967 	 1.475967
   32 	 0.005144 	 1.451453 	 1.475967
   33 	 1.475967 	 1.475967 	 1.475967
   34 	 1.475967 	 1.475967 	 1.475967
   35 	 1.475967 	 1.475967 	 1.475967
   36 	 1.475967 	 1.475967 	 1.475967
   37 	 1.475967 	 1.475967 	 1.475967
   38 	 0.323704 	 1.456762 	 1.475967
   39 	 1.475967 	 1.475967 	 1.475967
   40 	 1.475967 	 1.475967 	 1.475967
   41 	 1.475967 	 1.475967 	 1.475967
   42 	 1.475967 	 1.475967 	 1.475967
   43 	 1.475967 	 1.475967 	 1.475967
   44 	 1.475967 	 1.475967 	 1.475967
   45 	 1.475967 	 1.475967 	 1.475967
   46 	 0.323704 	 1.456762 	 1.475967
   47 	 1.475967 	 1.475967 	 1.475967
   48 	 1.475967 	 1.475967 	 1.475967
   49 	 0.005144 	 1.451453 	 1.475967
   50 	 1.475967 	 1.475967 	 1.475967
   51 	 1.475967 	 1.475967 	 1.475967
   52 	 1.475967 	 1.475967 	 1.475967
   53 	 1.475967 	 1.475967 	 1.475967
   54 	 1.475967 	 1.475967 	 1.475967
   55 	 1.475967 	 1.475967 	 1.475967
   56 	 1.475967 	 1.475967 	 1.475967
   57 	 1.475967 	 1.475967 	 1.475967
   58 	 1.475967 	 1.475967 	 1.475967
   59 	 1.475967 	 1.475967 	 1.475967
   60 	 1.475967 	 1.475967 	 1.475967
   61 	 1.475967 	 1.475967 	 1.475967
   62 	 1.475967 	 1.475967 	 1.475967
   63 	 0.028429 	 1.451841 	 1.475967
   64 	 1.475967 	 1.475967 	 1.475967
   65 	 1.475967 	 1.475967 	 1.475967
   66 	 1.475967 	 1.475967 	 1.475967
   67 	 1.475967 	 1.475967 	 1.475967
   68 	 1.475967 	 1.475967 	 1.475967
   69 	 1.475967 	 1.475967 	 1.475967
   70 	 1.475967 	 1.475967 	 1.475967
   71 	 1.475967 	 1.475967 	 1.475967
   72 	 0.005144 	 1.451453 	 1.475967
   73 	 1.475967 	 1.475967 	 1.475967
   74 	 1.475967 	 1.475967 	 1.475967
   75 	 1.475967 	 1.475967 	 1.475967
   76 	 1.475967 	 1.475967 	 1.475967
   77 	 1.475967 	 1.475967 	 1.475967
   78 	 1.475967 	 1.475967 	 1.475967
   79 	 1.475967 	 1.475967 	 1.475967
 