   0 	 0.000318 	 0.025937 	 0.436697
    1 	 0.001785 	 0.171243 	 0.436697
    2 	 0.002228 	 0.307679 	 0.436697
    3 	 0.048165 	 0.391280 	 0.436697
    4 	 0.192116 	 0.428544 	 0.436697
    5 	 0.192116 	 0.432620 	 0.436697
    6 	 0.436697 	 0.436697 	 0.436697
    7 	 0.436697 	 0.436697 	 0.436697
    8 	 0.436697 	 0.436697 	 0.436697
    9 	 0.436697 	 0.436697 	 0.436697
   10 	 0.436697 	 0.436697 	 0.436697
   11 	 0.436697 	 0.436697 	 0.436697
   12 	 0.436697 	 0.436697 	 0.436697
   13 	 0.436697 	 0.436697 	 0.436697
   14 	 0.436697 	 0.436697 	 0.436697
   15 	 0.436697 	 0.436697 	 0.436697
   16 	 0.436697 	 0.436697 	 0.436697
   17 	 0.436697 	 0.436697 	 0.436697
   18 	 0.436697 	 0.436697 	 0.436697
   19 	 0.323244 	 0.434806 	 0.436697
   20 	 0.323244 	 0.434806 	 0.436697
   21 	 0.002228 	 0.427565 	 0.436697
   22 	 0.323244 	 0.434806 	 0.436697
   23 	 0.323244 	 0.434806 	 0.436697
   24 	 0.436697 	 0.436697 	 0.436697
   25 	 0.436697 	 0.436697 	 0.436697
   26 	 0.436697 	 0.436697 	 0.436697
   27 	 0.436697 	 0.436697 	 0.436697
   28 	 0.436697 	 0.436697 	 0.436697
   29 	 0.436697 	 0.436697 	 0.436697
   30 	 0.436697 	 0.436697 	 0.436697
   31 	 0.436697 	 0.436697 	 0.436697
   32 	 0.436697 	 0.436697 	 0.436697
   33 	 0.436697 	 0.436697 	 0.436697
   34 	 0.035874 	 0.430016 	 0.436697
   35 	 0.436697 	 0.436697 	 0.436697
   36 	 0.436697 	 0.436697 	 0.436697
   37 	 0.436697 	 0.436697 	 0.436697
   38 	 0.436697 	 0.436697 	 0.436697
   39 	 0.436697 	 0.436697 	 0.436697
   40 	 0.436697 	 0.436697 	 0.436697
   41 	 0.436697 	 0.436697 	 0.436697
   42 	 0.436697 	 0.436697 	 0.436697
   43 	 0.436697 	 0.436697 	 0.436697
   44 	 0.436697 	 0.436697 	 0.436697
   45 	 0.436697 	 0.436697 	 0.436697
   46 	 0.436697 	 0.436697 	 0.436697
   47 	 0.436697 	 0.436697 	 0.436697
   48 	 0.436697 	 0.436697 	 0.436697
   49 	 0.436697 	 0.436697 	 0.436697
   50 	 0.436697 	 0.436697 	 0.436697
   51 	 0.436697 	 0.436697 	 0.436697
   52 	 0.436697 	 0.436697 	 0.436697
   53 	 0.436697 	 0.436697 	 0.436697
   54 	 0.009444 	 0.429576 	 0.436697
   55 	 0.436697 	 0.436697 	 0.436697
   56 	 0.436697 	 0.436697 	 0.436697
   57 	 0.436697 	 0.436697 	 0.436697
   58 	 0.436697 	 0.436697 	 0.436697
   59 	 0.436697 	 0.436697 	 0.436697
   60 	 0.436697 	 0.436697 	 0.436697
   61 	 0.436697 	 0.436697 	 0.436697
   62 	 0.436697 	 0.436697 	 0.436697
   63 	 0.436697 	 0.436697 	 0.436697
   64 	 0.436697 	 0.436697 	 0.436697
   65 	 0.436697 	 0.436697 	 0.436697
   66 	 0.436697 	 0.436697 	 0.436697
   67 	 0.436697 	 0.436697 	 0.436697
   68 	 0.436697 	 0.436697 	 0.436697
   69 	 0.436697 	 0.436697 	 0.436697
   70 	 0.436697 	 0.436697 	 0.436697
   71 	 0.436697 	 0.436697 	 0.436697
   72 	 0.436697 	 0.436697 	 0.436697
   73 	 0.436697 	 0.436697 	 0.436697
   74 	 0.436697 	 0.436697 	 0.436697
   75 	 0.436697 	 0.436697 	 0.436697
   76 	 0.436697 	 0.436697 	 0.436697
   77 	 0.436697 	 0.436697 	 0.436697
   78 	 0.436697 	 0.436697 	 0.436697
   79 	 0.436697 	 0.436697 	 0.436697
 