   0 	 0.000332 	 0.049318 	 0.490772
    1 	 0.001957 	 0.255693 	 0.490772
    2 	 0.055422 	 0.369128 	 0.769688
    3 	 0.000601 	 0.392756 	 0.769688
    4 	 0.000565 	 0.455672 	 0.769688
    5 	 0.021955 	 0.493663 	 0.769688
    6 	 0.001051 	 0.514898 	 0.769688
    7 	 0.000789 	 0.479988 	 0.769688
    8 	 0.021955 	 0.549748 	 0.769688
    9 	 0.021955 	 0.596975 	 0.769688
   10 	 0.021955 	 0.617628 	 0.769688
   11 	 0.140645 	 0.660598 	 0.769688
   12 	 0.000735 	 0.698515 	 0.769688
   13 	 0.379018 	 0.735285 	 0.769688
   14 	 0.490772 	 0.751094 	 0.769688
   15 	 0.490772 	 0.751094 	 0.769688
   16 	 0.490772 	 0.765039 	 0.769688
   17 	 0.490772 	 0.760391 	 0.769688
   18 	 0.490772 	 0.755742 	 0.769688
   19 	 0.059148 	 0.744190 	 0.769688
   20 	 0.769688 	 0.769688 	 0.769688
   21 	 0.769688 	 0.769688 	 0.769688
   22 	 0.769688 	 0.769688 	 0.769688
   23 	 0.769688 	 0.769688 	 0.769688
   24 	 0.769688 	 0.769688 	 0.769688
   25 	 0.000735 	 0.756872 	 0.769688
   26 	 0.769688 	 0.769688 	 0.769688
   27 	 0.769688 	 0.769688 	 0.769688
   28 	 0.769688 	 0.769688 	 0.769688
   29 	 0.769688 	 0.769688 	 0.769688
   30 	 0.769688 	 0.769688 	 0.769688
   31 	 0.769688 	 0.769688 	 0.769688
   32 	 0.769688 	 0.769688 	 0.769688
   33 	 0.769688 	 0.769688 	 0.769688
   34 	 0.769688 	 0.769688 	 0.769688
   35 	 0.769688 	 0.769688 	 0.769688
   36 	 0.769688 	 0.769688 	 0.769688
   37 	 0.769688 	 0.769688 	 0.769688
   38 	 0.769688 	 0.769688 	 0.769688
   39 	 0.769688 	 0.769688 	 0.769688
   40 	 0.769688 	 0.769688 	 0.769688
   41 	 0.769688 	 0.769688 	 0.769688
   42 	 0.000735 	 0.756872 	 0.769688
   43 	 0.769688 	 0.769688 	 0.769688
   44 	 0.769688 	 0.769688 	 0.769688
   45 	 0.769688 	 0.769688 	 0.769688
   46 	 0.769688 	 0.769688 	 0.769688
   47 	 0.769688 	 0.769688 	 0.769688
   48 	 0.769688 	 0.769688 	 0.769688
   49 	 0.769688 	 0.769688 	 0.769688
   50 	 0.769688 	 0.769688 	 0.769688
   51 	 0.769688 	 0.769688 	 0.769688
   52 	 0.769688 	 0.769688 	 0.769688
   53 	 0.769688 	 0.769688 	 0.769688
   54 	 0.769688 	 0.769688 	 0.769688
   55 	 0.397109 	 0.763478 	 0.769688
   56 	 0.397109 	 0.763478 	 0.769688
   57 	 0.769688 	 0.769688 	 0.769688
   58 	 0.769688 	 0.769688 	 0.769688
   59 	 0.769688 	 0.769688 	 0.769688
   60 	 0.769688 	 0.769688 	 0.769688
   61 	 0.769688 	 0.769688 	 0.769688
   62 	 0.769688 	 0.769688 	 0.769688
   63 	 0.769688 	 0.769688 	 0.769688
   64 	 0.769688 	 0.769688 	 0.769688
   65 	 0.769688 	 0.769688 	 0.769688
   66 	 0.769688 	 0.769688 	 0.769688
   67 	 0.769688 	 0.769688 	 0.769688
   68 	 0.769688 	 0.769688 	 0.769688
   69 	 0.769688 	 0.769688 	 0.769688
   70 	 0.769688 	 0.769688 	 0.769688
   71 	 0.769688 	 0.769688 	 0.769688
   72 	 0.769688 	 0.769688 	 0.769688
   73 	 0.769688 	 0.769688 	 0.769688
   74 	 0.769688 	 0.769688 	 0.769688
   75 	 0.769688 	 0.769688 	 0.769688
   76 	 0.769688 	 0.769688 	 0.769688
   77 	 0.769688 	 0.769688 	 0.769688
   78 	 0.769688 	 0.769688 	 0.769688
   79 	 0.769688 	 0.769688 	 0.769688
 