   0 	 0.000304 	 0.047390 	 1.137476
    1 	 0.012274 	 0.560336 	 1.137476
    2 	 0.006721 	 0.882099 	 1.137476
    3 	 0.127019 	 1.079897 	 1.137476
    4 	 0.232604 	 1.122395 	 1.137476
    5 	 0.232604 	 1.122395 	 1.137476
    6 	 1.137476 	 1.137476 	 1.137476
    7 	 1.137476 	 1.137476 	 1.137476
    8 	 1.137476 	 1.137476 	 1.137476
    9 	 1.137476 	 1.137476 	 1.137476
   10 	 1.137476 	 1.137476 	 1.137476
   11 	 1.137476 	 1.137476 	 1.137476
   12 	 0.042038 	 1.119218 	 1.137476
   13 	 1.137476 	 1.137476 	 1.137476
   14 	 1.137476 	 1.244750 	 7.573904
   15 	 1.137476 	 1.459297 	 7.573904
   16 	 1.137476 	 2.853857 	 7.573904
   17 	 0.010219 	 4.873271 	 7.573904
   18 	 1.137476 	 6.930261 	 7.573904
   19 	 1.137476 	 7.359356 	 7.573904
   20 	 7.573904 	 7.573904 	 7.573904
   21 	 7.573904 	 7.573904 	 7.573904
   22 	 7.573904 	 7.573904 	 7.573904
   23 	 7.573904 	 7.573904 	 7.573904
   24 	 7.573904 	 7.573904 	 7.573904
   25 	 7.573904 	 7.573904 	 7.573904
   26 	 7.573904 	 7.573904 	 7.573904
   27 	 0.033432 	 7.448229 	 7.573904
   28 	 7.573904 	 7.573904 	 7.573904
   29 	 7.573904 	 7.573904 	 7.573904
   30 	 7.573904 	 7.573904 	 7.573904
   31 	 7.573904 	 7.573904 	 7.573904
   32 	 7.573904 	 7.573904 	 7.573904
   33 	 7.573904 	 7.573904 	 7.573904
   34 	 0.033432 	 7.448229 	 7.573904
   35 	 7.573904 	 7.573904 	 7.573904
   36 	 7.573904 	 7.573904 	 7.573904
   37 	 7.573904 	 7.573904 	 7.573904
   38 	 0.001173 	 7.447691 	 7.573904
   39 	 7.573904 	 7.573904 	 7.573904
   40 	 7.573904 	 7.573904 	 7.573904
   41 	 7.573904 	 7.573904 	 7.573904
   42 	 7.573904 	 7.573904 	 7.573904
   43 	 1.137476 	 7.466630 	 7.573904
   44 	 7.573904 	 7.573904 	 7.573904
   45 	 7.573904 	 7.573904 	 7.573904
   46 	 7.573904 	 7.573904 	 7.573904
   47 	 7.573904 	 7.573904 	 7.573904
   48 	 7.573904 	 7.573904 	 7.573904
   49 	 7.573904 	 7.573904 	 7.573904
   50 	 7.573904 	 7.573904 	 7.573904
   51 	 7.573904 	 7.573904 	 7.573904
   52 	 7.573904 	 7.573904 	 7.573904
   53 	 7.573904 	 7.573904 	 7.573904
   54 	 7.573904 	 7.573904 	 7.573904
   55 	 7.573904 	 7.573904 	 7.573904
   56 	 7.573904 	 7.573904 	 7.573904
   57 	 7.573904 	 7.573904 	 7.573904
   58 	 7.573904 	 7.573904 	 7.573904
   59 	 7.573904 	 7.573904 	 7.573904
   60 	 7.573904 	 7.573904 	 7.573904
   61 	 7.573904 	 7.573904 	 7.573904
   62 	 7.573904 	 7.573904 	 7.573904
   63 	 7.573904 	 7.573904 	 7.573904
   64 	 7.573904 	 7.573904 	 7.573904
   65 	 7.573904 	 7.573904 	 7.573904
   66 	 7.573904 	 7.573904 	 7.573904
   67 	 7.573904 	 7.573904 	 7.573904
   68 	 7.573904 	 7.573904 	 7.573904
   69 	 7.573904 	 7.573904 	 7.573904
   70 	 7.573904 	 7.573904 	 7.573904
   71 	 7.573904 	 7.573904 	 7.573904
   72 	 1.137476 	 7.466630 	 7.573904
   73 	 7.573904 	 7.573904 	 7.573904
   74 	 7.573904 	 7.573904 	 7.573904
   75 	 7.573904 	 7.573904 	 7.573904
   76 	 7.573904 	 7.573904 	 7.573904
   77 	 7.573904 	 7.573904 	 7.573904
   78 	 7.573904 	 7.573904 	 7.573904
   79 	 7.573904 	 7.573904 	 7.573904
 