   0 	 0.000318 	 0.052924 	 0.934378
    1 	 0.008011 	 0.443128 	 0.934378
    2 	 0.001283 	 0.639956 	 0.934378
    3 	 0.059902 	 0.844489 	 0.934378
    4 	 0.011800 	 0.858298 	 0.934378
    5 	 0.429459 	 0.925963 	 0.934378
    6 	 0.429459 	 0.925963 	 0.934378
    7 	 0.429459 	 0.925963 	 0.934378
    8 	 0.934378 	 0.934378 	 0.934378
    9 	 0.934378 	 0.934378 	 0.934378
   10 	 0.934378 	 0.934378 	 0.934378
   11 	 0.934378 	 0.934378 	 0.934378
   12 	 0.934378 	 0.934378 	 0.934378
   13 	 0.934378 	 0.934378 	 0.934378
   14 	 0.934378 	 0.934378 	 0.934378
   15 	 0.934378 	 0.934378 	 0.934378
   16 	 0.934378 	 0.934378 	 0.934378
   17 	 0.934378 	 0.934378 	 0.934378
   18 	 0.934378 	 0.934378 	 0.934378
   19 	 0.934378 	 0.934378 	 0.934378
   20 	 0.934378 	 0.934378 	 0.934378
   21 	 0.934378 	 0.934378 	 0.934378
   22 	 0.934378 	 0.934378 	 0.934378
   23 	 0.934378 	 0.934378 	 0.934378
   24 	 0.934378 	 0.934378 	 0.934378
   25 	 0.934378 	 0.934378 	 0.934378
   26 	 0.934378 	 0.934378 	 0.934378
   27 	 0.934378 	 0.934378 	 0.934378
   28 	 0.934378 	 0.934378 	 0.934378
   29 	 0.934378 	 0.934378 	 0.934378
   30 	 0.934378 	 0.934378 	 0.934378
   31 	 0.934378 	 0.934378 	 0.934378
   32 	 0.934378 	 0.934378 	 0.934378
   33 	 0.934378 	 0.934378 	 0.934378
   34 	 0.934378 	 0.934378 	 0.934378
   35 	 0.934378 	 0.934378 	 0.934378
   36 	 0.934378 	 0.934378 	 0.934378
   37 	 0.934378 	 0.934378 	 0.934378
   38 	 0.934378 	 0.934378 	 0.934378
   39 	 0.934378 	 0.934378 	 0.934378
   40 	 0.934378 	 0.934378 	 0.934378
   41 	 0.934378 	 0.934378 	 0.934378
   42 	 0.934378 	 0.934378 	 0.934378
   43 	 0.934378 	 0.934378 	 0.934378
   44 	 0.934378 	 0.934378 	 0.934378
   45 	 0.934378 	 0.934378 	 0.934378
   46 	 0.934378 	 0.934378 	 0.934378
   47 	 0.934378 	 0.934378 	 0.934378
   48 	 0.934378 	 0.934378 	 0.934378
   49 	 0.934378 	 0.934378 	 0.934378
   50 	 0.934378 	 0.934378 	 0.934378
   51 	 0.934378 	 0.934378 	 0.934378
   52 	 0.002645 	 0.918849 	 0.934378
   53 	 0.934378 	 0.934378 	 0.934378
   54 	 0.934378 	 0.934378 	 0.934378
   55 	 0.934378 	 0.934378 	 0.934378
   56 	 0.934378 	 0.934378 	 0.934378
   57 	 0.934378 	 0.934378 	 0.934378
   58 	 0.934378 	 0.934378 	 0.934378
   59 	 0.934378 	 0.934378 	 0.934378
   60 	 0.934378 	 0.934378 	 0.934378
   61 	 0.934378 	 0.934378 	 0.934378
   62 	 0.934378 	 0.934378 	 0.934378
   63 	 0.934378 	 0.934378 	 0.934378
   64 	 0.934378 	 0.934378 	 0.934378
   65 	 0.934378 	 0.934378 	 0.934378
   66 	 0.934378 	 0.934378 	 0.934378
   67 	 0.934378 	 0.934378 	 0.934378
   68 	 0.934378 	 0.934378 	 0.934378
   69 	 0.934378 	 0.934378 	 0.934378
   70 	 0.934378 	 0.934378 	 0.934378
   71 	 0.934378 	 0.934378 	 0.934378
   72 	 0.934378 	 0.934378 	 0.934378
   73 	 0.934378 	 0.934378 	 0.934378
   74 	 0.934378 	 0.934378 	 0.934378
   75 	 0.934378 	 0.934378 	 0.934378
   76 	 0.934378 	 0.934378 	 0.934378
   77 	 0.934378 	 0.934378 	 0.934378
   78 	 0.934378 	 0.934378 	 0.934378
   79 	 0.323704 	 0.924200 	 0.934378
 