   0 	 -1.000000 	 6.788024 	 100.000000
    1 	 -1.000000 	 58.360833 	 100.000000
    2 	 -1.000000 	 58.376250 	 100.000000
    3 	 -1.000000 	 54.992870 	 100.000000
    4 	 -1.000000 	 55.011667 	 100.000000
    5 	 -1.000000 	 53.366111 	 100.000000
    6 	 -1.000000 	 70.020833 	 100.000000
    7 	 -1.000000 	 73.314444 	 100.000000
    8 	 -1.000000 	 76.670833 	 100.000000
    9 	 -1.000000 	 73.383194 	 100.000000
   10 	 -1.000000 	 78.340278 	 100.000000
   11 	 -1.000000 	 76.674167 	 100.000000
   12 	 -1.000000 	 78.346230 	 100.000000
   13 	 -0.500000 	 76.668056 	 100.000000
   14 	 -1.000000 	 88.337500 	 100.000000
   15 	 -0.250000 	 85.050000 	 100.000000
   16 	 -1.000000 	 88.328472 	 100.000000
   17 	 -1.000000 	 84.984722 	 100.000000
   18 	 -1.000000 	 88.301389 	 100.000000
   19 	 -1.000000 	 83.369444 	 100.000000
   20 	 -1.000000 	 85.000000 	 100.000000
   21 	 -1.000000 	 76.633333 	 100.000000
   22 	 -1.000000 	 86.620833 	 100.000000
   23 	 -1.000000 	 78.350833 	 100.000000
   24 	 -1.000000 	 83.352778 	 100.000000
   25 	 -1.000000 	 89.975000 	 100.000000
   26 	 -1.000000 	 78.361111 	 100.000000
   27 	 -0.500000 	 80.034722 	 100.000000
   28 	 -1.000000 	 71.747222 	 100.000000
   29 	 -1.000000 	 80.014722 	 100.000000
   30 	 -1.000000 	 85.020833 	 100.000000
   31 	 -1.000000 	 78.340278 	 100.000000
   32 	 -1.000000 	 81.700000 	 100.000000
   33 	 -1.000000 	 89.990278 	 100.000000
   34 	 -1.000000 	 83.288889 	 100.000000
   35 	 -0.500000 	 89.988194 	 100.000000
   36 	 -1.000000 	 84.980556 	 100.000000
   37 	 -1.000000 	 84.993056 	 100.000000
   38 	 -0.500000 	 98.325000 	 100.000000
   39 	 -0.333333 	 96.657778 	 100.000000
   40 	 -0.333333 	 86.687500 	 100.000000
   41 	 -1.000000 	 79.995278 	 100.000000
   42 	 -0.500000 	 84.994444 	 100.000000
   43 	 -1.000000 	 91.645833 	 100.000000
   44 	 -1.000000 	 73.311111 	 100.000000
   45 	 -1.000000 	 76.693056 	 100.000000
   46 	 -1.000000 	 91.637500 	 100.000000
   47 	 -1.000000 	 81.668056 	 100.000000
   48 	 -1.000000 	 80.002778 	 100.000000
   49 	 -1.000000 	 83.354167 	 100.000000
   50 	 -0.500000 	 91.690278 	 100.000000
   51 	 -1.000000 	 76.648056 	 100.000000
   52 	 -1.000000 	 91.658333 	 100.000000
   53 	 -0.333333 	 88.300694 	 100.000000
   54 	 -1.000000 	 84.977778 	 100.000000
   55 	 -1.000000 	 81.644444 	 100.000000
   56 	 -1.000000 	 73.323611 	 100.000000
   57 	 -1.000000 	 81.686111 	 100.000000
   58 	 -1.000000 	 84.977778 	 100.000000
   59 	 -1.000000 	 78.287500 	 100.000000
   60 	 -1.000000 	 76.634722 	 100.000000
   61 	 -1.000000 	 80.018056 	 100.000000
   62 	 -1.000000 	 88.287500 	 100.000000
   63 	 -1.000000 	 89.986111 	 100.000000
   64 	 -0.500000 	 85.050000 	 100.000000
   65 	 -1.000000 	 79.941667 	 100.000000
   66 	 -1.000000 	 84.972222 	 100.000000
   67 	 -1.000000 	 85.004167 	 100.000000
   68 	 -1.000000 	 85.022778 	 100.000000
   69 	 -1.000000 	 79.986944 	 100.000000
   70 	 -1.000000 	 81.625833 	 100.000000
   71 	 -1.000000 	 79.998214 	 100.000000
   72 	 -1.000000 	 78.376389 	 100.000000
   73 	 -1.000000 	 86.611667 	 100.000000
   74 	 -1.000000 	 81.662500 	 100.000000
   75 	 -1.000000 	 80.046230 	 100.000000
   76 	 -1.000000 	 76.636111 	 100.000000
   77 	 -0.500000 	 91.634722 	 100.000000
   78 	 -1.000000 	 85.061111 	 100.000000
   79 	 -1.000000 	 81.704167 	 100.000000
 