   0 	 -1.000000 	 8.359292 	 100.000000
    1 	 -1.000000 	 48.334286 	 100.000000
    2 	 -1.000000 	 45.041560 	 100.000000
    3 	 -1.000000 	 60.075278 	 100.000000
    4 	 -1.000000 	 60.012500 	 100.000000
    5 	 -1.000000 	 51.644444 	 100.000000
    6 	 -1.000000 	 51.654722 	 100.000000
    7 	 -1.000000 	 63.334167 	 100.000000
    8 	 -1.000000 	 70.015972 	 100.000000
    9 	 -1.000000 	 61.628333 	 100.000000
   10 	 -1.000000 	 69.977778 	 100.000000
   11 	 -1.000000 	 78.394444 	 100.000000
   12 	 -1.000000 	 75.041667 	 100.000000
   13 	 -1.000000 	 74.958333 	 100.000000
   14 	 -1.000000 	 80.025000 	 100.000000
   15 	 -1.000000 	 75.085556 	 100.000000
   16 	 -1.000000 	 85.081944 	 100.000000
   17 	 -1.000000 	 78.281944 	 100.000000
   18 	 -1.000000 	 63.363056 	 100.000000
   19 	 -1.000000 	 81.704167 	 100.000000
   20 	 -1.000000 	 75.045833 	 100.000000
   21 	 -1.000000 	 76.727778 	 100.000000
   22 	 -1.000000 	 70.058889 	 100.000000
   23 	 -1.000000 	 73.314722 	 100.000000
   24 	 -1.000000 	 76.648611 	 100.000000
   25 	 -1.000000 	 80.023611 	 100.000000
   26 	 -1.000000 	 76.658333 	 100.000000
   27 	 -1.000000 	 76.780556 	 100.000000
   28 	 -1.000000 	 83.379722 	 100.000000
   29 	 -1.000000 	 73.394444 	 100.000000
   30 	 -1.000000 	 74.976389 	 100.000000
   31 	 -1.000000 	 79.984722 	 100.000000
   32 	 -1.000000 	 79.966667 	 100.000000
   33 	 -1.000000 	 78.348611 	 100.000000
   34 	 -0.500000 	 88.306111 	 100.000000
   35 	 -1.000000 	 81.661111 	 100.000000
   36 	 -0.500000 	 86.704167 	 100.000000
   37 	 -1.000000 	 68.365278 	 100.000000
   38 	 -1.000000 	 84.962500 	 100.000000
   39 	 -1.000000 	 76.682778 	 100.000000
   40 	 -1.000000 	 85.037500 	 100.000000
   41 	 -1.000000 	 84.995833 	 100.000000
   42 	 -1.000000 	 83.413889 	 100.000000
   43 	 -1.000000 	 78.367222 	 100.000000
   44 	 -1.000000 	 73.312500 	 100.000000
   45 	 -1.000000 	 80.005556 	 100.000000
   46 	 -1.000000 	 85.069444 	 100.000000
   47 	 -1.000000 	 83.363889 	 100.000000
   48 	 -0.500000 	 85.065278 	 100.000000
   49 	 -0.500000 	 88.354167 	 100.000000
   50 	 -1.000000 	 79.979167 	 100.000000
   51 	 -1.000000 	 83.368056 	 100.000000
   52 	 -0.500000 	 86.729167 	 100.000000
   53 	 -1.000000 	 76.654167 	 100.000000
   54 	 -1.000000 	 81.691667 	 100.000000
   55 	 -1.000000 	 83.383333 	 100.000000
   56 	 -1.000000 	 86.690833 	 100.000000
   57 	 -0.500000 	 85.033333 	 100.000000
   58 	 -1.000000 	 85.004167 	 100.000000
   59 	 -1.000000 	 83.372222 	 100.000000
   60 	 -0.500000 	 81.688333 	 100.000000
   61 	 -1.000000 	 80.041667 	 100.000000
   62 	 -1.000000 	 80.025992 	 100.000000
   63 	 -0.500000 	 83.373214 	 100.000000
   64 	 -0.500000 	 83.445833 	 100.000000
   65 	 -1.000000 	 81.766667 	 100.000000
   66 	 -1.000000 	 85.038889 	 100.000000
   67 	 -1.000000 	 81.729167 	 100.000000
   68 	 -0.500000 	 86.712500 	 100.000000
   69 	 0.333333 	 90.072222 	 100.000000
   70 	 -1.000000 	 78.275000 	 100.000000
   71 	 -1.000000 	 88.345833 	 100.000000
   72 	 -0.500000 	 81.701389 	 100.000000
   73 	 -1.000000 	 88.316667 	 100.000000
   74 	 -1.000000 	 85.018056 	 100.000000
   75 	 -0.250000 	 81.769444 	 100.000000
   76 	 -1.000000 	 83.425000 	 100.000000
   77 	 -1.000000 	 83.318056 	 100.000000
   78 	 -0.500000 	 76.730556 	 100.000000
   79 	 -1.000000 	 78.381944 	 100.000000
 