   0 	 -1.000000 	 9.964836 	 100.000000
    1 	 -1.000000 	 56.743056 	 100.000000
    2 	 -1.000000 	 46.618750 	 100.000000
    3 	 -1.000000 	 48.373333 	 100.000000
    4 	 -1.000000 	 46.631111 	 100.000000
    5 	 -1.000000 	 63.342500 	 100.000000
    6 	 -1.000000 	 46.692500 	 100.000000
    7 	 -1.000000 	 61.636667 	 100.000000
    8 	 -1.000000 	 70.014167 	 100.000000
    9 	 -1.000000 	 66.659167 	 100.000000
   10 	 -1.000000 	 58.233194 	 100.000000
   11 	 -1.000000 	 71.602778 	 100.000000
   12 	 -1.000000 	 73.313889 	 100.000000
   13 	 -1.000000 	 69.972917 	 100.000000
   14 	 -1.000000 	 58.315278 	 100.000000
   15 	 -1.000000 	 74.972500 	 100.000000
   16 	 -1.000000 	 66.701786 	 100.000000
   17 	 -1.000000 	 71.648611 	 100.000000
   18 	 -1.000000 	 66.652778 	 100.000000
   19 	 -1.000000 	 66.594444 	 100.000000
   20 	 -1.000000 	 61.668056 	 100.000000
   21 	 -1.000000 	 83.350000 	 100.000000
   22 	 -1.000000 	 68.372778 	 100.000000
   23 	 -1.000000 	 83.238889 	 100.000000
   24 	 -1.000000 	 76.665833 	 100.000000
   25 	 -1.000000 	 71.735000 	 100.000000
   26 	 -1.000000 	 78.336111 	 100.000000
   27 	 -1.000000 	 88.287500 	 100.000000
   28 	 -1.000000 	 81.658333 	 100.000000
   29 	 -1.000000 	 68.313889 	 100.000000
   30 	 -1.000000 	 68.362500 	 100.000000
   31 	 -0.500000 	 70.009722 	 100.000000
   32 	 -1.000000 	 74.977222 	 100.000000
   33 	 -1.000000 	 86.680556 	 100.000000
   34 	 -1.000000 	 71.666667 	 100.000000
   35 	 -1.000000 	 69.971667 	 100.000000
   36 	 -1.000000 	 86.673611 	 100.000000
   37 	 -0.500000 	 90.025000 	 100.000000
   38 	 -1.000000 	 76.759722 	 100.000000
   39 	 -1.000000 	 76.713333 	 100.000000
   40 	 -1.000000 	 76.683333 	 100.000000
   41 	 -1.000000 	 64.951389 	 100.000000
   42 	 -1.000000 	 81.671667 	 100.000000
   43 	 -1.000000 	 86.691667 	 100.000000
   44 	 -0.500000 	 78.380556 	 100.000000
   45 	 -1.000000 	 71.685556 	 100.000000
   46 	 -0.500000 	 78.368056 	 100.000000
   47 	 -1.000000 	 71.602778 	 100.000000
   48 	 -1.000000 	 80.058333 	 100.000000
   49 	 -1.000000 	 88.319444 	 100.000000
   50 	 -1.000000 	 74.997222 	 100.000000
   51 	 -1.000000 	 76.594444 	 100.000000
   52 	 -1.000000 	 71.561944 	 100.000000
   53 	 -1.000000 	 80.036111 	 100.000000
   54 	 -1.000000 	 78.397222 	 100.000000
   55 	 -1.000000 	 83.340278 	 100.000000
   56 	 -1.000000 	 78.295833 	 100.000000
   57 	 -1.000000 	 76.740278 	 100.000000
   58 	 -1.000000 	 76.672222 	 100.000000
   59 	 -1.000000 	 83.319722 	 100.000000
   60 	 -1.000000 	 81.619444 	 100.000000
   61 	 -0.500000 	 81.762500 	 100.000000
   62 	 -1.000000 	 78.277778 	 100.000000
   63 	 -1.000000 	 83.355556 	 100.000000
   64 	 -1.000000 	 86.663333 	 100.000000
   65 	 -1.000000 	 81.645833 	 100.000000
   66 	 -1.000000 	 83.311944 	 100.000000
   67 	 -1.000000 	 78.284722 	 100.000000
   68 	 -1.000000 	 78.331944 	 100.000000
   69 	 -1.000000 	 83.327778 	 100.000000
   70 	 -1.000000 	 71.652778 	 100.000000
   71 	 -1.000000 	 68.356944 	 100.000000
   72 	 -1.000000 	 76.723611 	 100.000000
   73 	 -1.000000 	 74.969444 	 100.000000
   74 	 -1.000000 	 70.051389 	 100.000000
   75 	 -1.000000 	 76.627778 	 100.000000
   76 	 -1.000000 	 73.268750 	 100.000000
   77 	 -1.000000 	 74.945833 	 100.000000
   78 	 -0.333333 	 83.411111 	 100.000000
   79 	 -1.000000 	 75.020833 	 100.000000
 