   0 	 -1.000000 	 1.607513 	 100.000000
    1 	 -0.500000 	 81.749444 	 100.000000
    2 	 -0.500000 	 83.358333 	 100.000000
    3 	 -0.333333 	 80.088889 	 100.000000
    4 	 -1.000000 	 80.008333 	 100.000000
    5 	 -1.000000 	 73.430556 	 100.000000
    6 	 -1.000000 	 76.738889 	 100.000000
    7 	 -1.000000 	 78.388889 	 100.000000
    8 	 -1.000000 	 81.733333 	 100.000000
    9 	 -1.000000 	 76.715833 	 100.000000
   10 	 -1.000000 	 79.969444 	 100.000000
   11 	 -1.000000 	 78.359722 	 100.000000
   12 	 -0.500000 	 86.719444 	 100.000000
   13 	 -1.000000 	 83.362500 	 100.000000
   14 	 -1.000000 	 76.683333 	 100.000000
   15 	 -1.000000 	 81.688889 	 100.000000
   16 	 -1.000000 	 78.349444 	 100.000000
   17 	 -1.000000 	 76.666667 	 100.000000
   18 	 -1.000000 	 76.712500 	 100.000000
   19 	 0.333333 	 88.430556 	 100.000000
   20 	 -1.000000 	 81.655000 	 100.000000
   21 	 -0.333333 	 86.756944 	 100.000000
   22 	 -0.500000 	 78.461111 	 100.000000
   23 	 -1.000000 	 73.352778 	 100.000000
   24 	 -1.000000 	 73.394444 	 100.000000
   25 	 -1.000000 	 83.381944 	 100.000000
   26 	 -1.000000 	 70.059722 	 100.000000
   27 	 -1.000000 	 78.393611 	 100.000000
   28 	 -1.000000 	 81.719444 	 100.000000
   29 	 -1.000000 	 80.079722 	 100.000000
   30 	 -1.000000 	 78.343056 	 100.000000
   31 	 -0.500000 	 85.068056 	 100.000000
   32 	 -0.500000 	 88.383333 	 100.000000
   33 	 -0.250000 	 85.052778 	 100.000000
   34 	 -1.000000 	 88.383333 	 100.000000
   35 	 -1.000000 	 85.006944 	 100.000000
   36 	 -0.500000 	 85.000833 	 100.000000
   37 	 -1.000000 	 86.668611 	 100.000000
   38 	 -0.250000 	 88.380556 	 100.000000
   39 	 -0.333333 	 90.023611 	 100.000000
   40 	 -0.500000 	 90.019444 	 100.000000
   41 	 -1.000000 	 71.729167 	 100.000000
   42 	 -0.500000 	 83.372222 	 100.000000
   43 	 -1.000000 	 81.693056 	 100.000000
   44 	 -0.500000 	 85.038889 	 100.000000
   45 	 -1.000000 	 81.650000 	 100.000000
   46 	 -1.000000 	 85.061944 	 100.000000
   47 	 -1.000000 	 78.358333 	 100.000000
   48 	 -1.000000 	 83.379167 	 100.000000
   49 	 -1.000000 	 76.605556 	 100.000000
   50 	 -1.000000 	 81.598611 	 100.000000
   51 	 -1.000000 	 84.999722 	 100.000000
   52 	 -1.000000 	 84.975556 	 100.000000
   53 	 -1.000000 	 75.026389 	 100.000000
   54 	 -1.000000 	 73.395556 	 100.000000
   55 	 -1.000000 	 70.026389 	 100.000000
   56 	 -0.500000 	 86.725000 	 100.000000
   57 	 -0.333333 	 78.413889 	 100.000000
   58 	 -0.500000 	 78.406944 	 100.000000
   59 	 -1.000000 	 81.687500 	 100.000000
   60 	 -1.000000 	 76.634722 	 100.000000
   61 	 -1.000000 	 85.004167 	 100.000000
   62 	 -1.000000 	 85.037500 	 100.000000
   63 	 -0.500000 	 80.115278 	 100.000000
   64 	 -1.000000 	 80.008333 	 100.000000
   65 	 -1.000000 	 88.341667 	 100.000000
   66 	 -1.000000 	 85.011111 	 100.000000
   67 	 -1.000000 	 81.729167 	 100.000000
   68 	 -1.000000 	 81.713889 	 100.000000
   69 	 -0.500000 	 85.066667 	 100.000000
   70 	 -1.000000 	 78.336111 	 100.000000
   71 	 -1.000000 	 83.336111 	 100.000000
   72 	 -1.000000 	 71.752778 	 100.000000
   73 	 -1.000000 	 80.082103 	 100.000000
   74 	 -0.500000 	 90.020833 	 100.000000
   75 	 -1.000000 	 76.573611 	 100.000000
   76 	 -0.500000 	 83.394444 	 100.000000
   77 	 -0.333333 	 70.071667 	 100.000000
   78 	 -1.000000 	 83.332937 	 100.000000
   79 	 -1.000000 	 84.948611 	 100.000000
 