   0 	 -1.000000 	 -0.126665 	 1.000000
    1 	 -0.500000 	 1.452639 	 100.000000
    2 	 -0.500000 	 81.702500 	 100.000000
    3 	 -1.000000 	 76.609722 	 100.000000
    4 	 -1.000000 	 78.401389 	 100.000000
    5 	 -1.000000 	 79.991667 	 100.000000
    6 	 -1.000000 	 80.034722 	 100.000000
    7 	 -1.000000 	 83.275000 	 100.000000
    8 	 -1.000000 	 73.370833 	 100.000000
    9 	 -1.000000 	 80.045000 	 100.000000
   10 	 -1.000000 	 76.608333 	 100.000000
   11 	 -1.000000 	 73.438889 	 100.000000
   12 	 -1.000000 	 83.336111 	 100.000000
   13 	 -1.000000 	 90.025000 	 100.000000
   14 	 -1.000000 	 84.991667 	 100.000000
   15 	 -1.000000 	 75.012500 	 100.000000
   16 	 -1.000000 	 86.686667 	 100.000000
   17 	 -1.000000 	 83.287500 	 100.000000
   18 	 -1.000000 	 70.069444 	 100.000000
   19 	 -1.000000 	 76.748611 	 100.000000
   20 	 -0.500000 	 79.998056 	 100.000000
   21 	 -1.000000 	 86.590278 	 100.000000
   22 	 -1.000000 	 78.295833 	 100.000000
   23 	 -1.000000 	 86.683333 	 100.000000
   24 	 -0.500000 	 86.708333 	 100.000000
   25 	 -1.000000 	 81.704167 	 100.000000
   26 	 -1.000000 	 86.651389 	 100.000000
   27 	 -1.000000 	 76.683333 	 100.000000
   28 	 -1.000000 	 86.709722 	 100.000000
   29 	 -0.500000 	 88.379167 	 100.000000
   30 	 -1.000000 	 91.670833 	 100.000000
   31 	 -1.000000 	 81.643056 	 100.000000
   32 	 -1.000000 	 76.686111 	 100.000000
   33 	 -0.333333 	 81.751389 	 100.000000
   34 	 -1.000000 	 78.363889 	 100.000000
   35 	 -1.000000 	 81.671667 	 100.000000
   36 	 -1.000000 	 81.670833 	 100.000000
   37 	 -1.000000 	 86.654167 	 100.000000
   38 	 -1.000000 	 76.688056 	 100.000000
   39 	 -1.000000 	 84.991667 	 100.000000
   40 	 -1.000000 	 86.614881 	 100.000000
   41 	 -1.000000 	 78.272222 	 100.000000
   42 	 -1.000000 	 83.309722 	 100.000000
   43 	 -0.500000 	 75.056944 	 100.000000
   44 	 -1.000000 	 84.994444 	 100.000000
   45 	 -1.000000 	 83.301389 	 100.000000
   46 	 -0.500000 	 78.430556 	 100.000000
   47 	 -0.500000 	 85.011111 	 100.000000
   48 	 -1.000000 	 81.650556 	 100.000000
   49 	 -1.000000 	 89.991667 	 100.000000
   50 	 -0.500000 	 83.388889 	 100.000000
   51 	 -1.000000 	 76.740278 	 100.000000
   52 	 -1.000000 	 83.345833 	 100.000000
   53 	 -0.333333 	 83.423611 	 100.000000
   54 	 -1.000000 	 78.343056 	 100.000000
   55 	 -1.000000 	 84.963889 	 100.000000
   56 	 -1.000000 	 80.050000 	 100.000000
   57 	 -1.000000 	 73.364444 	 100.000000
   58 	 -1.000000 	 74.968056 	 100.000000
   59 	 -1.000000 	 76.655556 	 100.000000
   60 	 -1.000000 	 86.644444 	 100.000000
   61 	 -1.000000 	 84.981944 	 100.000000
   62 	 -1.000000 	 80.041667 	 100.000000
   63 	 -1.000000 	 81.683333 	 100.000000
   64 	 -0.333333 	 80.050000 	 100.000000
   65 	 -1.000000 	 81.658889 	 100.000000
   66 	 -1.000000 	 83.397222 	 100.000000
   67 	 -1.000000 	 83.354722 	 100.000000
   68 	 -1.000000 	 86.711111 	 100.000000
   69 	 -0.250000 	 86.734722 	 100.000000
   70 	 -1.000000 	 75.030556 	 100.000000
   71 	 -0.500000 	 83.411111 	 100.000000
   72 	 -1.000000 	 80.038889 	 100.000000
   73 	 -1.000000 	 80.038889 	 100.000000
   74 	 -1.000000 	 83.300000 	 100.000000
   75 	 -1.000000 	 78.301389 	 100.000000
   76 	 -1.000000 	 80.008333 	 100.000000
   77 	 -1.000000 	 76.741667 	 100.000000
   78 	 -1.000000 	 81.644444 	 100.000000
   79 	 -1.000000 	 86.665278 	 100.000000
 