   0 	 -1.000000 	 -0.081397 	 1.000000
    1 	 -0.333333 	 -0.138526 	 -0.071429
    2 	 -0.250000 	 -0.127612 	 -0.111111
    3 	 -0.250000 	 -0.127612 	 -0.111111
    4 	 -0.250000 	 -0.127944 	 -0.090909
    5 	 -0.500000 	 -0.141177 	 -0.083333
    6 	 -1.000000 	 1.225000 	 100.000000
    7 	 -1.000000 	 73.330556 	 100.000000
    8 	 -1.000000 	 81.650000 	 100.000000
    9 	 -0.500000 	 78.325000 	 100.000000
   10 	 -1.000000 	 76.668611 	 100.000000
   11 	 -1.000000 	 80.051389 	 100.000000
   12 	 -0.333333 	 85.048611 	 100.000000
   13 	 -1.000000 	 81.655556 	 100.000000
   14 	 -1.000000 	 83.355556 	 100.000000
   15 	 -0.500000 	 91.687500 	 100.000000
   16 	 -1.000000 	 86.686111 	 100.000000
   17 	 -1.000000 	 78.355556 	 100.000000
   18 	 -1.000000 	 79.954167 	 100.000000
   19 	 -0.500000 	 80.068056 	 100.000000
   20 	 -1.000000 	 83.386111 	 100.000000
   21 	 -1.000000 	 73.333333 	 100.000000
   22 	 -1.000000 	 75.023611 	 100.000000
   23 	 -0.500000 	 76.712897 	 100.000000
   24 	 -1.000000 	 81.684722 	 100.000000
   25 	 -1.000000 	 83.375000 	 100.000000
   26 	 -0.333333 	 90.025000 	 100.000000
   27 	 -1.000000 	 81.712500 	 100.000000
   28 	 -1.000000 	 81.670833 	 100.000000
   29 	 -1.000000 	 88.345833 	 100.000000
   30 	 -1.000000 	 73.281944 	 100.000000
   31 	 -1.000000 	 84.983333 	 100.000000
   32 	 -1.000000 	 66.786667 	 100.000000
   33 	 -1.000000 	 76.707407 	 100.000000
   34 	 -1.000000 	 81.665278 	 100.000000
   35 	 -1.000000 	 78.298611 	 100.000000
   36 	 -1.000000 	 84.995833 	 100.000000
   37 	 -1.000000 	 91.676389 	 100.000000
   38 	 -1.000000 	 78.343452 	 100.000000
   39 	 -1.000000 	 86.680556 	 100.000000
   40 	 -1.000000 	 84.966667 	 100.000000
   41 	 -1.000000 	 76.633333 	 100.000000
   42 	 -1.000000 	 80.056944 	 100.000000
   43 	 -1.000000 	 71.688889 	 100.000000
   44 	 -0.500000 	 91.681548 	 100.000000
   45 	 -1.000000 	 80.066667 	 100.000000
   46 	 -1.000000 	 81.684722 	 100.000000
   47 	 -1.000000 	 86.672222 	 100.000000
   48 	 -1.000000 	 76.651389 	 100.000000
   49 	 -1.000000 	 86.716667 	 100.000000
   50 	 -1.000000 	 78.344444 	 100.000000
   51 	 0.250000 	 90.045833 	 100.000000
   52 	 -1.000000 	 79.927778 	 100.000000
   53 	 -1.000000 	 73.311111 	 100.000000
   54 	 -1.000000 	 86.662500 	 100.000000
   55 	 -1.000000 	 83.326389 	 100.000000
   56 	 -1.000000 	 85.050000 	 100.000000
   57 	 -1.000000 	 78.372222 	 100.000000
   58 	 -1.000000 	 85.011111 	 100.000000
   59 	 -1.000000 	 90.012500 	 100.000000
   60 	 -1.000000 	 76.673056 	 100.000000
   61 	 -1.000000 	 91.625000 	 100.000000
   62 	 -1.000000 	 78.354167 	 100.000000
   63 	 -1.000000 	 86.737500 	 100.000000
   64 	 -1.000000 	 73.250556 	 100.000000
   65 	 -1.000000 	 88.304167 	 100.000000
   66 	 -1.000000 	 79.940278 	 100.000000
   67 	 -1.000000 	 84.913333 	 100.000000
   68 	 -1.000000 	 76.688889 	 100.000000
   69 	 -1.000000 	 83.384722 	 100.000000
   70 	 -1.000000 	 81.688889 	 100.000000
   71 	 -1.000000 	 68.383333 	 100.000000
   72 	 -1.000000 	 80.001944 	 100.000000
   73 	 -1.000000 	 76.681944 	 100.000000
   74 	 -1.000000 	 80.013056 	 100.000000
   75 	 -1.000000 	 81.662500 	 100.000000
   76 	 -1.000000 	 73.310278 	 100.000000
   77 	 -1.000000 	 78.383333 	 100.000000
   78 	 -1.000000 	 83.329167 	 100.000000
   79 	 -1.000000 	 74.961111 	 100.000000
 