   0 	 -1.000000 	 8.343720 	 100.000000
    1 	 -1.000000 	 53.339583 	 100.000000
    2 	 -1.000000 	 43.290119 	 100.000000
    3 	 -1.000000 	 36.646349 	 100.000000
    4 	 -1.000000 	 48.375833 	 100.000000
    5 	 -1.000000 	 51.678889 	 100.000000
    6 	 -1.000000 	 51.642361 	 100.000000
    7 	 -1.000000 	 66.711944 	 100.000000
    8 	 -1.000000 	 61.691548 	 100.000000
    9 	 -1.000000 	 51.643611 	 100.000000
   10 	 -1.000000 	 48.305853 	 100.000000
   11 	 -1.000000 	 58.345833 	 100.000000
   12 	 -1.000000 	 61.664028 	 100.000000
   13 	 -1.000000 	 59.980556 	 100.000000
   14 	 -1.000000 	 46.661806 	 100.000000
   15 	 -1.000000 	 54.957176 	 100.000000
   16 	 -1.000000 	 56.610119 	 100.000000
   17 	 -1.000000 	 56.693889 	 100.000000
   18 	 -1.000000 	 51.699444 	 100.000000
   19 	 -1.000000 	 60.004815 	 100.000000
   20 	 -1.000000 	 61.689048 	 100.000000
   21 	 -1.000000 	 51.700556 	 100.000000
   22 	 -1.000000 	 54.977778 	 100.000000
   23 	 -1.000000 	 58.277480 	 100.000000
   24 	 -1.000000 	 54.939233 	 100.000000
   25 	 -1.000000 	 63.318056 	 100.000000
   26 	 -1.000000 	 44.990278 	 100.000000
   27 	 -1.000000 	 51.603611 	 100.000000
   28 	 -1.000000 	 66.701389 	 100.000000
   29 	 -1.000000 	 54.964167 	 100.000000
   30 	 -1.000000 	 75.035278 	 100.000000
   31 	 -1.000000 	 71.663889 	 100.000000
   32 	 -1.000000 	 74.975833 	 100.000000
   33 	 -1.000000 	 86.629167 	 100.000000
   34 	 -1.000000 	 85.029167 	 100.000000
   35 	 -1.000000 	 69.986667 	 100.000000
   36 	 -1.000000 	 81.637500 	 100.000000
   37 	 -1.000000 	 76.622222 	 100.000000
   38 	 -1.000000 	 83.306944 	 100.000000
   39 	 -1.000000 	 81.615278 	 100.000000
   40 	 -1.000000 	 84.993056 	 100.000000
   41 	 -1.000000 	 84.966667 	 100.000000
   42 	 -1.000000 	 78.271667 	 100.000000
   43 	 -1.000000 	 88.305556 	 100.000000
   44 	 -1.000000 	 85.031389 	 100.000000
   45 	 -1.000000 	 74.940278 	 100.000000
   46 	 -0.500000 	 86.668056 	 100.000000
   47 	 -1.000000 	 79.984167 	 100.000000
   48 	 -1.000000 	 83.337500 	 100.000000
   49 	 -1.000000 	 83.316667 	 100.000000
   50 	 -0.333333 	 83.381944 	 100.000000
   51 	 -0.500000 	 90.016667 	 100.000000
   52 	 -0.500000 	 86.729167 	 100.000000
   53 	 -1.000000 	 86.605000 	 100.000000
   54 	 -1.000000 	 81.611111 	 100.000000
   55 	 -0.500000 	 78.387500 	 100.000000
   56 	 -1.000000 	 83.350000 	 100.000000
   57 	 -1.000000 	 88.308333 	 100.000000
   58 	 -1.000000 	 84.936111 	 100.000000
   59 	 -1.000000 	 81.683889 	 100.000000
   60 	 -1.000000 	 86.647222 	 100.000000
   61 	 -0.333333 	 88.368056 	 100.000000
   62 	 -1.000000 	 84.948611 	 100.000000
   63 	 -1.000000 	 86.668056 	 100.000000
   64 	 -1.000000 	 74.998611 	 100.000000
   65 	 -0.333333 	 86.666944 	 100.000000
   66 	 -0.333333 	 78.370833 	 100.000000
   67 	 -1.000000 	 88.333333 	 100.000000
   68 	 -1.000000 	 81.576389 	 100.000000
   69 	 -1.000000 	 78.331389 	 100.000000
   70 	 -1.000000 	 81.625833 	 100.000000
   71 	 -0.333333 	 93.336111 	 100.000000
   72 	 -1.000000 	 85.011111 	 100.000000
   73 	 -1.000000 	 81.694444 	 100.000000
   74 	 -0.250000 	 88.346230 	 100.000000
   75 	 -1.000000 	 85.009722 	 100.000000
   76 	 -1.000000 	 78.323611 	 100.000000
   77 	 -1.000000 	 83.315278 	 100.000000
   78 	 -1.000000 	 81.689722 	 100.000000
   79 	 -1.000000 	 88.306389 	 100.000000
 