   0 	 -1.000000 	 8.311777 	 100.000000
    1 	 -1.000000 	 55.058333 	 100.000000
    2 	 -1.000000 	 60.044306 	 100.000000
    3 	 -1.000000 	 36.687202 	 100.000000
    4 	 -1.000000 	 50.028611 	 100.000000
    5 	 -1.000000 	 61.651250 	 100.000000
    6 	 -1.000000 	 68.349603 	 100.000000
    7 	 -1.000000 	 58.342063 	 100.000000
    8 	 -1.000000 	 68.343796 	 100.000000
    9 	 -1.000000 	 63.384167 	 100.000000
   10 	 -1.000000 	 64.997500 	 100.000000
   11 	 -1.000000 	 76.648333 	 100.000000
   12 	 -1.000000 	 74.941667 	 100.000000
   13 	 -1.000000 	 68.311111 	 100.000000
   14 	 -1.000000 	 66.657778 	 100.000000
   15 	 -0.500000 	 74.984722 	 100.000000
   16 	 -1.000000 	 83.351389 	 100.000000
   17 	 -0.333333 	 86.694444 	 100.000000
   18 	 -1.000000 	 84.975000 	 100.000000
   19 	 -1.000000 	 86.681111 	 100.000000
   20 	 -0.500000 	 80.050000 	 100.000000
   21 	 -1.000000 	 78.320278 	 100.000000
   22 	 -0.500000 	 85.011111 	 100.000000
   23 	 -0.500000 	 88.363333 	 100.000000
   24 	 -1.000000 	 81.722917 	 100.000000
   25 	 -1.000000 	 83.320833 	 100.000000
   26 	 -0.500000 	 81.702778 	 100.000000
   27 	 -1.000000 	 84.993056 	 100.000000
   28 	 -1.000000 	 81.670833 	 100.000000
   29 	 -1.000000 	 85.027083 	 100.000000
   30 	 -1.000000 	 80.020833 	 100.000000
   31 	 -1.000000 	 89.993056 	 100.000000
   32 	 -1.000000 	 83.322222 	 100.000000
   33 	 -1.000000 	 81.715278 	 100.000000
   34 	 -1.000000 	 75.056944 	 100.000000
   35 	 -1.000000 	 88.314167 	 100.000000
   36 	 -1.000000 	 79.973611 	 100.000000
   37 	 -1.000000 	 84.993889 	 100.000000
   38 	 -1.000000 	 86.652222 	 100.000000
   39 	 -1.000000 	 83.344444 	 100.000000
   40 	 -0.500000 	 80.051389 	 100.000000
   41 	 -0.500000 	 81.706944 	 100.000000
   42 	 -0.250000 	 93.338889 	 100.000000
   43 	 -1.000000 	 85.065278 	 100.000000
   44 	 -0.500000 	 88.375000 	 100.000000
   45 	 -1.000000 	 71.650000 	 100.000000
   46 	 -0.250000 	 93.347222 	 100.000000
   47 	 -0.500000 	 86.698611 	 100.000000
   48 	 -1.000000 	 80.041667 	 100.000000
   49 	 -1.000000 	 83.317500 	 100.000000
   50 	 -1.000000 	 78.358333 	 100.000000
   51 	 -1.000000 	 81.644444 	 100.000000
   52 	 -0.500000 	 88.322222 	 100.000000
   53 	 -0.500000 	 90.016667 	 100.000000
   54 	 -1.000000 	 83.261111 	 100.000000
   55 	 -0.500000 	 86.702778 	 100.000000
   56 	 -1.000000 	 88.347222 	 100.000000
   57 	 -1.000000 	 81.633333 	 100.000000
   58 	 -1.000000 	 89.977778 	 100.000000
   59 	 -1.000000 	 89.958333 	 100.000000
   60 	 -1.000000 	 90.008333 	 100.000000
   61 	 -0.250000 	 85.075000 	 100.000000
   62 	 -1.000000 	 84.997222 	 100.000000
   63 	 -1.000000 	 83.360714 	 100.000000
   64 	 -1.000000 	 86.632500 	 100.000000
   65 	 -1.000000 	 75.015833 	 100.000000
   66 	 -0.333333 	 85.015278 	 100.000000
   67 	 -1.000000 	 91.656389 	 100.000000
   68 	 -1.000000 	 81.697222 	 100.000000
   69 	 -1.000000 	 83.405556 	 100.000000
   70 	 -0.500000 	 83.377778 	 100.000000
   71 	 -0.500000 	 88.370000 	 100.000000
   72 	 -1.000000 	 78.312500 	 100.000000
   73 	 -0.500000 	 79.998214 	 100.000000
   74 	 -1.000000 	 84.986111 	 100.000000
   75 	 -1.000000 	 81.643056 	 100.000000
   76 	 -1.000000 	 86.698611 	 100.000000
   77 	 -1.000000 	 78.393889 	 100.000000
   78 	 -1.000000 	 75.026389 	 100.000000
   79 	 -1.000000 	 80.027778 	 100.000000
 