   0 	 -1.000000 	 3.349708 	 100.000000
    1 	 -1.000000 	 55.107778 	 100.000000
    2 	 -1.000000 	 63.300000 	 100.000000
    3 	 -1.000000 	 51.620992 	 100.000000
    4 	 -1.000000 	 71.629325 	 100.000000
    5 	 -1.000000 	 81.644444 	 100.000000
    6 	 -1.000000 	 83.287500 	 100.000000
    7 	 -1.000000 	 86.626389 	 100.000000
    8 	 -1.000000 	 88.370833 	 100.000000
    9 	 -1.000000 	 83.330556 	 100.000000
   10 	 -1.000000 	 86.606111 	 100.000000
   11 	 -1.000000 	 79.976389 	 100.000000
   12 	 -1.000000 	 73.208333 	 100.000000
   13 	 -1.000000 	 88.273611 	 100.000000
   14 	 -1.000000 	 79.910556 	 100.000000
   15 	 -1.000000 	 76.616667 	 100.000000
   16 	 -1.000000 	 79.990278 	 100.000000
   17 	 -1.000000 	 84.966667 	 100.000000
   18 	 -1.000000 	 84.983333 	 100.000000
   19 	 -1.000000 	 78.305556 	 100.000000
   20 	 -1.000000 	 88.334722 	 100.000000
   21 	 -1.000000 	 83.359722 	 100.000000
   22 	 -1.000000 	 73.313889 	 100.000000
   23 	 -1.000000 	 74.993611 	 100.000000
   24 	 -1.000000 	 81.636111 	 100.000000
   25 	 -1.000000 	 78.302778 	 100.000000
   26 	 -0.333333 	 91.690278 	 100.000000
   27 	 -1.000000 	 85.015278 	 100.000000
   28 	 -1.000000 	 79.979167 	 100.000000
   29 	 -1.000000 	 81.625000 	 100.000000
   30 	 -1.000000 	 81.643750 	 100.000000
   31 	 -1.000000 	 84.999603 	 100.000000
   32 	 -1.000000 	 88.281944 	 100.000000
   33 	 -1.000000 	 78.350000 	 100.000000
   34 	 -1.000000 	 81.577778 	 100.000000
   35 	 -1.000000 	 83.345833 	 100.000000
   36 	 -1.000000 	 83.308333 	 100.000000
   37 	 -1.000000 	 81.604167 	 100.000000
   38 	 -1.000000 	 89.956944 	 100.000000
   39 	 -1.000000 	 83.313889 	 100.000000
   40 	 -1.000000 	 78.338889 	 100.000000
   41 	 -1.000000 	 76.603175 	 100.000000
   42 	 -1.000000 	 91.683333 	 100.000000
   43 	 -1.000000 	 83.327778 	 100.000000
   44 	 -1.000000 	 83.325000 	 100.000000
   45 	 -1.000000 	 79.931944 	 100.000000
   46 	 -1.000000 	 84.984167 	 100.000000
   47 	 -0.500000 	 89.989722 	 100.000000
   48 	 -1.000000 	 79.905556 	 100.000000
   49 	 -1.000000 	 76.640278 	 100.000000
   50 	 -1.000000 	 88.311111 	 100.000000
   51 	 -1.000000 	 81.591667 	 100.000000
   52 	 -1.000000 	 81.613333 	 100.000000
   53 	 -1.000000 	 76.591540 	 100.000000
   54 	 -1.000000 	 83.284722 	 100.000000
   55 	 -1.000000 	 79.888889 	 100.000000
   56 	 -1.000000 	 84.966667 	 100.000000
   57 	 -1.000000 	 93.333333 	 100.000000
   58 	 -1.000000 	 79.968056 	 100.000000
   59 	 -1.000000 	 84.982937 	 100.000000
   60 	 -1.000000 	 81.626389 	 100.000000
   61 	 -1.000000 	 74.972222 	 100.000000
   62 	 -1.000000 	 86.646528 	 100.000000
   63 	 -1.000000 	 83.325000 	 100.000000
   64 	 -1.000000 	 74.952778 	 100.000000
   65 	 -1.000000 	 78.326389 	 100.000000
   66 	 -1.000000 	 71.609167 	 100.000000
   67 	 -1.000000 	 86.612500 	 100.000000
   68 	 -1.000000 	 84.977778 	 100.000000
   69 	 -1.000000 	 83.273611 	 100.000000
   70 	 -1.000000 	 86.629167 	 100.000000
   71 	 -1.000000 	 86.636111 	 100.000000
   72 	 -1.000000 	 83.241667 	 100.000000
   73 	 -1.000000 	 89.968056 	 100.000000
   74 	 -1.000000 	 84.948611 	 100.000000
   75 	 -1.000000 	 74.937500 	 100.000000
   76 	 -1.000000 	 81.662500 	 100.000000
   77 	 -1.000000 	 84.934722 	 100.000000
   78 	 -1.000000 	 83.342500 	 100.000000
   79 	 -1.000000 	 71.561111 	 100.000000
 