   0 	 -1.000000 	 3.273451 	 100.000000
    1 	 -1.000000 	 58.350278 	 100.000000
    2 	 -1.000000 	 56.691204 	 100.000000
    3 	 -1.000000 	 70.023611 	 100.000000
    4 	 -1.000000 	 58.328333 	 100.000000
    5 	 -1.000000 	 53.324306 	 100.000000
    6 	 -1.000000 	 65.027222 	 100.000000
    7 	 -1.000000 	 63.313294 	 100.000000
    8 	 -1.000000 	 65.097361 	 100.000000
    9 	 -1.000000 	 51.588162 	 100.000000
   10 	 -1.000000 	 46.703175 	 100.000000
   11 	 -1.000000 	 61.593056 	 100.000000
   12 	 -1.000000 	 68.290741 	 100.000000
   13 	 -1.000000 	 46.690714 	 100.000000
   14 	 -1.000000 	 56.653333 	 100.000000
   15 	 -1.000000 	 63.351230 	 100.000000
   16 	 -1.000000 	 73.317500 	 100.000000
   17 	 -1.000000 	 58.357810 	 100.000000
   18 	 -1.000000 	 53.298214 	 100.000000
   19 	 -1.000000 	 59.990972 	 100.000000
   20 	 -1.000000 	 68.309167 	 100.000000
   21 	 -1.000000 	 64.943056 	 100.000000
   22 	 -1.000000 	 68.422222 	 100.000000
   23 	 -1.000000 	 71.621667 	 100.000000
   24 	 -1.000000 	 68.422778 	 100.000000
   25 	 -1.000000 	 71.656944 	 100.000000
   26 	 -1.000000 	 66.666667 	 100.000000
   27 	 -1.000000 	 63.352778 	 100.000000
   28 	 -1.000000 	 73.238194 	 100.000000
   29 	 -1.000000 	 63.337500 	 100.000000
   30 	 -1.000000 	 59.981944 	 100.000000
   31 	 -1.000000 	 68.363889 	 100.000000
   32 	 -1.000000 	 76.644444 	 100.000000
   33 	 -1.000000 	 68.298611 	 100.000000
   34 	 -1.000000 	 71.625000 	 100.000000
   35 	 -1.000000 	 78.313889 	 100.000000
   36 	 -1.000000 	 61.548611 	 100.000000
   37 	 -1.000000 	 73.362500 	 100.000000
   38 	 -1.000000 	 76.597222 	 100.000000
   39 	 -1.000000 	 76.663333 	 100.000000
   40 	 -1.000000 	 78.363333 	 100.000000
   41 	 -1.000000 	 63.345278 	 100.000000
   42 	 -1.000000 	 65.016111 	 100.000000
   43 	 -1.000000 	 60.022341 	 100.000000
   44 	 -1.000000 	 61.633730 	 100.000000
   45 	 -1.000000 	 71.619444 	 100.000000
   46 	 -1.000000 	 63.249167 	 100.000000
   47 	 -1.000000 	 63.356852 	 100.000000
   48 	 -0.500000 	 85.059722 	 100.000000
   49 	 -1.000000 	 68.333889 	 100.000000
   50 	 -1.000000 	 74.963889 	 100.000000
   51 	 -1.000000 	 66.654167 	 100.000000
   52 	 -1.000000 	 86.594444 	 100.000000
   53 	 -1.000000 	 76.712500 	 100.000000
   54 	 -1.000000 	 65.010556 	 100.000000
   55 	 -1.000000 	 73.374008 	 100.000000
   56 	 -1.000000 	 74.893056 	 100.000000
   57 	 -1.000000 	 83.312500 	 100.000000
   58 	 -1.000000 	 78.334722 	 100.000000
   59 	 -1.000000 	 88.329563 	 100.000000
   60 	 -1.000000 	 86.687500 	 100.000000
   61 	 -1.000000 	 74.973611 	 100.000000
   62 	 -1.000000 	 76.704167 	 100.000000
   63 	 -1.000000 	 86.629167 	 100.000000
   64 	 -1.000000 	 81.608333 	 100.000000
   65 	 -1.000000 	 79.976389 	 100.000000
   66 	 -1.000000 	 76.616667 	 100.000000
   67 	 -1.000000 	 80.017500 	 100.000000
   68 	 -1.000000 	 79.941667 	 100.000000
   69 	 -1.000000 	 73.240278 	 100.000000
   70 	 -1.000000 	 79.994444 	 100.000000
   71 	 -1.000000 	 76.593056 	 100.000000
   72 	 -1.000000 	 78.300000 	 100.000000
   73 	 -1.000000 	 81.580556 	 100.000000
   74 	 -1.000000 	 89.993056 	 100.000000
   75 	 -1.000000 	 86.604722 	 100.000000
   76 	 -1.000000 	 78.226389 	 100.000000
   77 	 -1.000000 	 76.715278 	 100.000000
   78 	 -1.000000 	 74.923214 	 100.000000
   79 	 -1.000000 	 73.290675 	 100.000000
 