   0 	 -1.000000 	 13.342316 	 100.000000
    1 	 -1.000000 	 34.990165 	 100.000000
    2 	 -1.000000 	 45.056230 	 100.000000
    3 	 -1.000000 	 48.353611 	 100.000000
    4 	 -1.000000 	 41.693194 	 100.000000
    5 	 -1.000000 	 44.923056 	 100.000000
    6 	 -1.000000 	 35.076481 	 100.000000
    7 	 -1.000000 	 51.726984 	 100.000000
    8 	 -1.000000 	 53.353750 	 100.000000
    9 	 -1.000000 	 48.368730 	 100.000000
   10 	 -1.000000 	 48.326944 	 100.000000
   11 	 -1.000000 	 41.631548 	 100.000000
   12 	 -1.000000 	 51.724167 	 100.000000
   13 	 -1.000000 	 46.649167 	 100.000000
   14 	 -1.000000 	 59.984167 	 100.000000
   15 	 -1.000000 	 48.414710 	 100.000000
   16 	 -1.000000 	 48.383360 	 100.000000
   17 	 -1.000000 	 43.372096 	 100.000000
   18 	 -1.000000 	 54.979167 	 100.000000
   19 	 -1.000000 	 71.673611 	 100.000000
   20 	 -1.000000 	 68.421925 	 100.000000
   21 	 -1.000000 	 73.318056 	 100.000000
   22 	 -1.000000 	 76.656944 	 100.000000
   23 	 -1.000000 	 76.648611 	 100.000000
   24 	 -1.000000 	 81.770833 	 100.000000
   25 	 -1.000000 	 78.390278 	 100.000000
   26 	 -1.000000 	 78.272222 	 100.000000
   27 	 -1.000000 	 81.675000 	 100.000000
   28 	 -1.000000 	 81.629722 	 100.000000
   29 	 -1.000000 	 80.049167 	 100.000000
   30 	 -1.000000 	 75.043056 	 100.000000
   31 	 -1.000000 	 78.319444 	 100.000000
   32 	 -1.000000 	 93.347222 	 100.000000
   33 	 -1.000000 	 73.338889 	 100.000000
   34 	 -1.000000 	 79.966667 	 100.000000
   35 	 -1.000000 	 74.969444 	 100.000000
   36 	 -1.000000 	 75.033333 	 100.000000
   37 	 -1.000000 	 78.351389 	 100.000000
   38 	 -1.000000 	 83.347222 	 100.000000
   39 	 -1.000000 	 79.909167 	 100.000000
   40 	 -1.000000 	 88.359722 	 100.000000
   41 	 -1.000000 	 81.687500 	 100.000000
   42 	 -1.000000 	 81.704861 	 100.000000
   43 	 -1.000000 	 86.668056 	 100.000000
   44 	 -1.000000 	 84.981944 	 100.000000
   45 	 -1.000000 	 84.908333 	 100.000000
   46 	 -1.000000 	 84.975000 	 100.000000
   47 	 -1.000000 	 73.393056 	 100.000000
   48 	 -1.000000 	 64.939722 	 100.000000
   49 	 -0.500000 	 75.062500 	 100.000000
   50 	 -1.000000 	 88.334722 	 100.000000
   51 	 -1.000000 	 68.336111 	 100.000000
   52 	 -1.000000 	 81.686250 	 100.000000
   53 	 -1.000000 	 88.341667 	 100.000000
   54 	 -1.000000 	 83.295833 	 100.000000
   55 	 -1.000000 	 85.050000 	 100.000000
   56 	 -1.000000 	 81.595833 	 100.000000
   57 	 -1.000000 	 88.304167 	 100.000000
   58 	 -1.000000 	 85.020833 	 100.000000
   59 	 -1.000000 	 78.384722 	 100.000000
   60 	 -1.000000 	 76.734722 	 100.000000
   61 	 -1.000000 	 78.372222 	 100.000000
   62 	 -1.000000 	 78.366667 	 100.000000
   63 	 -1.000000 	 83.268056 	 100.000000
   64 	 -1.000000 	 81.630952 	 100.000000
   65 	 -1.000000 	 76.647917 	 100.000000
   66 	 -1.000000 	 83.300000 	 100.000000
   67 	 -1.000000 	 73.384722 	 100.000000
   68 	 -1.000000 	 74.920833 	 100.000000
   69 	 -1.000000 	 88.279167 	 100.000000
   70 	 -1.000000 	 81.645833 	 100.000000
   71 	 -1.000000 	 68.344444 	 100.000000
   72 	 -1.000000 	 76.625556 	 100.000000
   73 	 -1.000000 	 76.643056 	 100.000000
   74 	 -1.000000 	 78.387500 	 100.000000
   75 	 -1.000000 	 85.013889 	 100.000000
   76 	 -1.000000 	 78.297222 	 100.000000
   77 	 -1.000000 	 81.677778 	 100.000000
   78 	 -1.000000 	 73.393056 	 100.000000
   79 	 -1.000000 	 73.221389 	 100.000000
 