   0 	 -1.000000 	 18.336985 	 100.000000
    1 	 -1.000000 	 43.275992 	 100.000000
    2 	 -1.000000 	 48.337500 	 100.000000
    3 	 -1.000000 	 68.323313 	 100.000000
    4 	 -1.000000 	 50.070046 	 100.000000
    5 	 -1.000000 	 54.970992 	 100.000000
    6 	 -1.000000 	 54.977870 	 100.000000
    7 	 -1.000000 	 35.057222 	 100.000000
    8 	 -1.000000 	 48.299523 	 100.000000
    9 	 -1.000000 	 65.012500 	 100.000000
   10 	 -1.000000 	 63.295833 	 100.000000
   11 	 -1.000000 	 63.332222 	 100.000000
   12 	 -1.000000 	 74.977778 	 100.000000
   13 	 -1.000000 	 76.620437 	 100.000000
   14 	 -1.000000 	 78.296667 	 100.000000
   15 	 -1.000000 	 86.631389 	 100.000000
   16 	 -1.000000 	 86.598611 	 100.000000
   17 	 -1.000000 	 81.716508 	 100.000000
   18 	 -1.000000 	 83.288889 	 100.000000
   19 	 -1.000000 	 81.656481 	 100.000000
   20 	 -1.000000 	 81.647222 	 100.000000
   21 	 -1.000000 	 81.661944 	 100.000000
   22 	 -0.333333 	 76.742500 	 100.000000
   23 	 -1.000000 	 73.362639 	 100.000000
   24 	 -1.000000 	 84.970833 	 100.000000
   25 	 -1.000000 	 86.670833 	 100.000000
   26 	 -1.000000 	 86.694444 	 100.000000
   27 	 -1.000000 	 78.350833 	 100.000000
   28 	 -1.000000 	 70.043056 	 100.000000
   29 	 -1.000000 	 88.323611 	 100.000000
   30 	 -1.000000 	 76.636111 	 100.000000
   31 	 -1.000000 	 71.701389 	 100.000000
   32 	 -1.000000 	 83.348611 	 100.000000
   33 	 -1.000000 	 83.363889 	 100.000000
   34 	 -1.000000 	 93.316667 	 100.000000
   35 	 -1.000000 	 88.345833 	 100.000000
   36 	 -0.500000 	 80.038333 	 100.000000
   37 	 -0.250000 	 91.684722 	 100.000000
   38 	 -1.000000 	 85.006389 	 100.000000
   39 	 -1.000000 	 83.323611 	 100.000000
   40 	 -1.000000 	 84.987500 	 100.000000
   41 	 -1.000000 	 80.066204 	 100.000000
   42 	 -1.000000 	 86.668056 	 100.000000
   43 	 -0.333333 	 85.031250 	 100.000000
   44 	 -1.000000 	 88.329167 	 100.000000
   45 	 -1.000000 	 83.330000 	 100.000000
   46 	 -1.000000 	 78.416667 	 100.000000
   47 	 -1.000000 	 85.009722 	 100.000000
   48 	 -1.000000 	 88.341667 	 100.000000
   49 	 -1.000000 	 81.656944 	 100.000000
   50 	 -1.000000 	 88.300833 	 100.000000
   51 	 -1.000000 	 81.726389 	 100.000000
   52 	 -1.000000 	 73.321667 	 100.000000
   53 	 -1.000000 	 83.320833 	 100.000000
   54 	 -1.000000 	 79.998611 	 100.000000
   55 	 -1.000000 	 83.312500 	 100.000000
   56 	 -1.000000 	 81.639722 	 100.000000
   57 	 -1.000000 	 76.679167 	 100.000000
   58 	 -1.000000 	 81.630556 	 100.000000
   59 	 -0.500000 	 91.648611 	 100.000000
   60 	 -0.500000 	 83.351389 	 100.000000
   61 	 -0.200000 	 93.367500 	 100.000000
   62 	 -1.000000 	 91.662500 	 100.000000
   63 	 -1.000000 	 80.020536 	 100.000000
   64 	 -1.000000 	 81.646667 	 100.000000
   65 	 -0.500000 	 88.359722 	 100.000000
   66 	 -1.000000 	 84.952778 	 100.000000
   67 	 -1.000000 	 73.327222 	 100.000000
   68 	 -1.000000 	 83.375000 	 100.000000
   69 	 -1.000000 	 73.386111 	 100.000000
   70 	 -0.500000 	 83.341667 	 100.000000
   71 	 -1.000000 	 83.317500 	 100.000000
   72 	 -0.250000 	 85.068056 	 100.000000
   73 	 -1.000000 	 85.005556 	 100.000000
   74 	 -1.000000 	 84.998611 	 100.000000
   75 	 -0.500000 	 75.034563 	 100.000000
   76 	 -1.000000 	 83.325833 	 100.000000
   77 	 -1.000000 	 91.672222 	 100.000000
   78 	 -0.500000 	 91.648611 	 100.000000
   79 	 -0.500000 	 86.708333 	 100.000000
 