   0 	 -1.000000 	 3.368861 	 100.000000
    1 	 -1.000000 	 65.090417 	 100.000000
    2 	 -1.000000 	 55.013889 	 100.000000
    3 	 -1.000000 	 71.739444 	 100.000000
    4 	 -0.500000 	 63.311111 	 100.000000
    5 	 -1.000000 	 86.643056 	 100.000000
    6 	 -1.000000 	 76.668611 	 100.000000
    7 	 -1.000000 	 78.339722 	 100.000000
    8 	 -1.000000 	 88.348611 	 100.000000
    9 	 -1.000000 	 86.651389 	 100.000000
   10 	 -1.000000 	 84.995833 	 100.000000
   11 	 -1.000000 	 88.322222 	 100.000000
   12 	 -0.500000 	 91.672222 	 100.000000
   13 	 -1.000000 	 71.625000 	 100.000000
   14 	 -1.000000 	 86.666667 	 100.000000
   15 	 -1.000000 	 78.343056 	 100.000000
   16 	 -1.000000 	 84.982222 	 100.000000
   17 	 -1.000000 	 86.682778 	 100.000000
   18 	 -1.000000 	 78.323611 	 100.000000
   19 	 -1.000000 	 73.320833 	 100.000000
   20 	 -1.000000 	 83.252222 	 100.000000
   21 	 -1.000000 	 80.027778 	 100.000000
   22 	 -1.000000 	 85.034167 	 100.000000
   23 	 -1.000000 	 76.623056 	 100.000000
   24 	 -1.000000 	 73.267500 	 100.000000
   25 	 -0.250000 	 85.049444 	 100.000000
   26 	 -1.000000 	 78.358333 	 100.000000
   27 	 -1.000000 	 83.394444 	 100.000000
   28 	 -1.000000 	 83.326389 	 100.000000
   29 	 -1.000000 	 86.654167 	 100.000000
   30 	 -1.000000 	 83.354167 	 100.000000
   31 	 -1.000000 	 75.000000 	 100.000000
   32 	 -0.500000 	 86.705556 	 100.000000
   33 	 -1.000000 	 70.026389 	 100.000000
   34 	 -1.000000 	 89.980000 	 100.000000
   35 	 -1.000000 	 88.343056 	 100.000000
   36 	 -1.000000 	 76.690278 	 100.000000
   37 	 -1.000000 	 78.366944 	 100.000000
   38 	 -1.000000 	 86.654167 	 100.000000
   39 	 -1.000000 	 83.359722 	 100.000000
   40 	 -1.000000 	 83.327778 	 100.000000
   41 	 -1.000000 	 83.287500 	 100.000000
   42 	 -1.000000 	 84.980556 	 100.000000
   43 	 -1.000000 	 80.002315 	 100.000000
   44 	 -0.500000 	 85.027778 	 100.000000
   45 	 -1.000000 	 81.726389 	 100.000000
   46 	 -1.000000 	 79.948611 	 100.000000
   47 	 -1.000000 	 71.699444 	 100.000000
   48 	 -1.000000 	 91.642500 	 100.000000
   49 	 -1.000000 	 79.979167 	 100.000000
   50 	 -1.000000 	 79.970833 	 100.000000
   51 	 -1.000000 	 84.973611 	 100.000000
   52 	 -1.000000 	 73.345278 	 100.000000
   53 	 -1.000000 	 86.631389 	 100.000000
   54 	 -1.000000 	 83.350833 	 100.000000
   55 	 -1.000000 	 80.016204 	 100.000000
   56 	 -1.000000 	 83.306944 	 100.000000
   57 	 -1.000000 	 81.635370 	 100.000000
   58 	 -1.000000 	 79.958333 	 100.000000
   59 	 -1.000000 	 81.643056 	 100.000000
   60 	 -1.000000 	 81.644444 	 100.000000
   61 	 -1.000000 	 78.320833 	 100.000000
   62 	 -0.500000 	 86.705556 	 100.000000
   63 	 -1.000000 	 91.641667 	 100.000000
   64 	 -1.000000 	 80.023611 	 100.000000
   65 	 -1.000000 	 83.350000 	 100.000000
   66 	 -1.000000 	 86.605556 	 100.000000
   67 	 -1.000000 	 78.286111 	 100.000000
   68 	 -1.000000 	 85.043056 	 100.000000
   69 	 -1.000000 	 81.662500 	 100.000000
   70 	 -1.000000 	 83.371667 	 100.000000
   71 	 -1.000000 	 81.646944 	 100.000000
   72 	 -1.000000 	 80.044444 	 100.000000
   73 	 -1.000000 	 83.337500 	 100.000000
   74 	 -1.000000 	 73.383611 	 100.000000
   75 	 -1.000000 	 81.648889 	 100.000000
   76 	 -1.000000 	 83.437500 	 100.000000
   77 	 -1.000000 	 91.691667 	 100.000000
   78 	 -1.000000 	 86.672222 	 100.000000
   79 	 -1.000000 	 71.697778 	 100.000000
 