   0 	 -1.000000 	 10.008880 	 100.000000
    1 	 -1.000000 	 41.641786 	 100.000000
    2 	 -1.000000 	 65.070278 	 100.000000
    3 	 -1.000000 	 71.643889 	 100.000000
    4 	 -1.000000 	 78.325278 	 100.000000
    5 	 -1.000000 	 69.992222 	 100.000000
    6 	 -1.000000 	 58.308333 	 100.000000
    7 	 -1.000000 	 56.610251 	 100.000000
    8 	 -1.000000 	 71.633333 	 100.000000
    9 	 -1.000000 	 68.304167 	 100.000000
   10 	 -1.000000 	 78.327619 	 100.000000
   11 	 -1.000000 	 83.341667 	 100.000000
   12 	 -1.000000 	 85.006111 	 100.000000
   13 	 -1.000000 	 78.263889 	 100.000000
   14 	 -1.000000 	 81.665278 	 100.000000
   15 	 -1.000000 	 79.980000 	 100.000000
   16 	 -1.000000 	 91.633333 	 100.000000
   17 	 -1.000000 	 71.738492 	 100.000000
   18 	 -1.000000 	 91.638889 	 100.000000
   19 	 -0.500000 	 80.062500 	 100.000000
   20 	 -1.000000 	 86.612500 	 100.000000
   21 	 -1.000000 	 83.354167 	 100.000000
   22 	 -0.500000 	 86.672222 	 100.000000
   23 	 -1.000000 	 85.012500 	 100.000000
   24 	 -1.000000 	 81.631944 	 100.000000
   25 	 -1.000000 	 76.650694 	 100.000000
   26 	 -1.000000 	 83.325000 	 100.000000
   27 	 -1.000000 	 83.269444 	 100.000000
   28 	 -1.000000 	 73.314722 	 100.000000
   29 	 -1.000000 	 83.261111 	 100.000000
   30 	 -1.000000 	 76.593056 	 100.000000
   31 	 -1.000000 	 83.332071 	 100.000000
   32 	 -0.500000 	 80.009028 	 100.000000
   33 	 -0.250000 	 86.758333 	 100.000000
   34 	 -1.000000 	 78.369444 	 100.000000
   35 	 -0.333333 	 73.389722 	 100.000000
   36 	 -1.000000 	 83.412500 	 100.000000
   37 	 -0.250000 	 90.020833 	 100.000000
   38 	 -1.000000 	 74.970437 	 100.000000
   39 	 -1.000000 	 90.011111 	 100.000000
   40 	 -1.000000 	 84.984722 	 100.000000
   41 	 -1.000000 	 78.319444 	 100.000000
   42 	 -0.333333 	 83.380833 	 100.000000
   43 	 -0.500000 	 88.401389 	 100.000000
   44 	 -0.500000 	 85.016111 	 100.000000
   45 	 -1.000000 	 76.656389 	 100.000000
   46 	 -1.000000 	 74.913889 	 100.000000
   47 	 -1.000000 	 84.995278 	 100.000000
   48 	 -1.000000 	 79.981389 	 100.000000
   49 	 -1.000000 	 70.011508 	 100.000000
   50 	 -1.000000 	 91.605556 	 100.000000
   51 	 -1.000000 	 75.061111 	 100.000000
   52 	 -1.000000 	 79.991667 	 100.000000
   53 	 -1.000000 	 81.668056 	 100.000000
   54 	 -1.000000 	 89.986111 	 100.000000
   55 	 -0.500000 	 76.684722 	 100.000000
   56 	 -1.000000 	 84.972222 	 100.000000
   57 	 -1.000000 	 84.962500 	 100.000000
   58 	 -1.000000 	 74.968056 	 100.000000
   59 	 -1.000000 	 81.669444 	 100.000000
   60 	 -1.000000 	 83.416111 	 100.000000
   61 	 -1.000000 	 79.986944 	 100.000000
   62 	 -1.000000 	 83.320833 	 100.000000
   63 	 -1.000000 	 75.066667 	 100.000000
   64 	 -1.000000 	 73.338889 	 100.000000
   65 	 -1.000000 	 91.673611 	 100.000000
   66 	 -1.000000 	 76.718889 	 100.000000
   67 	 -0.500000 	 81.733889 	 100.000000
   68 	 -1.000000 	 89.993056 	 100.000000
   69 	 -1.000000 	 83.293056 	 100.000000
   70 	 -1.000000 	 75.016667 	 100.000000
   71 	 -1.000000 	 81.695833 	 100.000000
   72 	 -0.500000 	 83.322222 	 100.000000
   73 	 -1.000000 	 80.005556 	 100.000000
   74 	 -1.000000 	 88.334722 	 100.000000
   75 	 -1.000000 	 83.320000 	 100.000000
   76 	 -1.000000 	 74.964286 	 100.000000
   77 	 -0.250000 	 90.025000 	 100.000000
   78 	 -1.000000 	 86.623611 	 100.000000
   79 	 -1.000000 	 91.662500 	 100.000000
 