   0 	 -1.000000 	 8.267137 	 100.000000
    1 	 -1.000000 	 58.352659 	 100.000000
    2 	 -1.000000 	 48.460556 	 100.000000
    3 	 -1.000000 	 44.997897 	 100.000000
    4 	 -1.000000 	 45.037500 	 100.000000
    5 	 -1.000000 	 50.002778 	 100.000000
    6 	 -1.000000 	 63.359722 	 100.000000
    7 	 -1.000000 	 50.070556 	 100.000000
    8 	 -1.000000 	 76.712937 	 100.000000
    9 	 -1.000000 	 71.722222 	 100.000000
   10 	 -0.333333 	 85.016667 	 100.000000
   11 	 -1.000000 	 63.362500 	 100.000000
   12 	 -1.000000 	 76.696667 	 100.000000
   13 	 -1.000000 	 73.376944 	 100.000000
   14 	 -1.000000 	 71.711944 	 100.000000
   15 	 -1.000000 	 74.989722 	 100.000000
   16 	 -1.000000 	 78.372500 	 100.000000
   17 	 -1.000000 	 84.988889 	 100.000000
   18 	 -1.000000 	 83.374444 	 100.000000
   19 	 -1.000000 	 75.031944 	 100.000000
   20 	 -1.000000 	 76.659722 	 100.000000
   21 	 -1.000000 	 88.370000 	 100.000000
   22 	 -1.000000 	 80.016111 	 100.000000
   23 	 -1.000000 	 88.380556 	 100.000000
   24 	 -1.000000 	 80.042500 	 100.000000
   25 	 -0.333333 	 85.068056 	 100.000000
   26 	 -1.000000 	 81.692500 	 100.000000
   27 	 -1.000000 	 71.695278 	 100.000000
   28 	 -0.333333 	 83.395833 	 100.000000
   29 	 -1.000000 	 81.701389 	 100.000000
   30 	 -1.000000 	 81.716667 	 100.000000
   31 	 -0.333333 	 85.063889 	 100.000000
   32 	 -1.000000 	 84.964167 	 100.000000
   33 	 -1.000000 	 85.024444 	 100.000000
   34 	 -0.250000 	 85.046667 	 100.000000
   35 	 -1.000000 	 80.012500 	 100.000000
   36 	 -0.333333 	 85.070278 	 100.000000
   37 	 -0.500000 	 93.334722 	 100.000000
   38 	 -1.000000 	 81.700000 	 100.000000
   39 	 -1.000000 	 79.981944 	 100.000000
   40 	 -0.200000 	 96.680000 	 100.000000
   41 	 -1.000000 	 80.092222 	 100.000000
   42 	 -0.333333 	 85.066667 	 100.000000
   43 	 -0.250000 	 86.718889 	 100.000000
   44 	 -0.500000 	 91.661667 	 100.000000
   45 	 -1.000000 	 80.036944 	 100.000000
   46 	 -0.250000 	 88.396667 	 100.000000
   47 	 -1.000000 	 88.321667 	 100.000000
   48 	 -1.000000 	 85.036111 	 100.000000
   49 	 -0.250000 	 80.102778 	 100.000000
   50 	 -1.000000 	 86.656944 	 100.000000
   51 	 -1.000000 	 83.303611 	 100.000000
   52 	 -1.000000 	 80.109722 	 100.000000
   53 	 -1.000000 	 80.012870 	 100.000000
   54 	 -1.000000 	 81.682083 	 100.000000
   55 	 -0.250000 	 88.397222 	 100.000000
   56 	 -0.166667 	 88.401389 	 100.000000
   57 	 -0.250000 	 85.068056 	 100.000000
   58 	 -1.000000 	 86.685556 	 100.000000
   59 	 -1.000000 	 86.675833 	 100.000000
   60 	 -1.000000 	 83.332222 	 100.000000
   61 	 -0.333333 	 86.720278 	 100.000000
   62 	 -0.333333 	 81.701389 	 100.000000
   63 	 -0.200000 	 83.409167 	 100.000000
   64 	 -1.000000 	 89.993889 	 100.000000
   65 	 -1.000000 	 88.331944 	 100.000000
   66 	 -1.000000 	 81.711944 	 100.000000
   67 	 -1.000000 	 86.736111 	 100.000000
   68 	 -0.250000 	 85.072222 	 100.000000
   69 	 -1.000000 	 80.022500 	 100.000000
   70 	 -1.000000 	 83.400000 	 100.000000
   71 	 -0.250000 	 85.080556 	 100.000000
   72 	 -0.250000 	 88.398611 	 100.000000
   73 	 -0.250000 	 93.379167 	 100.000000
   74 	 -1.000000 	 80.015278 	 100.000000
   75 	 -1.000000 	 81.670833 	 100.000000
   76 	 -1.000000 	 76.708333 	 100.000000
   77 	 -1.000000 	 86.681389 	 100.000000
   78 	 -1.000000 	 85.009722 	 100.000000
   79 	 -0.250000 	 78.406825 	 100.000000
 