   0 	 -1.000000 	 8.336152 	 100.000000
    1 	 -1.000000 	 39.963492 	 100.000000
    2 	 -1.000000 	 38.380509 	 100.000000
    3 	 -1.000000 	 53.349537 	 100.000000
    4 	 -0.500000 	 56.722222 	 100.000000
    5 	 -1.000000 	 63.319325 	 100.000000
    6 	 -1.000000 	 66.706389 	 100.000000
    7 	 -1.000000 	 66.710556 	 100.000000
    8 	 -1.000000 	 64.997222 	 100.000000
    9 	 -0.500000 	 80.030556 	 100.000000
   10 	 -1.000000 	 81.659722 	 100.000000
   11 	 -1.000000 	 75.075833 	 100.000000
   12 	 -1.000000 	 76.614722 	 100.000000
   13 	 -1.000000 	 85.032937 	 100.000000
   14 	 -1.000000 	 88.358333 	 100.000000
   15 	 -1.000000 	 81.708333 	 100.000000
   16 	 -1.000000 	 78.373889 	 100.000000
   17 	 -1.000000 	 86.695278 	 100.000000
   18 	 -1.000000 	 88.334722 	 100.000000
   19 	 -1.000000 	 90.016204 	 100.000000
   20 	 -1.000000 	 73.448056 	 100.000000
   21 	 -1.000000 	 83.335000 	 100.000000
   22 	 -1.000000 	 80.087500 	 100.000000
   23 	 -0.500000 	 83.357500 	 100.000000
   24 	 -0.250000 	 81.756389 	 100.000000
   25 	 -1.000000 	 81.711111 	 100.000000
   26 	 -0.500000 	 83.411667 	 100.000000
   27 	 -1.000000 	 83.382778 	 100.000000
   28 	 -1.000000 	 83.384167 	 100.000000
   29 	 -1.000000 	 80.091667 	 100.000000
   30 	 -1.000000 	 76.691667 	 100.000000
   31 	 -1.000000 	 81.709167 	 100.000000
   32 	 -1.000000 	 76.729167 	 100.000000
   33 	 -1.000000 	 66.714167 	 100.000000
   34 	 -0.500000 	 83.329167 	 100.000000
   35 	 -0.250000 	 80.099444 	 100.000000
   36 	 -0.500000 	 76.759167 	 100.000000
   37 	 -1.000000 	 80.008611 	 100.000000
   38 	 -1.000000 	 85.000000 	 100.000000
   39 	 -1.000000 	 85.034722 	 100.000000
   40 	 -1.000000 	 86.682778 	 100.000000
   41 	 -0.500000 	 83.380556 	 100.000000
   42 	 -1.000000 	 89.970833 	 100.000000
   43 	 -0.250000 	 73.383056 	 100.000000
   44 	 -1.000000 	 83.359722 	 100.000000
   45 	 -1.000000 	 90.005000 	 100.000000
   46 	 -1.000000 	 85.043750 	 100.000000
   47 	 -1.000000 	 86.672222 	 100.000000
   48 	 -1.000000 	 73.333333 	 100.000000
   49 	 -1.000000 	 90.000833 	 100.000000
   50 	 -0.500000 	 86.680000 	 100.000000
   51 	 -1.000000 	 81.733889 	 100.000000
   52 	 -0.200000 	 88.405000 	 100.000000
   53 	 -1.000000 	 78.354167 	 100.000000
   54 	 -0.250000 	 90.039722 	 100.000000
   55 	 -1.000000 	 81.689167 	 100.000000
   56 	 -1.000000 	 84.984167 	 100.000000
   57 	 -0.500000 	 84.998056 	 100.000000
   58 	 -1.000000 	 76.700278 	 100.000000
   59 	 -1.000000 	 73.428333 	 100.000000
   60 	 -0.500000 	 86.670278 	 100.000000
   61 	 -1.000000 	 89.993056 	 100.000000
   62 	 -0.500000 	 73.415556 	 100.000000
   63 	 -1.000000 	 81.695833 	 100.000000
   64 	 -1.000000 	 85.036944 	 100.000000
   65 	 -1.000000 	 73.337341 	 100.000000
   66 	 -1.000000 	 76.691389 	 100.000000
   67 	 -1.000000 	 81.694722 	 100.000000
   68 	 -1.000000 	 75.000000 	 100.000000
   69 	 -1.000000 	 84.991111 	 100.000000
   70 	 -1.000000 	 83.373889 	 100.000000
   71 	 -1.000000 	 66.666878 	 100.000000
   72 	 -0.500000 	 85.029444 	 100.000000
   73 	 -1.000000 	 76.630833 	 100.000000
   74 	 -0.250000 	 86.750000 	 100.000000
   75 	 -1.000000 	 81.615278 	 100.000000
   76 	 -1.000000 	 83.376389 	 100.000000
   77 	 -1.000000 	 85.036667 	 100.000000
   78 	 -1.000000 	 86.685556 	 100.000000
   79 	 -1.000000 	 83.364722 	 100.000000
 