   0 	 -1.000000 	 3.373915 	 100.000000
    1 	 -1.000000 	 43.376594 	 100.000000
    2 	 -1.000000 	 68.347963 	 100.000000
    3 	 -1.000000 	 64.984008 	 100.000000
    4 	 -1.000000 	 74.990833 	 100.000000
    5 	 -1.000000 	 56.649980 	 100.000000
    6 	 -0.500000 	 83.329306 	 100.000000
    7 	 -1.000000 	 64.976111 	 100.000000
    8 	 -1.000000 	 78.343492 	 100.000000
    9 	 -1.000000 	 68.301944 	 100.000000
   10 	 -1.000000 	 84.962500 	 100.000000
   11 	 -0.333333 	 90.010278 	 100.000000
   12 	 -1.000000 	 81.695000 	 100.000000
   13 	 -1.000000 	 83.336111 	 100.000000
   14 	 -1.000000 	 88.367063 	 100.000000
   15 	 -1.000000 	 83.324167 	 100.000000
   16 	 -1.000000 	 83.369444 	 100.000000
   17 	 -1.000000 	 86.668889 	 100.000000
   18 	 -0.500000 	 88.338056 	 100.000000
   19 	 -1.000000 	 84.979167 	 100.000000
   20 	 -1.000000 	 76.631111 	 100.000000
   21 	 -1.000000 	 76.782500 	 100.000000
   22 	 -1.000000 	 79.972222 	 100.000000
   23 	 -1.000000 	 81.656667 	 100.000000
   24 	 -1.000000 	 86.650000 	 100.000000
   25 	 -0.333333 	 85.034167 	 100.000000
   26 	 -1.000000 	 74.976389 	 100.000000
   27 	 -0.333333 	 88.373056 	 100.000000
   28 	 -1.000000 	 85.018889 	 100.000000
   29 	 -1.000000 	 81.702778 	 100.000000
   30 	 -1.000000 	 78.318611 	 100.000000
   31 	 -1.000000 	 74.995833 	 100.000000
   32 	 -1.000000 	 81.649722 	 100.000000
   33 	 -1.000000 	 81.673611 	 100.000000
   34 	 -1.000000 	 71.613333 	 100.000000
   35 	 -1.000000 	 74.973889 	 100.000000
   36 	 -1.000000 	 78.319444 	 100.000000
   37 	 -0.500000 	 86.681111 	 100.000000
   38 	 -1.000000 	 83.372222 	 100.000000
   39 	 -1.000000 	 71.763889 	 100.000000
   40 	 -1.000000 	 71.677778 	 100.000000
   41 	 -1.000000 	 81.651389 	 100.000000
   42 	 -1.000000 	 81.638889 	 100.000000
   43 	 -1.000000 	 76.648056 	 100.000000
   44 	 -1.000000 	 76.635278 	 100.000000
   45 	 -1.000000 	 71.714444 	 100.000000
   46 	 -1.000000 	 78.342917 	 100.000000
   47 	 -1.000000 	 89.961111 	 100.000000
   48 	 -1.000000 	 85.002500 	 100.000000
   49 	 -1.000000 	 86.682500 	 100.000000
   50 	 -0.500000 	 85.043056 	 100.000000
   51 	 -0.500000 	 80.064167 	 100.000000
   52 	 -1.000000 	 81.696389 	 100.000000
   53 	 -0.250000 	 90.023333 	 100.000000
   54 	 -1.000000 	 81.701389 	 100.000000
   55 	 -0.500000 	 90.006944 	 100.000000
   56 	 -1.000000 	 75.060556 	 100.000000
   57 	 -1.000000 	 81.662963 	 100.000000
   58 	 -1.000000 	 79.960556 	 100.000000
   59 	 -1.000000 	 73.315833 	 100.000000
   60 	 -0.500000 	 80.047778 	 100.000000
   61 	 -1.000000 	 75.031389 	 100.000000
   62 	 -1.000000 	 85.001944 	 100.000000
   63 	 -1.000000 	 81.698611 	 100.000000
   64 	 -1.000000 	 74.972778 	 100.000000
   65 	 -1.000000 	 80.063333 	 100.000000
   66 	 -1.000000 	 73.257500 	 100.000000
   67 	 -0.500000 	 76.672222 	 100.000000
   68 	 -1.000000 	 84.970833 	 100.000000
   69 	 -1.000000 	 91.678889 	 100.000000
   70 	 -1.000000 	 83.358889 	 100.000000
   71 	 -1.000000 	 79.975556 	 100.000000
   72 	 -1.000000 	 83.308333 	 100.000000
   73 	 -1.000000 	 73.267500 	 100.000000
   74 	 -1.000000 	 81.639841 	 100.000000
   75 	 -1.000000 	 84.970833 	 100.000000
   76 	 -1.000000 	 83.333611 	 100.000000
   77 	 -1.000000 	 79.991667 	 100.000000
   78 	 -1.000000 	 81.650000 	 100.000000
   79 	 -1.000000 	 84.988611 	 100.000000
 