   0 	 -1.000000 	 11.619648 	 100.000000
    1 	 -1.000000 	 50.007341 	 100.000000
    2 	 -1.000000 	 44.950556 	 100.000000
    3 	 -1.000000 	 50.025298 	 100.000000
    4 	 -1.000000 	 46.653770 	 100.000000
    5 	 -1.000000 	 46.694444 	 100.000000
    6 	 -1.000000 	 48.317222 	 100.000000
    7 	 -1.000000 	 58.308333 	 100.000000
    8 	 -1.000000 	 66.675126 	 100.000000
    9 	 -1.000000 	 78.345139 	 100.000000
   10 	 -1.000000 	 73.295000 	 100.000000
   11 	 -1.000000 	 73.288889 	 100.000000
   12 	 -1.000000 	 71.591667 	 100.000000
   13 	 -1.000000 	 81.631944 	 100.000000
   14 	 -1.000000 	 83.319444 	 100.000000
   15 	 -1.000000 	 76.555556 	 100.000000
   16 	 -1.000000 	 84.947222 	 100.000000
   17 	 -1.000000 	 81.686111 	 100.000000
   18 	 -1.000000 	 81.705556 	 100.000000
   19 	 -1.000000 	 73.272222 	 100.000000
   20 	 -1.000000 	 76.654167 	 100.000000
   21 	 -1.000000 	 86.609722 	 100.000000
   22 	 -1.000000 	 90.020833 	 100.000000
   23 	 -1.000000 	 86.644444 	 100.000000
   24 	 -1.000000 	 78.322222 	 100.000000
   25 	 -1.000000 	 73.318889 	 100.000000
   26 	 -1.000000 	 88.337500 	 100.000000
   27 	 -1.000000 	 83.301389 	 100.000000
   28 	 -1.000000 	 76.622222 	 100.000000
   29 	 -1.000000 	 80.000000 	 100.000000
   30 	 -1.000000 	 91.623611 	 100.000000
   31 	 -1.000000 	 84.986111 	 100.000000
   32 	 -0.500000 	 83.348611 	 100.000000
   33 	 -1.000000 	 85.010556 	 100.000000
   34 	 -1.000000 	 83.331944 	 100.000000
   35 	 -1.000000 	 76.712897 	 100.000000
   36 	 -1.000000 	 81.670833 	 100.000000
   37 	 -1.000000 	 81.627222 	 100.000000
   38 	 -1.000000 	 76.631389 	 100.000000
   39 	 -1.000000 	 81.664444 	 100.000000
   40 	 -1.000000 	 86.702778 	 100.000000
   41 	 -1.000000 	 73.332778 	 100.000000
   42 	 -1.000000 	 84.938194 	 100.000000
   43 	 -1.000000 	 83.309722 	 100.000000
   44 	 -1.000000 	 73.277778 	 100.000000
   45 	 -1.000000 	 89.970278 	 100.000000
   46 	 -0.500000 	 90.019444 	 100.000000
   47 	 -1.000000 	 76.609722 	 100.000000
   48 	 -1.000000 	 88.340278 	 100.000000
   49 	 -1.000000 	 84.993889 	 100.000000
   50 	 -1.000000 	 78.306389 	 100.000000
   51 	 -1.000000 	 83.347222 	 100.000000
   52 	 -1.000000 	 83.262500 	 100.000000
   53 	 -1.000000 	 81.658333 	 100.000000
   54 	 -1.000000 	 80.021389 	 100.000000
   55 	 -1.000000 	 81.644444 	 100.000000
   56 	 -1.000000 	 78.220833 	 100.000000
   57 	 0.500000 	 95.033333 	 100.000000
   58 	 -1.000000 	 84.988889 	 100.000000
   59 	 -1.000000 	 81.684722 	 100.000000
   60 	 -1.000000 	 79.977222 	 100.000000
   61 	 -1.000000 	 81.615278 	 100.000000
   62 	 -1.000000 	 88.291667 	 100.000000
   63 	 -1.000000 	 86.615278 	 100.000000
   64 	 -1.000000 	 84.957778 	 100.000000
   65 	 -1.000000 	 83.362500 	 100.000000
   66 	 -1.000000 	 73.256250 	 100.000000
   67 	 -0.333333 	 78.371667 	 100.000000
   68 	 -1.000000 	 71.593889 	 100.000000
   69 	 -1.000000 	 81.570833 	 100.000000
   70 	 -0.250000 	 88.353056 	 100.000000
   71 	 -1.000000 	 78.270833 	 100.000000
   72 	 -1.000000 	 76.620833 	 100.000000
   73 	 -1.000000 	 88.316667 	 100.000000
   74 	 -1.000000 	 81.681944 	 100.000000
   75 	 -1.000000 	 76.640278 	 100.000000
   76 	 -1.000000 	 78.330000 	 100.000000
   77 	 -1.000000 	 80.008333 	 100.000000
   78 	 -1.000000 	 83.334722 	 100.000000
   79 	 -1.000000 	 81.689444 	 100.000000
 