   0 	 -1.000000 	 3.358846 	 100.000000
    1 	 -0.500000 	 55.121991 	 100.000000
    2 	 -1.000000 	 65.009325 	 100.000000
    3 	 -1.000000 	 53.310582 	 100.000000
    4 	 -1.000000 	 44.991250 	 100.000000
    5 	 -1.000000 	 76.719444 	 100.000000
    6 	 -1.000000 	 48.378591 	 100.000000
    7 	 -1.000000 	 75.040833 	 100.000000
    8 	 -0.500000 	 75.055000 	 100.000000
    9 	 -1.000000 	 83.363889 	 100.000000
   10 	 -1.000000 	 70.044444 	 100.000000
   11 	 -1.000000 	 81.654167 	 100.000000
   12 	 -0.250000 	 90.012500 	 100.000000
   13 	 -1.000000 	 84.984722 	 100.000000
   14 	 -1.000000 	 80.029167 	 100.000000
   15 	 -1.000000 	 81.711944 	 100.000000
   16 	 -0.250000 	 88.389286 	 100.000000
   17 	 -0.500000 	 86.691111 	 100.000000
   18 	 -0.333333 	 80.068056 	 100.000000
   19 	 -1.000000 	 83.336944 	 100.000000
   20 	 -1.000000 	 78.379167 	 100.000000
   21 	 -1.000000 	 91.641667 	 100.000000
   22 	 -0.333333 	 70.044444 	 100.000000
   23 	 -1.000000 	 81.690278 	 100.000000
   24 	 -1.000000 	 86.679167 	 100.000000
   25 	 -0.333333 	 83.394444 	 100.000000
   26 	 -1.000000 	 86.686111 	 100.000000
   27 	 -1.000000 	 88.322222 	 100.000000
   28 	 -1.000000 	 76.651944 	 100.000000
   29 	 -0.333333 	 86.720833 	 100.000000
   30 	 -1.000000 	 80.070833 	 100.000000
   31 	 -1.000000 	 71.753056 	 100.000000
   32 	 -1.000000 	 76.648056 	 100.000000
   33 	 -1.000000 	 70.029167 	 100.000000
   34 	 -0.500000 	 88.356944 	 100.000000
   35 	 -1.000000 	 83.320833 	 100.000000
   36 	 -1.000000 	 81.678611 	 100.000000
   37 	 -1.000000 	 86.679167 	 100.000000
   38 	 -0.500000 	 80.004167 	 100.000000
   39 	 -0.250000 	 90.042361 	 100.000000
   40 	 -1.000000 	 71.689286 	 100.000000
   41 	 -1.000000 	 80.030000 	 100.000000
   42 	 -0.500000 	 88.359722 	 100.000000
   43 	 -1.000000 	 80.009722 	 100.000000
   44 	 -1.000000 	 83.384167 	 100.000000
   45 	 -0.500000 	 89.998611 	 100.000000
   46 	 -0.500000 	 81.719444 	 100.000000
   47 	 -1.000000 	 81.704167 	 100.000000
   48 	 -0.500000 	 81.681944 	 100.000000
   49 	 -0.500000 	 88.350000 	 100.000000
   50 	 -0.250000 	 86.723611 	 100.000000
   51 	 -1.000000 	 83.279167 	 100.000000
   52 	 -1.000000 	 76.734325 	 100.000000
   53 	 -1.000000 	 85.006944 	 100.000000
   54 	 -1.000000 	 85.016667 	 100.000000
   55 	 -1.000000 	 81.628611 	 100.000000
   56 	 -1.000000 	 83.361111 	 100.000000
   57 	 -1.000000 	 85.050000 	 100.000000
   58 	 -1.000000 	 86.681250 	 100.000000
   59 	 -1.000000 	 84.996667 	 100.000000
   60 	 -1.000000 	 69.991111 	 100.000000
   61 	 -1.000000 	 86.659722 	 100.000000
   62 	 -1.000000 	 86.723611 	 100.000000
   63 	 -0.333333 	 83.444444 	 100.000000
   64 	 -1.000000 	 83.356944 	 100.000000
   65 	 -0.500000 	 85.048056 	 100.000000
   66 	 -1.000000 	 79.990417 	 100.000000
   67 	 -0.250000 	 85.084722 	 100.000000
   68 	 -0.250000 	 85.012500 	 100.000000
   69 	 -1.000000 	 81.730556 	 100.000000
   70 	 -1.000000 	 88.343056 	 100.000000
   71 	 -0.500000 	 86.716667 	 100.000000
   72 	 -1.000000 	 86.680556 	 100.000000
   73 	 -1.000000 	 83.369444 	 100.000000
   74 	 -1.000000 	 76.668056 	 100.000000
   75 	 -0.500000 	 88.379167 	 100.000000
   76 	 -1.000000 	 83.304167 	 100.000000
   77 	 -1.000000 	 85.026389 	 100.000000
   78 	 -1.000000 	 80.051944 	 100.000000
   79 	 -0.500000 	 83.381944 	 100.000000
 