   0 	 -1.000000 	 11.684484 	 100.000000
    1 	 -1.000000 	 38.250278 	 100.000000
    2 	 -1.000000 	 45.001944 	 100.000000
    3 	 -1.000000 	 40.022156 	 100.000000
    4 	 -1.000000 	 44.994167 	 100.000000
    5 	 -1.000000 	 38.364306 	 100.000000
    6 	 -1.000000 	 41.678128 	 100.000000
    7 	 -1.000000 	 53.324603 	 100.000000
    8 	 -1.000000 	 59.996389 	 100.000000
    9 	 -1.000000 	 53.308333 	 100.000000
   10 	 -1.000000 	 75.005093 	 100.000000
   11 	 -1.000000 	 63.393816 	 100.000000
   12 	 -1.000000 	 70.009722 	 100.000000
   13 	 -1.000000 	 78.405556 	 100.000000
   14 	 -0.500000 	 86.704722 	 100.000000
   15 	 -0.333333 	 91.680397 	 100.000000
   16 	 -1.000000 	 86.684722 	 100.000000
   17 	 -1.000000 	 83.348611 	 100.000000
   18 	 -1.000000 	 85.006944 	 100.000000
   19 	 -0.333333 	 83.386111 	 100.000000
   20 	 -1.000000 	 73.319444 	 100.000000
   21 	 -1.000000 	 81.685556 	 100.000000
   22 	 -1.000000 	 78.404167 	 100.000000
   23 	 -1.000000 	 71.616667 	 100.000000
   24 	 -1.000000 	 78.369444 	 100.000000
   25 	 -1.000000 	 78.370833 	 100.000000
   26 	 -0.500000 	 80.068056 	 100.000000
   27 	 -1.000000 	 81.686389 	 100.000000
   28 	 0.250000 	 91.729167 	 100.000000
   29 	 -1.000000 	 85.011806 	 100.000000
   30 	 -0.333333 	 85.075000 	 100.000000
   31 	 -1.000000 	 80.081944 	 100.000000
   32 	 -1.000000 	 76.699444 	 100.000000
   33 	 -1.000000 	 73.434167 	 100.000000
   34 	 -1.000000 	 78.326786 	 100.000000
   35 	 -0.333333 	 80.070833 	 100.000000
   36 	 -1.000000 	 86.720833 	 100.000000
   37 	 -1.000000 	 78.375000 	 100.000000
   38 	 -1.000000 	 76.701389 	 100.000000
   39 	 -1.000000 	 76.770833 	 100.000000
   40 	 -1.000000 	 74.915278 	 100.000000
   41 	 -1.000000 	 80.019444 	 100.000000
   42 	 -1.000000 	 75.115278 	 100.000000
   43 	 -1.000000 	 75.030556 	 100.000000
   44 	 -1.000000 	 78.415278 	 100.000000
   45 	 -1.000000 	 80.036111 	 100.000000
   46 	 -1.000000 	 78.377778 	 100.000000
   47 	 -0.500000 	 75.084722 	 100.000000
   48 	 -1.000000 	 70.000000 	 100.000000
   49 	 -1.000000 	 83.319444 	 100.000000
   50 	 -1.000000 	 84.972222 	 100.000000
   51 	 -1.000000 	 81.724444 	 100.000000
   52 	 -0.500000 	 81.738889 	 100.000000
   53 	 -1.000000 	 81.675000 	 100.000000
   54 	 -1.000000 	 81.679167 	 100.000000
   55 	 -1.000000 	 90.025000 	 100.000000
   56 	 -0.500000 	 81.691667 	 100.000000
   57 	 -1.000000 	 73.379167 	 100.000000
   58 	 -0.500000 	 86.676389 	 100.000000
   59 	 -1.000000 	 84.970833 	 100.000000
   60 	 -1.000000 	 80.037500 	 100.000000
   61 	 -1.000000 	 79.997222 	 100.000000
   62 	 -1.000000 	 88.379167 	 100.000000
   63 	 -1.000000 	 73.425556 	 100.000000
   64 	 -1.000000 	 71.659722 	 100.000000
   65 	 -1.000000 	 76.675000 	 100.000000
   66 	 -0.250000 	 85.035556 	 100.000000
   67 	 -0.333333 	 85.009167 	 100.000000
   68 	 -1.000000 	 76.646389 	 100.000000
   69 	 -0.500000 	 78.443056 	 100.000000
   70 	 -1.000000 	 81.690278 	 100.000000
   71 	 -1.000000 	 80.001389 	 100.000000
   72 	 -1.000000 	 86.684722 	 100.000000
   73 	 -0.333333 	 91.684722 	 100.000000
   74 	 -1.000000 	 80.027778 	 100.000000
   75 	 -1.000000 	 73.385278 	 100.000000
   76 	 -1.000000 	 83.381944 	 100.000000
   77 	 -1.000000 	 81.679861 	 100.000000
   78 	 -0.500000 	 89.983333 	 100.000000
   79 	 -0.500000 	 85.025000 	 100.000000
 