   0 	 -1.000000 	 10.052917 	 100.000000
    1 	 -1.000000 	 43.331667 	 100.000000
    2 	 -1.000000 	 49.984722 	 100.000000
    3 	 -1.000000 	 38.360278 	 100.000000
    4 	 -1.000000 	 71.683333 	 100.000000
    5 	 -1.000000 	 63.302500 	 100.000000
    6 	 -1.000000 	 75.020278 	 100.000000
    7 	 -0.333333 	 75.030000 	 100.000000
    8 	 -1.000000 	 76.643585 	 100.000000
    9 	 -1.000000 	 68.340833 	 100.000000
   10 	 -1.000000 	 80.001389 	 100.000000
   11 	 -1.000000 	 74.903333 	 100.000000
   12 	 -1.000000 	 71.698611 	 100.000000
   13 	 -1.000000 	 88.320833 	 100.000000
   14 	 -1.000000 	 71.676111 	 100.000000
   15 	 -0.500000 	 78.384722 	 100.000000
   16 	 -1.000000 	 86.656389 	 100.000000
   17 	 -1.000000 	 81.594444 	 100.000000
   18 	 -1.000000 	 80.011111 	 100.000000
   19 	 -1.000000 	 79.994444 	 100.000000
   20 	 -1.000000 	 85.050000 	 100.000000
   21 	 -1.000000 	 71.669444 	 100.000000
   22 	 -1.000000 	 73.243056 	 100.000000
   23 	 -1.000000 	 78.271389 	 100.000000
   24 	 -1.000000 	 88.322222 	 100.000000
   25 	 -0.500000 	 91.725000 	 100.000000
   26 	 -0.500000 	 81.677778 	 100.000000
   27 	 -1.000000 	 76.622222 	 100.000000
   28 	 -0.333333 	 83.400000 	 100.000000
   29 	 -1.000000 	 66.710278 	 100.000000
   30 	 -1.000000 	 76.697222 	 100.000000
   31 	 -0.333333 	 83.380556 	 100.000000
   32 	 -1.000000 	 90.011111 	 100.000000
   33 	 -1.000000 	 84.998611 	 100.000000
   34 	 -1.000000 	 80.037500 	 100.000000
   35 	 -1.000000 	 78.363889 	 100.000000
   36 	 -1.000000 	 85.017222 	 100.000000
   37 	 -1.000000 	 79.984722 	 100.000000
   38 	 -1.000000 	 74.979722 	 100.000000
   39 	 -1.000000 	 86.694444 	 100.000000
   40 	 -1.000000 	 80.041389 	 100.000000
   41 	 -1.000000 	 80.037500 	 100.000000
   42 	 -1.000000 	 73.307500 	 100.000000
   43 	 -1.000000 	 80.044167 	 100.000000
   44 	 -1.000000 	 73.329167 	 100.000000
   45 	 -0.333333 	 78.391111 	 100.000000
   46 	 -1.000000 	 84.970833 	 100.000000
   47 	 -1.000000 	 70.047222 	 100.000000
   48 	 -1.000000 	 85.012500 	 100.000000
   49 	 -0.500000 	 78.396389 	 100.000000
   50 	 -1.000000 	 89.997778 	 100.000000
   51 	 -1.000000 	 83.254722 	 100.000000
   52 	 -1.000000 	 81.672778 	 100.000000
   53 	 -1.000000 	 81.651111 	 100.000000
   54 	 -1.000000 	 86.700556 	 100.000000
   55 	 -1.000000 	 85.006944 	 100.000000
   56 	 -1.000000 	 91.665833 	 100.000000
   57 	 -1.000000 	 89.963056 	 100.000000
   58 	 -1.000000 	 76.703333 	 100.000000
   59 	 -1.000000 	 83.368056 	 100.000000
   60 	 -1.000000 	 85.016667 	 100.000000
   61 	 -1.000000 	 76.665833 	 100.000000
   62 	 -1.000000 	 76.668889 	 100.000000
   63 	 -1.000000 	 93.330556 	 100.000000
   64 	 -1.000000 	 76.687500 	 100.000000
   65 	 -1.000000 	 85.027500 	 100.000000
   66 	 -1.000000 	 86.686111 	 100.000000
   67 	 -1.000000 	 80.013333 	 100.000000
   68 	 -1.000000 	 81.654167 	 100.000000
   69 	 -1.000000 	 83.267222 	 100.000000
   70 	 -1.000000 	 86.634722 	 100.000000
   71 	 -1.000000 	 76.674167 	 100.000000
   72 	 -1.000000 	 80.015833 	 100.000000
   73 	 -1.000000 	 84.926786 	 100.000000
   74 	 -1.000000 	 79.923611 	 100.000000
   75 	 -1.000000 	 76.600000 	 100.000000
   76 	 -1.000000 	 74.928056 	 100.000000
   77 	 -1.000000 	 83.268056 	 100.000000
   78 	 -1.000000 	 84.956944 	 100.000000
   79 	 -1.000000 	 81.650556 	 100.000000
 