   0 	 -0.500000 	 10.107515 	 100.000000
    1 	 -1.000000 	 49.983333 	 100.000000
    2 	 -1.000000 	 55.029444 	 100.000000
    3 	 -1.000000 	 66.605556 	 100.000000
    4 	 -1.000000 	 59.981250 	 100.000000
    5 	 -1.000000 	 61.680000 	 100.000000
    6 	 -1.000000 	 55.006944 	 100.000000
    7 	 -1.000000 	 63.343492 	 100.000000
    8 	 -1.000000 	 50.065556 	 100.000000
    9 	 -1.000000 	 68.394444 	 100.000000
   10 	 -1.000000 	 68.314722 	 100.000000
   11 	 -1.000000 	 54.977778 	 100.000000
   12 	 -0.500000 	 80.089444 	 100.000000
   13 	 -1.000000 	 71.620833 	 100.000000
   14 	 -0.250000 	 90.040278 	 100.000000
   15 	 -1.000000 	 81.709722 	 100.000000
   16 	 -1.000000 	 76.679167 	 100.000000
   17 	 -1.000000 	 83.309722 	 100.000000
   18 	 -1.000000 	 83.334722 	 100.000000
   19 	 -1.000000 	 85.049167 	 100.000000
   20 	 -1.000000 	 88.347222 	 100.000000
   21 	 -1.000000 	 81.673611 	 100.000000
   22 	 -0.500000 	 85.032639 	 100.000000
   23 	 -1.000000 	 83.326389 	 100.000000
   24 	 -1.000000 	 81.697222 	 100.000000
   25 	 -1.000000 	 78.345833 	 100.000000
   26 	 -1.000000 	 83.337500 	 100.000000
   27 	 -0.500000 	 81.722222 	 100.000000
   28 	 -1.000000 	 81.680556 	 100.000000
   29 	 -0.250000 	 81.720833 	 100.000000
   30 	 -0.500000 	 80.077778 	 100.000000
   31 	 -0.500000 	 83.344444 	 100.000000
   32 	 -1.000000 	 83.350000 	 100.000000
   33 	 -1.000000 	 89.993889 	 100.000000
   34 	 -0.500000 	 91.675000 	 100.000000
   35 	 -1.000000 	 83.375833 	 100.000000
   36 	 -0.500000 	 90.052778 	 100.000000
   37 	 -1.000000 	 86.719444 	 100.000000
   38 	 -0.250000 	 83.388333 	 100.000000
   39 	 -0.250000 	 90.038889 	 100.000000
   40 	 -1.000000 	 81.672222 	 100.000000
   41 	 -0.500000 	 86.670278 	 100.000000
   42 	 -1.000000 	 86.659722 	 100.000000
   43 	 -1.000000 	 90.004167 	 100.000000
   44 	 -1.000000 	 80.025000 	 100.000000
   45 	 -1.000000 	 75.004167 	 100.000000
   46 	 -0.250000 	 86.704167 	 100.000000
   47 	 -1.000000 	 81.703770 	 100.000000
   48 	 -1.000000 	 81.711944 	 100.000000
   49 	 -1.000000 	 86.656944 	 100.000000
   50 	 -1.000000 	 83.344444 	 100.000000
   51 	 -0.500000 	 85.034167 	 100.000000
   52 	 -1.000000 	 81.634722 	 100.000000
   53 	 -1.000000 	 83.359722 	 100.000000
   54 	 -1.000000 	 83.384722 	 100.000000
   55 	 -1.000000 	 85.016667 	 100.000000
   56 	 -1.000000 	 79.996667 	 100.000000
   57 	 -0.250000 	 83.378472 	 100.000000
   58 	 -1.000000 	 84.952222 	 100.000000
   59 	 -1.000000 	 85.063889 	 100.000000
   60 	 -1.000000 	 84.966667 	 100.000000
   61 	 -1.000000 	 80.027778 	 100.000000
   62 	 -1.000000 	 83.345139 	 100.000000
   63 	 -1.000000 	 78.363889 	 100.000000
   64 	 -1.000000 	 68.391667 	 100.000000
   65 	 -1.000000 	 83.418056 	 100.000000
   66 	 -1.000000 	 70.058889 	 100.000000
   67 	 -0.166667 	 83.442361 	 100.000000
   68 	 -1.000000 	 73.344444 	 100.000000
   69 	 -1.000000 	 76.687500 	 100.000000
   70 	 -0.500000 	 88.330556 	 100.000000
   71 	 -0.250000 	 88.392222 	 100.000000
   72 	 -0.500000 	 85.028611 	 100.000000
   73 	 -0.500000 	 86.704167 	 100.000000
   74 	 -1.000000 	 85.027778 	 100.000000
   75 	 -1.000000 	 80.012500 	 100.000000
   76 	 -1.000000 	 88.327222 	 100.000000
   77 	 -1.000000 	 78.348056 	 100.000000
   78 	 -1.000000 	 84.960417 	 100.000000
   79 	 -1.000000 	 81.701389 	 100.000000
 