   0 	 -1.000000 	 6.758155 	 100.000000
    1 	 -1.000000 	 53.341131 	 100.000000
    2 	 -1.000000 	 55.056806 	 100.000000
    3 	 -1.000000 	 54.977500 	 100.000000
    4 	 -1.000000 	 58.308631 	 100.000000
    5 	 -0.500000 	 46.700694 	 100.000000
    6 	 -1.000000 	 63.329167 	 100.000000
    7 	 -1.000000 	 61.656389 	 100.000000
    8 	 -1.000000 	 61.659722 	 100.000000
    9 	 -1.000000 	 70.049167 	 100.000000
   10 	 -1.000000 	 66.668056 	 100.000000
   11 	 -1.000000 	 74.995833 	 100.000000
   12 	 -1.000000 	 70.095278 	 100.000000
   13 	 -1.000000 	 73.345833 	 100.000000
   14 	 -1.000000 	 68.300556 	 100.000000
   15 	 -0.500000 	 91.663889 	 100.000000
   16 	 -1.000000 	 64.967500 	 100.000000
   17 	 -1.000000 	 65.027778 	 100.000000
   18 	 -1.000000 	 74.991111 	 100.000000
   19 	 -1.000000 	 90.025000 	 100.000000
   20 	 -1.000000 	 81.640278 	 100.000000
   21 	 -1.000000 	 80.012500 	 100.000000
   22 	 -1.000000 	 78.350000 	 100.000000
   23 	 -0.500000 	 88.360556 	 100.000000
   24 	 -1.000000 	 90.012500 	 100.000000
   25 	 -0.333333 	 81.795833 	 100.000000
   26 	 -1.000000 	 78.356389 	 100.000000
   27 	 -1.000000 	 80.011111 	 100.000000
   28 	 -1.000000 	 74.988889 	 100.000000
   29 	 -1.000000 	 80.020000 	 100.000000
   30 	 -1.000000 	 79.984722 	 100.000000
   31 	 -1.000000 	 76.700000 	 100.000000
   32 	 -1.000000 	 86.645833 	 100.000000
   33 	 -0.333333 	 85.072222 	 100.000000
   34 	 -1.000000 	 78.417500 	 100.000000
   35 	 -1.000000 	 83.315714 	 100.000000
   36 	 -1.000000 	 81.642063 	 100.000000
   37 	 -1.000000 	 76.719444 	 100.000000
   38 	 -1.000000 	 70.054167 	 100.000000
   39 	 -1.000000 	 79.987500 	 100.000000
   40 	 -1.000000 	 76.707937 	 100.000000
   41 	 -1.000000 	 85.020833 	 100.000000
   42 	 -1.000000 	 76.667103 	 100.000000
   43 	 -1.000000 	 73.326389 	 100.000000
   44 	 -1.000000 	 78.376389 	 100.000000
   45 	 -1.000000 	 74.975000 	 100.000000
   46 	 -1.000000 	 81.719444 	 100.000000
   47 	 -1.000000 	 89.954167 	 100.000000
   48 	 -1.000000 	 93.300000 	 100.000000
   49 	 -1.000000 	 76.769444 	 100.000000
   50 	 -1.000000 	 80.030556 	 100.000000
   51 	 -1.000000 	 85.002778 	 100.000000
   52 	 -1.000000 	 86.636111 	 100.000000
   53 	 -1.000000 	 83.381944 	 100.000000
   54 	 -1.000000 	 80.026389 	 100.000000
   55 	 -1.000000 	 81.706944 	 100.000000
   56 	 -1.000000 	 76.676389 	 100.000000
   57 	 -1.000000 	 71.675000 	 100.000000
   58 	 -0.250000 	 76.777778 	 100.000000
   59 	 -1.000000 	 79.959167 	 100.000000
   60 	 -1.000000 	 81.649444 	 100.000000
   61 	 -1.000000 	 76.658333 	 100.000000
   62 	 -1.000000 	 74.998889 	 100.000000
   63 	 -1.000000 	 81.699444 	 100.000000
   64 	 -0.250000 	 83.411111 	 100.000000
   65 	 -1.000000 	 73.352381 	 100.000000
   66 	 -0.500000 	 80.077778 	 100.000000
   67 	 -1.000000 	 86.654167 	 100.000000
   68 	 -1.000000 	 83.356111 	 100.000000
   69 	 -1.000000 	 88.363889 	 100.000000
   70 	 -0.333333 	 81.762500 	 100.000000
   71 	 -1.000000 	 80.022619 	 100.000000
   72 	 -1.000000 	 78.355556 	 100.000000
   73 	 -1.000000 	 90.004167 	 100.000000
   74 	 -0.250000 	 96.666667 	 100.000000
   75 	 -0.500000 	 93.322222 	 100.000000
   76 	 -1.000000 	 79.995833 	 100.000000
   77 	 -1.000000 	 84.990833 	 100.000000
   78 	 -1.000000 	 78.416667 	 100.000000
   79 	 -1.000000 	 81.713889 	 100.000000
 