   0 	 -1.000000 	 8.375860 	 100.000000
    1 	 -1.000000 	 43.345032 	 100.000000
    2 	 -1.000000 	 53.439286 	 100.000000
    3 	 -1.000000 	 51.695397 	 100.000000
    4 	 -1.000000 	 36.598214 	 100.000000
    5 	 -1.000000 	 48.283333 	 100.000000
    6 	 -1.000000 	 51.752222 	 100.000000
    7 	 -1.000000 	 63.339325 	 100.000000
    8 	 -1.000000 	 65.024306 	 100.000000
    9 	 -1.000000 	 74.978333 	 100.000000
   10 	 -1.000000 	 73.258333 	 100.000000
   11 	 -1.000000 	 70.029722 	 100.000000
   12 	 -1.000000 	 61.633889 	 100.000000
   13 	 -1.000000 	 76.654861 	 100.000000
   14 	 -1.000000 	 83.320833 	 100.000000
   15 	 -1.000000 	 76.719444 	 100.000000
   16 	 -1.000000 	 71.731944 	 100.000000
   17 	 -1.000000 	 76.743056 	 100.000000
   18 	 -1.000000 	 76.644444 	 100.000000
   19 	 -1.000000 	 73.418056 	 100.000000
   20 	 -1.000000 	 83.295833 	 100.000000
   21 	 -1.000000 	 84.994444 	 100.000000
   22 	 -0.333333 	 90.037500 	 100.000000
   23 	 -0.500000 	 83.413889 	 100.000000
   24 	 -1.000000 	 78.371429 	 100.000000
   25 	 -1.000000 	 80.061806 	 100.000000
   26 	 -0.250000 	 78.425000 	 100.000000
   27 	 -1.000000 	 85.029167 	 100.000000
   28 	 -1.000000 	 86.700000 	 100.000000
   29 	 -1.000000 	 73.401389 	 100.000000
   30 	 -0.333333 	 81.750000 	 100.000000
   31 	 -1.000000 	 78.323611 	 100.000000
   32 	 -1.000000 	 71.684722 	 100.000000
   33 	 -1.000000 	 78.371667 	 100.000000
   34 	 -1.000000 	 85.033889 	 100.000000
   35 	 -1.000000 	 76.727778 	 100.000000
   36 	 -1.000000 	 81.691667 	 100.000000
   37 	 -1.000000 	 68.390278 	 100.000000
   38 	 -1.000000 	 71.675833 	 100.000000
   39 	 -1.000000 	 83.312500 	 100.000000
   40 	 -1.000000 	 78.402778 	 100.000000
   41 	 -1.000000 	 81.715278 	 100.000000
   42 	 -1.000000 	 73.360556 	 100.000000
   43 	 -1.000000 	 81.680556 	 100.000000
   44 	 -1.000000 	 76.694444 	 100.000000
   45 	 -1.000000 	 83.330556 	 100.000000
   46 	 -0.250000 	 83.369444 	 100.000000
   47 	 -1.000000 	 81.679167 	 100.000000
   48 	 -1.000000 	 88.336111 	 100.000000
   49 	 -1.000000 	 85.044444 	 100.000000
   50 	 -1.000000 	 83.345833 	 100.000000
   51 	 -0.250000 	 85.098611 	 100.000000
   52 	 -1.000000 	 81.695833 	 100.000000
   53 	 -1.000000 	 86.648611 	 100.000000
   54 	 -1.000000 	 85.019444 	 100.000000
   55 	 -1.000000 	 83.309722 	 100.000000
   56 	 -0.500000 	 85.002222 	 100.000000
   57 	 -1.000000 	 86.711111 	 100.000000
   58 	 -1.000000 	 83.343056 	 100.000000
   59 	 -1.000000 	 79.996389 	 100.000000
   60 	 -0.200000 	 86.736944 	 100.000000
   61 	 -1.000000 	 86.659722 	 100.000000
   62 	 -1.000000 	 83.340278 	 100.000000
   63 	 -0.333333 	 81.726389 	 100.000000
   64 	 -1.000000 	 78.348611 	 100.000000
   65 	 -0.500000 	 88.372222 	 100.000000
   66 	 -0.333333 	 85.055556 	 100.000000
   67 	 -1.000000 	 86.659722 	 100.000000
   68 	 -1.000000 	 79.991667 	 100.000000
   69 	 -1.000000 	 81.706548 	 100.000000
   70 	 -0.500000 	 86.679167 	 100.000000
   71 	 -1.000000 	 83.306944 	 100.000000
   72 	 -1.000000 	 85.023056 	 100.000000
   73 	 -1.000000 	 85.030556 	 100.000000
   74 	 -1.000000 	 83.373611 	 100.000000
   75 	 -1.000000 	 86.691667 	 100.000000
   76 	 -0.333333 	 88.355556 	 100.000000
   77 	 -1.000000 	 84.987500 	 100.000000
   78 	 -1.000000 	 83.378611 	 100.000000
   79 	 -0.333333 	 86.681389 	 100.000000
 