   0 	 -1.000000 	 6.626250 	 100.000000
    1 	 -1.000000 	 51.656746 	 100.000000
    2 	 -1.000000 	 50.015972 	 100.000000
    3 	 -1.000000 	 63.379167 	 100.000000
    4 	 -1.000000 	 56.702778 	 100.000000
    5 	 -1.000000 	 51.611667 	 100.000000
    6 	 -1.000000 	 53.380952 	 100.000000
    7 	 -1.000000 	 71.568056 	 100.000000
    8 	 -1.000000 	 53.260278 	 100.000000
    9 	 -1.000000 	 49.996548 	 100.000000
   10 	 -1.000000 	 65.013889 	 100.000000
   11 	 -1.000000 	 61.579167 	 100.000000
   12 	 -1.000000 	 71.581481 	 100.000000
   13 	 -1.000000 	 80.030952 	 100.000000
   14 	 -1.000000 	 86.668056 	 100.000000
   15 	 -1.000000 	 64.951389 	 100.000000
   16 	 -1.000000 	 74.950000 	 100.000000
   17 	 -1.000000 	 73.330556 	 100.000000
   18 	 -1.000000 	 58.321825 	 100.000000
   19 	 -1.000000 	 59.994444 	 100.000000
   20 	 -1.000000 	 78.352778 	 100.000000
   21 	 -1.000000 	 88.353175 	 100.000000
   22 	 -1.000000 	 79.959722 	 100.000000
   23 	 -1.000000 	 83.358333 	 100.000000
   24 	 -1.000000 	 76.620833 	 100.000000
   25 	 -1.000000 	 61.636111 	 100.000000
   26 	 -1.000000 	 79.925000 	 100.000000
   27 	 -1.000000 	 76.668611 	 100.000000
   28 	 -1.000000 	 78.277778 	 100.000000
   29 	 -1.000000 	 71.663889 	 100.000000
   30 	 -1.000000 	 68.348056 	 100.000000
   31 	 -1.000000 	 66.602778 	 100.000000
   32 	 -1.000000 	 84.975000 	 100.000000
   33 	 -1.000000 	 88.354167 	 100.000000
   34 	 -1.000000 	 81.690972 	 100.000000
   35 	 -1.000000 	 74.944444 	 100.000000
   36 	 -0.333333 	 88.406944 	 100.000000
   37 	 -1.000000 	 76.641667 	 100.000000
   38 	 -1.000000 	 84.997222 	 100.000000
   39 	 -1.000000 	 85.005952 	 100.000000
   40 	 -1.000000 	 81.636111 	 100.000000
   41 	 -1.000000 	 76.727480 	 100.000000
   42 	 -1.000000 	 83.345833 	 100.000000
   43 	 -1.000000 	 81.665278 	 100.000000
   44 	 -1.000000 	 81.627778 	 100.000000
   45 	 -1.000000 	 81.731944 	 100.000000
   46 	 -1.000000 	 89.979167 	 100.000000
   47 	 -1.000000 	 78.351786 	 100.000000
   48 	 -1.000000 	 86.652778 	 100.000000
   49 	 -0.333333 	 85.048611 	 100.000000
   50 	 -1.000000 	 91.615833 	 100.000000
   51 	 -1.000000 	 83.352778 	 100.000000
   52 	 -1.000000 	 80.049167 	 100.000000
   53 	 -1.000000 	 75.056944 	 100.000000
   54 	 -1.000000 	 79.941667 	 100.000000
   55 	 -1.000000 	 78.278611 	 100.000000
   56 	 -1.000000 	 86.680556 	 100.000000
   57 	 -0.333333 	 86.715972 	 100.000000
   58 	 -1.000000 	 84.956944 	 100.000000
   59 	 -1.000000 	 83.295833 	 100.000000
   60 	 -1.000000 	 85.005556 	 100.000000
   61 	 -1.000000 	 81.689444 	 100.000000
   62 	 -1.000000 	 71.722222 	 100.000000
   63 	 -1.000000 	 93.320833 	 100.000000
   64 	 -1.000000 	 81.626389 	 100.000000
   65 	 -1.000000 	 83.348611 	 100.000000
   66 	 -1.000000 	 84.995833 	 100.000000
   67 	 -1.000000 	 88.241667 	 100.000000
   68 	 -1.000000 	 89.991667 	 100.000000
   69 	 -1.000000 	 74.969841 	 100.000000
   70 	 -1.000000 	 76.707778 	 100.000000
   71 	 -1.000000 	 83.366667 	 100.000000
   72 	 -1.000000 	 76.647222 	 100.000000
   73 	 -1.000000 	 81.697222 	 100.000000
   74 	 -1.000000 	 81.675000 	 100.000000
   75 	 -1.000000 	 85.025000 	 100.000000
   76 	 -1.000000 	 84.981944 	 100.000000
   77 	 -1.000000 	 80.028333 	 100.000000
   78 	 -1.000000 	 79.988889 	 100.000000
   79 	 -1.000000 	 86.645833 	 100.000000
 