   0 	 -1.000000 	 6.573297 	 100.000000
    1 	 -1.000000 	 46.718095 	 100.000000
    2 	 -1.000000 	 54.933889 	 100.000000
    3 	 -1.000000 	 53.396944 	 100.000000
    4 	 -0.500000 	 68.397222 	 100.000000
    5 	 -1.000000 	 46.680159 	 100.000000
    6 	 -1.000000 	 46.675278 	 100.000000
    7 	 -1.000000 	 74.975000 	 100.000000
    8 	 -1.000000 	 61.682341 	 100.000000
    9 	 -1.000000 	 73.348750 	 100.000000
   10 	 -1.000000 	 63.289325 	 100.000000
   11 	 -0.500000 	 55.079167 	 100.000000
   12 	 -1.000000 	 76.678869 	 100.000000
   13 	 -1.000000 	 78.348611 	 100.000000
   14 	 -1.000000 	 78.377778 	 100.000000
   15 	 -1.000000 	 76.720000 	 100.000000
   16 	 -1.000000 	 73.285278 	 100.000000
   17 	 -1.000000 	 85.008333 	 100.000000
   18 	 -1.000000 	 86.633333 	 100.000000
   19 	 -1.000000 	 73.330556 	 100.000000
   20 	 -1.000000 	 73.350000 	 100.000000
   21 	 -1.000000 	 81.647222 	 100.000000
   22 	 -1.000000 	 83.330714 	 100.000000
   23 	 -1.000000 	 76.604167 	 100.000000
   24 	 -0.500000 	 88.347381 	 100.000000
   25 	 -0.500000 	 85.013194 	 100.000000
   26 	 -1.000000 	 78.283333 	 100.000000
   27 	 -1.000000 	 81.611111 	 100.000000
   28 	 -1.000000 	 78.315278 	 100.000000
   29 	 -1.000000 	 79.972222 	 100.000000
   30 	 -0.333333 	 83.393452 	 100.000000
   31 	 -1.000000 	 73.379167 	 100.000000
   32 	 -0.500000 	 88.340278 	 100.000000
   33 	 -0.500000 	 93.333333 	 100.000000
   34 	 -1.000000 	 84.986111 	 100.000000
   35 	 -1.000000 	 95.008333 	 100.000000
   36 	 -0.500000 	 91.680556 	 100.000000
   37 	 -1.000000 	 79.988889 	 100.000000
   38 	 -1.000000 	 88.327778 	 100.000000
   39 	 -0.500000 	 89.993056 	 100.000000
   40 	 -1.000000 	 85.030556 	 100.000000
   41 	 -1.000000 	 83.336667 	 100.000000
   42 	 -1.000000 	 79.998611 	 100.000000
   43 	 -1.000000 	 81.677778 	 100.000000
   44 	 -0.500000 	 80.038889 	 100.000000
   45 	 -1.000000 	 78.356944 	 100.000000
   46 	 -1.000000 	 85.023611 	 100.000000
   47 	 -0.500000 	 88.331944 	 100.000000
   48 	 -1.000000 	 83.377778 	 100.000000
   49 	 -0.250000 	 88.384722 	 100.000000
   50 	 -1.000000 	 84.997778 	 100.000000
   51 	 -1.000000 	 93.311111 	 100.000000
   52 	 -0.500000 	 85.033333 	 100.000000
   53 	 -0.500000 	 85.013889 	 100.000000
   54 	 -1.000000 	 78.359722 	 100.000000
   55 	 -1.000000 	 83.331250 	 100.000000
   56 	 -1.000000 	 83.347222 	 100.000000
   57 	 -0.500000 	 91.663889 	 100.000000
   58 	 -1.000000 	 86.650000 	 100.000000
   59 	 -1.000000 	 75.002778 	 100.000000
   60 	 -1.000000 	 86.652778 	 100.000000
   61 	 -1.000000 	 80.025000 	 100.000000
   62 	 -1.000000 	 83.330556 	 100.000000
   63 	 -1.000000 	 80.080556 	 100.000000
   64 	 -1.000000 	 85.037500 	 100.000000
   65 	 -1.000000 	 81.609722 	 100.000000
   66 	 -1.000000 	 86.697222 	 100.000000
   67 	 -1.000000 	 76.666667 	 100.000000
   68 	 -1.000000 	 88.354167 	 100.000000
   69 	 -0.333333 	 89.994444 	 100.000000
   70 	 -1.000000 	 74.934722 	 100.000000
   71 	 -1.000000 	 78.311111 	 100.000000
   72 	 -1.000000 	 81.658333 	 100.000000
   73 	 -0.500000 	 83.329167 	 100.000000
   74 	 -1.000000 	 81.625000 	 100.000000
   75 	 -0.500000 	 71.726389 	 100.000000
   76 	 -1.000000 	 78.352222 	 100.000000
   77 	 -1.000000 	 81.640278 	 100.000000
   78 	 -1.000000 	 78.352778 	 100.000000
   79 	 -1.000000 	 81.690278 	 100.000000
 