   0 	 -1.000000 	 3.228952 	 100.000000
    1 	 -1.000000 	 58.277778 	 100.000000
    2 	 -1.000000 	 51.672778 	 100.000000
    3 	 -1.000000 	 70.022778 	 100.000000
    4 	 -0.500000 	 61.688194 	 100.000000
    5 	 -1.000000 	 63.309815 	 100.000000
    6 	 -1.000000 	 60.043611 	 100.000000
    7 	 -1.000000 	 64.918056 	 100.000000
    8 	 -1.000000 	 73.292222 	 100.000000
    9 	 -1.000000 	 76.693611 	 100.000000
   10 	 -1.000000 	 78.362500 	 100.000000
   11 	 -0.500000 	 86.675000 	 100.000000
   12 	 -0.333333 	 86.690556 	 100.000000
   13 	 -1.000000 	 76.704167 	 100.000000
   14 	 -1.000000 	 86.652222 	 100.000000
   15 	 -1.000000 	 81.608333 	 100.000000
   16 	 -0.500000 	 78.381111 	 100.000000
   17 	 -1.000000 	 88.327778 	 100.000000
   18 	 -1.000000 	 89.972222 	 100.000000
   19 	 -0.333333 	 86.726786 	 100.000000
   20 	 -1.000000 	 86.657778 	 100.000000
   21 	 -1.000000 	 78.341667 	 100.000000
   22 	 -1.000000 	 81.628333 	 100.000000
   23 	 -1.000000 	 78.310556 	 100.000000
   24 	 -1.000000 	 88.312500 	 100.000000
   25 	 -1.000000 	 75.011111 	 100.000000
   26 	 -0.500000 	 88.315000 	 100.000000
   27 	 -1.000000 	 81.694167 	 100.000000
   28 	 -1.000000 	 78.275000 	 100.000000
   29 	 -1.000000 	 78.251944 	 100.000000
   30 	 -1.000000 	 73.287500 	 100.000000
   31 	 -0.500000 	 80.025278 	 100.000000
   32 	 -1.000000 	 86.698611 	 100.000000
   33 	 -0.500000 	 80.072222 	 100.000000
   34 	 -1.000000 	 76.663889 	 100.000000
   35 	 -0.500000 	 85.029167 	 100.000000
   36 	 -1.000000 	 86.633333 	 100.000000
   37 	 -1.000000 	 79.982500 	 100.000000
   38 	 -1.000000 	 86.671389 	 100.000000
   39 	 -1.000000 	 86.648611 	 100.000000
   40 	 -1.000000 	 86.702778 	 100.000000
   41 	 -1.000000 	 86.669444 	 100.000000
   42 	 -1.000000 	 84.996667 	 100.000000
   43 	 -1.000000 	 83.328333 	 100.000000
   44 	 -1.000000 	 88.318611 	 100.000000
   45 	 -1.000000 	 85.035833 	 100.000000
   46 	 -0.500000 	 91.688889 	 100.000000
   47 	 -1.000000 	 76.670833 	 100.000000
   48 	 -1.000000 	 83.382500 	 100.000000
   49 	 -1.000000 	 88.327778 	 100.000000
   50 	 -1.000000 	 76.659722 	 100.000000
   51 	 -1.000000 	 81.666667 	 100.000000
   52 	 -1.000000 	 86.629167 	 100.000000
   53 	 -1.000000 	 81.656944 	 100.000000
   54 	 -1.000000 	 79.988056 	 100.000000
   55 	 -0.333333 	 88.343056 	 100.000000
   56 	 -1.000000 	 91.672222 	 100.000000
   57 	 -1.000000 	 81.649167 	 100.000000
   58 	 -1.000000 	 76.742500 	 100.000000
   59 	 -0.500000 	 83.330556 	 100.000000
   60 	 -1.000000 	 93.313889 	 100.000000
   61 	 -1.000000 	 89.970000 	 100.000000
   62 	 -1.000000 	 83.368056 	 100.000000
   63 	 -0.500000 	 85.025000 	 100.000000
   64 	 -1.000000 	 86.684722 	 100.000000
   65 	 -1.000000 	 89.981944 	 100.000000
   66 	 -1.000000 	 83.350278 	 100.000000
   67 	 -0.333333 	 83.362222 	 100.000000
   68 	 -1.000000 	 75.010278 	 100.000000
   69 	 -1.000000 	 84.991667 	 100.000000
   70 	 -1.000000 	 86.651944 	 100.000000
   71 	 -1.000000 	 88.326389 	 100.000000
   72 	 -1.000000 	 84.985278 	 100.000000
   73 	 -0.500000 	 86.702778 	 100.000000
   74 	 -1.000000 	 78.303333 	 100.000000
   75 	 -1.000000 	 86.668611 	 100.000000
   76 	 -1.000000 	 81.689444 	 100.000000
   77 	 -0.500000 	 78.339722 	 100.000000
   78 	 -1.000000 	 80.004167 	 100.000000
   79 	 -1.000000 	 93.341667 	 100.000000
 