   0 	 -1.000000 	 6.703035 	 100.000000
    1 	 -1.000000 	 39.961389 	 100.000000
    2 	 -1.000000 	 49.948909 	 100.000000
    3 	 -1.000000 	 59.977381 	 100.000000
    4 	 -1.000000 	 43.382778 	 100.000000
    5 	 -1.000000 	 48.303333 	 100.000000
    6 	 -1.000000 	 46.675952 	 100.000000
    7 	 -1.000000 	 53.330000 	 100.000000
    8 	 -1.000000 	 53.295397 	 100.000000
    9 	 -1.000000 	 63.359722 	 100.000000
   10 	 -1.000000 	 63.325026 	 100.000000
   11 	 -1.000000 	 68.325000 	 100.000000
   12 	 -1.000000 	 69.891667 	 100.000000
   13 	 -1.000000 	 68.322222 	 100.000000
   14 	 -1.000000 	 64.956647 	 100.000000
   15 	 -1.000000 	 69.981111 	 100.000000
   16 	 -1.000000 	 69.962500 	 100.000000
   17 	 -1.000000 	 74.950000 	 100.000000
   18 	 -1.000000 	 76.639722 	 100.000000
   19 	 -1.000000 	 64.976786 	 100.000000
   20 	 -1.000000 	 81.630556 	 100.000000
   21 	 -1.000000 	 76.680556 	 100.000000
   22 	 -1.000000 	 74.872222 	 100.000000
   23 	 -1.000000 	 76.651389 	 100.000000
   24 	 -1.000000 	 81.622222 	 100.000000
   25 	 -1.000000 	 79.968056 	 100.000000
   26 	 -1.000000 	 74.970833 	 100.000000
   27 	 -1.000000 	 78.330556 	 100.000000
   28 	 -1.000000 	 79.971389 	 100.000000
   29 	 -0.500000 	 86.698611 	 100.000000
   30 	 -1.000000 	 84.901389 	 100.000000
   31 	 -1.000000 	 76.605556 	 100.000000
   32 	 -1.000000 	 73.329722 	 100.000000
   33 	 -1.000000 	 63.322222 	 100.000000
   34 	 -1.000000 	 78.331944 	 100.000000
   35 	 -1.000000 	 76.638889 	 100.000000
   36 	 -1.000000 	 79.952778 	 100.000000
   37 	 -1.000000 	 71.538194 	 100.000000
   38 	 -1.000000 	 75.043056 	 100.000000
   39 	 -1.000000 	 83.334722 	 100.000000
   40 	 -1.000000 	 79.968056 	 100.000000
   41 	 -1.000000 	 78.297619 	 100.000000
   42 	 -1.000000 	 80.029722 	 100.000000
   43 	 -1.000000 	 86.591667 	 100.000000
   44 	 -1.000000 	 83.311111 	 100.000000
   45 	 -1.000000 	 76.590278 	 100.000000
   46 	 -1.000000 	 76.659722 	 100.000000
   47 	 -1.000000 	 84.962500 	 100.000000
   48 	 -1.000000 	 83.318056 	 100.000000
   49 	 -1.000000 	 79.954167 	 100.000000
   50 	 -1.000000 	 76.550000 	 100.000000
   51 	 -1.000000 	 76.628175 	 100.000000
   52 	 -1.000000 	 86.611944 	 100.000000
   53 	 -1.000000 	 81.590278 	 100.000000
   54 	 -1.000000 	 63.175000 	 100.000000
   55 	 -1.000000 	 81.623611 	 100.000000
   56 	 -1.000000 	 84.994444 	 100.000000
   57 	 -1.000000 	 83.241667 	 100.000000
   58 	 -1.000000 	 81.555556 	 100.000000
   59 	 -1.000000 	 78.337500 	 100.000000
   60 	 -1.000000 	 93.343056 	 100.000000
   61 	 -1.000000 	 76.587500 	 100.000000
   62 	 -1.000000 	 85.063889 	 100.000000
   63 	 -1.000000 	 78.295833 	 100.000000
   64 	 -1.000000 	 81.622222 	 100.000000
   65 	 -1.000000 	 76.606944 	 100.000000
   66 	 -1.000000 	 81.630556 	 100.000000
   67 	 -1.000000 	 74.997222 	 100.000000
   68 	 -1.000000 	 76.575000 	 100.000000
   69 	 -1.000000 	 78.289881 	 100.000000
   70 	 -1.000000 	 83.273611 	 100.000000
   71 	 -1.000000 	 83.302778 	 100.000000
   72 	 -1.000000 	 88.311111 	 100.000000
   73 	 -1.000000 	 74.963889 	 100.000000
   74 	 -1.000000 	 73.262500 	 100.000000
   75 	 -1.000000 	 81.623611 	 100.000000
   76 	 -1.000000 	 76.631944 	 100.000000
   77 	 -1.000000 	 83.319444 	 100.000000
   78 	 -1.000000 	 84.968889 	 100.000000
   79 	 -1.000000 	 86.651389 	 100.000000
 