   0 	 0.002839 	 0.004906 	 0.011444
    1 	 0.002585 	 0.005529 	 0.015173
    2 	 0.002702 	 0.006140 	 0.015237
    3 	 0.002979 	 0.006967 	 0.015913
    4 	 0.003650 	 0.008536 	 0.015718
    5 	 0.003362 	 0.008750 	 0.017325
    6 	 0.003233 	 0.010149 	 0.063414
    7 	 0.004820 	 0.013889 	 0.060060
    8 	 0.006448 	 0.019960 	 0.066847
    9 	 0.007313 	 0.024728 	 0.069091
   10 	 0.007483 	 0.029273 	 0.066723
   11 	 0.013249 	 0.038510 	 0.075708
   12 	 0.014878 	 0.045280 	 0.076848
   13 	 0.014857 	 0.049435 	 0.087826
   14 	 0.014889 	 0.055259 	 0.103753
   15 	 0.016181 	 0.059570 	 0.110352
   16 	 0.016766 	 0.059376 	 0.101131
   17 	 0.015322 	 0.065567 	 0.105080
   18 	 0.020850 	 0.067701 	 0.104153
   19 	 0.017080 	 0.071688 	 0.113549
   20 	 0.014810 	 0.070270 	 0.107928
   21 	 0.014758 	 0.073658 	 0.107551
   22 	 0.014845 	 0.076588 	 0.111344
   23 	 0.014987 	 0.080814 	 0.113323
   24 	 0.036360 	 0.083972 	 0.114554
   25 	 0.015275 	 0.081985 	 0.121168
   26 	 0.040207 	 0.086129 	 0.128139
   27 	 0.028340 	 0.088048 	 0.152537
   28 	 0.028432 	 0.092182 	 0.164526
   29 	 0.036645 	 0.092972 	 0.156066
   30 	 0.024430 	 0.096544 	 0.172729
   31 	 0.026448 	 0.096073 	 0.174292
   32 	 0.025710 	 0.101975 	 0.158711
   33 	 0.016198 	 0.098910 	 0.149076
   34 	 0.018742 	 0.109793 	 0.157679
   35 	 0.020439 	 0.113842 	 0.171495
   36 	 0.034294 	 0.107756 	 0.165022
   37 	 0.032423 	 0.108464 	 0.174665
   38 	 0.026165 	 0.120685 	 0.167814
   39 	 0.025856 	 0.122827 	 0.166227
   40 	 0.041870 	 0.125771 	 0.168988
   41 	 0.024670 	 0.124074 	 0.174941
   42 	 0.021538 	 0.122543 	 0.184904
   43 	 0.019735 	 0.120143 	 0.165794
   44 	 0.021877 	 0.119292 	 0.161999
   45 	 0.023058 	 0.120612 	 0.166685
   46 	 0.016324 	 0.125701 	 0.163853
   47 	 0.024061 	 0.122545 	 0.166392
   48 	 0.024131 	 0.127324 	 0.191923
   49 	 0.025598 	 0.121914 	 0.179282
   50 	 0.040927 	 0.129906 	 0.173152
   51 	 0.043174 	 0.134448 	 0.175997
   52 	 0.050540 	 0.133185 	 0.182840
   53 	 0.088468 	 0.138555 	 0.196051
   54 	 0.017554 	 0.137911 	 0.193265
   55 	 0.040092 	 0.133393 	 0.188184
   56 	 0.029208 	 0.134160 	 0.201304
   57 	 0.044559 	 0.134565 	 0.185128
   58 	 0.019580 	 0.138914 	 0.200852
   59 	 0.025825 	 0.138887 	 0.212412
   60 	 0.044202 	 0.146876 	 0.251032
   61 	 0.051209 	 0.146275 	 0.203375
   62 	 0.027897 	 0.151014 	 0.229094
   63 	 0.015626 	 0.148749 	 0.213254
   64 	 0.037992 	 0.152738 	 0.228676
   65 	 0.020807 	 0.151937 	 0.211956
   66 	 0.040855 	 0.152909 	 0.198416
   67 	 0.016476 	 0.148216 	 0.201659
   68 	 0.113408 	 0.161874 	 0.201053
   69 	 0.061877 	 0.160137 	 0.212611
   70 	 0.016209 	 0.154377 	 0.209749
   71 	 0.016138 	 0.156563 	 0.206929
   72 	 0.031506 	 0.156897 	 0.207486
   73 	 0.026432 	 0.154185 	 0.213368
   74 	 0.042540 	 0.157287 	 0.207301
   75 	 0.042258 	 0.166629 	 0.217132
   76 	 0.024065 	 0.158069 	 0.234768
   77 	 0.038865 	 0.167730 	 0.225212
   78 	 0.016107 	 0.172395 	 0.212763
   79 	 0.063655 	 0.178851 	 0.231978
 