   0 	 0.002103 	 0.004398 	 0.006774
    1 	 0.002498 	 0.004683 	 0.008118
    2 	 0.002487 	 0.005112 	 0.010340
    3 	 0.002939 	 0.005299 	 0.010749
    4 	 0.002798 	 0.005356 	 0.010781
    5 	 0.002513 	 0.005865 	 0.014022
    6 	 0.002838 	 0.006578 	 0.012465
    7 	 0.003620 	 0.007237 	 0.017890
    8 	 0.003399 	 0.008359 	 0.016614
    9 	 0.004356 	 0.008353 	 0.018714
   10 	 0.003569 	 0.009454 	 0.018167
   11 	 0.005099 	 0.011037 	 0.024351
   12 	 0.005403 	 0.011833 	 0.023931
   13 	 0.004672 	 0.012165 	 0.027276
   14 	 0.005113 	 0.014525 	 0.028131
   15 	 0.005179 	 0.015739 	 0.040115
   16 	 0.006231 	 0.016655 	 0.034348
   17 	 0.008739 	 0.017997 	 0.034160
   18 	 0.009901 	 0.019210 	 0.041018
   19 	 0.010422 	 0.021620 	 0.040835
   20 	 0.011491 	 0.024183 	 0.043634
   21 	 0.008699 	 0.027110 	 0.061327
   22 	 0.008725 	 0.029181 	 0.061108
   23 	 0.010991 	 0.031574 	 0.061081
   24 	 0.012711 	 0.033670 	 0.064509
   25 	 0.015074 	 0.037674 	 0.071260
   26 	 0.014651 	 0.038863 	 0.072543
   27 	 0.012825 	 0.039528 	 0.063607
   28 	 0.019721 	 0.042544 	 0.069522
   29 	 0.016921 	 0.044132 	 0.065579
   30 	 0.017408 	 0.042074 	 0.069357
   31 	 0.016788 	 0.045144 	 0.092843
   32 	 0.016901 	 0.046420 	 0.078516
   33 	 0.016328 	 0.050027 	 0.081699
   34 	 0.017353 	 0.056071 	 0.088463
   35 	 0.023300 	 0.060850 	 0.090786
   36 	 0.025037 	 0.064280 	 0.100966
   37 	 0.016372 	 0.066803 	 0.088855
   38 	 0.029418 	 0.066841 	 0.097711
   39 	 0.026939 	 0.066580 	 0.101458
   40 	 0.030075 	 0.068469 	 0.102813
   41 	 0.024189 	 0.069281 	 0.089059
   42 	 0.026461 	 0.069954 	 0.096335
   43 	 0.023630 	 0.069020 	 0.100762
   44 	 0.022092 	 0.070999 	 0.109368
   45 	 0.047655 	 0.075424 	 0.110335
   46 	 0.023641 	 0.077137 	 0.123325
   47 	 0.020983 	 0.076234 	 0.123699
   48 	 0.017312 	 0.075573 	 0.118573
   49 	 0.017643 	 0.076466 	 0.118746
   50 	 0.025629 	 0.083334 	 0.118632
   51 	 0.023998 	 0.083467 	 0.122773
   52 	 0.025158 	 0.085037 	 0.114399
   53 	 0.025070 	 0.086693 	 0.138579
   54 	 0.030116 	 0.084812 	 0.128456
   55 	 0.020300 	 0.089033 	 0.140818
   56 	 0.051338 	 0.093403 	 0.158728
   57 	 0.030059 	 0.090795 	 0.164925
   58 	 0.025611 	 0.098206 	 0.178609
   59 	 0.022759 	 0.103247 	 0.212834
   60 	 0.021865 	 0.109418 	 0.233226
   61 	 0.022078 	 0.114282 	 0.273480
   62 	 0.019069 	 0.118491 	 0.260184
   63 	 0.025431 	 0.123675 	 0.256534
   64 	 0.033140 	 0.135244 	 0.245757
   65 	 0.020154 	 0.134399 	 0.275049
   66 	 0.030233 	 0.143985 	 0.267528
   67 	 0.032588 	 0.158849 	 0.273541
   68 	 0.040365 	 0.167041 	 0.275086
   69 	 0.055520 	 0.174216 	 0.277083
   70 	 0.041518 	 0.182489 	 0.259769
   71 	 0.038683 	 0.175793 	 0.265408
   72 	 0.018304 	 0.169094 	 0.255813
   73 	 0.020221 	 0.173398 	 0.287405
   74 	 0.024105 	 0.172897 	 0.271689
   75 	 0.020964 	 0.189243 	 0.286696
   76 	 0.040652 	 0.193652 	 0.308225
   77 	 0.037642 	 0.201381 	 0.293637
   78 	 0.028204 	 0.205767 	 0.310906
   79 	 0.021041 	 0.199464 	 0.304052
 