   0 	 0.002553 	 0.004479 	 0.007281
    1 	 0.002720 	 0.004840 	 0.007882
    2 	 0.003469 	 0.005298 	 0.010880
    3 	 0.002973 	 0.005346 	 0.010645
    4 	 0.003194 	 0.005855 	 0.012045
    5 	 0.003511 	 0.006403 	 0.012757
    6 	 0.004173 	 0.007055 	 0.013666
    7 	 0.004182 	 0.007810 	 0.011783
    8 	 0.004702 	 0.008033 	 0.013944
    9 	 0.004833 	 0.008734 	 0.014157
   10 	 0.005272 	 0.009049 	 0.018417
   11 	 0.005229 	 0.009088 	 0.021587
   12 	 0.005897 	 0.009890 	 0.018846
   13 	 0.005774 	 0.010120 	 0.024120
   14 	 0.005793 	 0.010298 	 0.021181
   15 	 0.005730 	 0.010807 	 0.021535
   16 	 0.005678 	 0.011219 	 0.027426
   17 	 0.006606 	 0.012210 	 0.023027
   18 	 0.007525 	 0.013489 	 0.033001
   19 	 0.007660 	 0.013607 	 0.030136
   20 	 0.006214 	 0.014852 	 0.032337
   21 	 0.006219 	 0.016418 	 0.033597
   22 	 0.008486 	 0.019079 	 0.034030
   23 	 0.006950 	 0.022277 	 0.047650
   24 	 0.009033 	 0.023929 	 0.043760
   25 	 0.009503 	 0.025630 	 0.041005
   26 	 0.013041 	 0.027188 	 0.044460
   27 	 0.015480 	 0.027816 	 0.046481
   28 	 0.013923 	 0.027468 	 0.045902
   29 	 0.013360 	 0.029031 	 0.046800
   30 	 0.013224 	 0.031448 	 0.058550
   31 	 0.012785 	 0.033451 	 0.057416
   32 	 0.012831 	 0.035290 	 0.061468
   33 	 0.014705 	 0.037975 	 0.067735
   34 	 0.011925 	 0.042605 	 0.062460
   35 	 0.007036 	 0.044919 	 0.062103
   36 	 0.019260 	 0.046874 	 0.067588
   37 	 0.020890 	 0.050758 	 0.071571
   38 	 0.011030 	 0.049359 	 0.071154
   39 	 0.010962 	 0.054158 	 0.068795
   40 	 0.012204 	 0.053232 	 0.067106
   41 	 0.019200 	 0.054219 	 0.069679
   42 	 0.019174 	 0.054768 	 0.070674
   43 	 0.015843 	 0.054484 	 0.072644
   44 	 0.018632 	 0.058886 	 0.073690
   45 	 0.027144 	 0.061492 	 0.073773
   46 	 0.022938 	 0.060880 	 0.076872
   47 	 0.030040 	 0.062697 	 0.077563
   48 	 0.016290 	 0.062886 	 0.079539
   49 	 0.015385 	 0.062583 	 0.077889
   50 	 0.014643 	 0.062720 	 0.088229
   51 	 0.014603 	 0.063701 	 0.094105
   52 	 0.014618 	 0.065681 	 0.099927
   53 	 0.015371 	 0.069269 	 0.096999
   54 	 0.057175 	 0.073082 	 0.099659
   55 	 0.017167 	 0.069395 	 0.095526
   56 	 0.024662 	 0.070650 	 0.096000
   57 	 0.025151 	 0.071879 	 0.097851
   58 	 0.034013 	 0.075301 	 0.100210
   59 	 0.056038 	 0.075807 	 0.100826
   60 	 0.022993 	 0.075093 	 0.101299
   61 	 0.023610 	 0.075026 	 0.104389
   62 	 0.038355 	 0.076442 	 0.101803
   63 	 0.041867 	 0.077256 	 0.104902
   64 	 0.052719 	 0.081209 	 0.115207
   65 	 0.021958 	 0.082563 	 0.149276
   66 	 0.018509 	 0.078828 	 0.122757
   67 	 0.018611 	 0.081700 	 0.135744
   68 	 0.018447 	 0.082698 	 0.121387
   69 	 0.040027 	 0.092981 	 0.134863
   70 	 0.018302 	 0.092585 	 0.125457
   71 	 0.017955 	 0.090605 	 0.139779
   72 	 0.044301 	 0.094064 	 0.125346
   73 	 0.044080 	 0.095352 	 0.123462
   74 	 0.032224 	 0.093193 	 0.125417
   75 	 0.020482 	 0.093036 	 0.128245
   76 	 0.014629 	 0.098384 	 0.132554
   77 	 0.016678 	 0.097930 	 0.139389
   78 	 0.030959 	 0.101791 	 0.135675
   79 	 0.024202 	 0.102968 	 0.136290
 