   0 	 0.002878 	 0.004814 	 0.012097
    1 	 0.002932 	 0.005153 	 0.010804
    2 	 0.002914 	 0.005492 	 0.009822
    3 	 0.003035 	 0.005742 	 0.009268
    4 	 0.003709 	 0.006014 	 0.011058
    5 	 0.003969 	 0.006729 	 0.015949
    6 	 0.003562 	 0.008080 	 0.015210
    7 	 0.003546 	 0.008963 	 0.020694
    8 	 0.005026 	 0.009957 	 0.024866
    9 	 0.004644 	 0.011424 	 0.027553
   10 	 0.004566 	 0.012160 	 0.026831
   11 	 0.005076 	 0.013463 	 0.028235
   12 	 0.005037 	 0.014309 	 0.031776
   13 	 0.007310 	 0.016060 	 0.034435
   14 	 0.006141 	 0.018763 	 0.064824
   15 	 0.005864 	 0.020386 	 0.053648
   16 	 0.008469 	 0.022913 	 0.059376
   17 	 0.011191 	 0.029350 	 0.061909
   18 	 0.009784 	 0.036868 	 0.081767
   19 	 0.013986 	 0.041055 	 0.089786
   20 	 0.013096 	 0.040913 	 0.091966
   21 	 0.010101 	 0.046816 	 0.089778
   22 	 0.015443 	 0.050611 	 0.089988
   23 	 0.018035 	 0.054310 	 0.099546
   24 	 0.016849 	 0.058234 	 0.095451
   25 	 0.009413 	 0.064831 	 0.093890
   26 	 0.028777 	 0.073210 	 0.099613
   27 	 0.013267 	 0.073265 	 0.101140
   28 	 0.023358 	 0.072575 	 0.111048
   29 	 0.021436 	 0.072277 	 0.108094
   30 	 0.026496 	 0.081347 	 0.129110
   31 	 0.026763 	 0.086544 	 0.129537
   32 	 0.013726 	 0.081974 	 0.124936
   33 	 0.024349 	 0.087472 	 0.131858
   34 	 0.025612 	 0.086032 	 0.144325
   35 	 0.011667 	 0.084593 	 0.141293
   36 	 0.026662 	 0.087645 	 0.124532
   37 	 0.019643 	 0.088197 	 0.124837
   38 	 0.019264 	 0.088252 	 0.133071
   39 	 0.030370 	 0.095090 	 0.128118
   40 	 0.008567 	 0.090498 	 0.128919
   41 	 0.019782 	 0.097859 	 0.142918
   42 	 0.029931 	 0.100115 	 0.139786
   43 	 0.011815 	 0.100638 	 0.151704
   44 	 0.028999 	 0.108963 	 0.144408
   45 	 0.022026 	 0.105153 	 0.144465
   46 	 0.079590 	 0.112488 	 0.156728
   47 	 0.040893 	 0.112646 	 0.166601
   48 	 0.011832 	 0.111415 	 0.174745
   49 	 0.011841 	 0.109566 	 0.164654
   50 	 0.011903 	 0.106584 	 0.181987
   51 	 0.039141 	 0.119652 	 0.231495
   52 	 0.023395 	 0.125174 	 0.237136
   53 	 0.055430 	 0.132346 	 0.230539
   54 	 0.012148 	 0.139332 	 0.218264
   55 	 0.023718 	 0.144255 	 0.232339
   56 	 0.011980 	 0.137382 	 0.243374
   57 	 0.012060 	 0.145252 	 0.240881
   58 	 0.012025 	 0.155461 	 0.247214
   59 	 0.021061 	 0.167791 	 0.242513
   60 	 0.021490 	 0.175350 	 0.254859
   61 	 0.025824 	 0.184192 	 0.280404
   62 	 0.021898 	 0.184513 	 0.261706
   63 	 0.056550 	 0.195818 	 0.366479
   64 	 0.014472 	 0.207933 	 0.345265
   65 	 0.021936 	 0.198924 	 0.372405
   66 	 0.012431 	 0.212476 	 0.338153
   67 	 0.032364 	 0.228272 	 0.413174
   68 	 0.016765 	 0.224075 	 0.356465
   69 	 0.012658 	 0.218694 	 0.357021
   70 	 0.020286 	 0.230794 	 0.367872
   71 	 0.031006 	 0.240310 	 0.382201
   72 	 0.022375 	 0.254790 	 0.427411
   73 	 0.063793 	 0.271435 	 0.415002
   74 	 0.014503 	 0.246119 	 0.459081
   75 	 0.023453 	 0.270499 	 0.439552
   76 	 0.033954 	 0.274332 	 0.432898
   77 	 0.062326 	 0.287156 	 0.443936
   78 	 0.068876 	 0.285386 	 0.404477
   79 	 0.027497 	 0.277980 	 0.460544
 