   0 	 0.002622 	 0.004861 	 0.009687
    1 	 0.002784 	 0.005273 	 0.010062
    2 	 0.002854 	 0.005489 	 0.011741
    3 	 0.002972 	 0.006331 	 0.014278
    4 	 0.003378 	 0.007758 	 0.028622
    5 	 0.003759 	 0.008629 	 0.017437
    6 	 0.004067 	 0.010396 	 0.031324
    7 	 0.005176 	 0.012202 	 0.037218
    8 	 0.005917 	 0.013125 	 0.046827
    9 	 0.006660 	 0.016058 	 0.061034
   10 	 0.006945 	 0.017768 	 0.062431
   11 	 0.007876 	 0.023288 	 0.059532
   12 	 0.007756 	 0.029316 	 0.057630
   13 	 0.007779 	 0.031442 	 0.061294
   14 	 0.010328 	 0.032792 	 0.068147
   15 	 0.010604 	 0.034885 	 0.068084
   16 	 0.014053 	 0.037289 	 0.080409
   17 	 0.010711 	 0.038499 	 0.075668
   18 	 0.009628 	 0.039279 	 0.078759
   19 	 0.012457 	 0.042175 	 0.088611
   20 	 0.012433 	 0.046702 	 0.094051
   21 	 0.011761 	 0.049912 	 0.099624
   22 	 0.013784 	 0.053394 	 0.098823
   23 	 0.013660 	 0.057957 	 0.096100
   24 	 0.012337 	 0.062278 	 0.096030
   25 	 0.019453 	 0.068150 	 0.096905
   26 	 0.010627 	 0.062499 	 0.101888
   27 	 0.009371 	 0.066681 	 0.102221
   28 	 0.023258 	 0.073342 	 0.106148
   29 	 0.012916 	 0.075564 	 0.111068
   30 	 0.012758 	 0.075190 	 0.120511
   31 	 0.026124 	 0.074773 	 0.136375
   32 	 0.013999 	 0.080996 	 0.135783
   33 	 0.020588 	 0.086527 	 0.128386
   34 	 0.013686 	 0.079501 	 0.129693
   35 	 0.027515 	 0.082262 	 0.141213
   36 	 0.025502 	 0.086350 	 0.147468
   37 	 0.028703 	 0.083895 	 0.130573
   38 	 0.028311 	 0.087546 	 0.135578
   39 	 0.025350 	 0.086844 	 0.165860
   40 	 0.024382 	 0.090699 	 0.210145
   41 	 0.024268 	 0.098770 	 0.249442
   42 	 0.015680 	 0.096993 	 0.215238
   43 	 0.016756 	 0.111488 	 0.202634
   44 	 0.016635 	 0.126612 	 0.237355
   45 	 0.046673 	 0.154491 	 0.259445
   46 	 0.031448 	 0.165472 	 0.288211
   47 	 0.021499 	 0.185280 	 0.291680
   48 	 0.015230 	 0.189087 	 0.287273
   49 	 0.019398 	 0.193437 	 0.295934
   50 	 0.033788 	 0.213022 	 0.344851
   51 	 0.018378 	 0.219111 	 0.323816
   52 	 0.017294 	 0.222403 	 0.365091
   53 	 0.013867 	 0.232592 	 0.443409
   54 	 0.013872 	 0.217954 	 0.415875
   55 	 0.040884 	 0.248721 	 0.382520
   56 	 0.018739 	 0.245761 	 0.438233
   57 	 0.027179 	 0.282285 	 0.446160
   58 	 0.108323 	 0.301435 	 0.475941
   59 	 0.069549 	 0.299582 	 0.487487
   60 	 0.095227 	 0.304520 	 0.471553
   61 	 0.120516 	 0.330727 	 0.485084
   62 	 0.017016 	 0.324983 	 0.513737
   63 	 0.034786 	 0.338280 	 0.494110
   64 	 0.048028 	 0.343568 	 0.475250
   65 	 0.069389 	 0.346955 	 0.502582
   66 	 0.017636 	 0.358779 	 0.514041
   67 	 0.071901 	 0.374343 	 0.530308
   68 	 0.022320 	 0.338052 	 0.467745
   69 	 0.026659 	 0.371373 	 0.523077
   70 	 0.085368 	 0.368610 	 0.521450
   71 	 0.016535 	 0.381904 	 0.519870
   72 	 0.015977 	 0.357847 	 0.559133
   73 	 0.068381 	 0.363258 	 0.537619
   74 	 0.068776 	 0.375733 	 0.560663
   75 	 0.051133 	 0.370989 	 0.513062
   76 	 0.014343 	 0.370910 	 0.544142
   77 	 0.016457 	 0.370223 	 0.533736
   78 	 0.019072 	 0.385143 	 0.560481
   79 	 0.016627 	 0.376057 	 0.514621
 