   0 	 0.002363 	 0.004792 	 0.013334
    1 	 0.002811 	 0.005780 	 0.014422
    2 	 0.003201 	 0.006961 	 0.020405
    3 	 0.003436 	 0.008608 	 0.021236
    4 	 0.003533 	 0.010130 	 0.023963
    5 	 0.003615 	 0.012279 	 0.026283
    6 	 0.006798 	 0.013512 	 0.026531
    7 	 0.005666 	 0.013642 	 0.026345
    8 	 0.006283 	 0.013675 	 0.029257
    9 	 0.006621 	 0.014911 	 0.029687
   10 	 0.006742 	 0.016622 	 0.026858
   11 	 0.006232 	 0.017350 	 0.036038
   12 	 0.008203 	 0.020768 	 0.045042
   13 	 0.010059 	 0.021772 	 0.046823
   14 	 0.006860 	 0.021277 	 0.044909
   15 	 0.008673 	 0.020729 	 0.041937
   16 	 0.009347 	 0.024640 	 0.063208
   17 	 0.012375 	 0.025441 	 0.052820
   18 	 0.007088 	 0.026095 	 0.048742
   19 	 0.008849 	 0.029251 	 0.086889
   20 	 0.013669 	 0.035951 	 0.086497
   21 	 0.016924 	 0.041326 	 0.103985
   22 	 0.012622 	 0.047748 	 0.108353
   23 	 0.017390 	 0.048655 	 0.110631
   24 	 0.022201 	 0.049259 	 0.101664
   25 	 0.013700 	 0.049157 	 0.103951
   26 	 0.017845 	 0.051878 	 0.109866
   27 	 0.010125 	 0.054788 	 0.130308
   28 	 0.009283 	 0.063302 	 0.137252
   29 	 0.015504 	 0.059909 	 0.125073
   30 	 0.013933 	 0.062922 	 0.127425
   31 	 0.014094 	 0.062801 	 0.120760
   32 	 0.015737 	 0.070525 	 0.117303
   33 	 0.017130 	 0.073464 	 0.133404
   34 	 0.025938 	 0.078544 	 0.135839
   35 	 0.015054 	 0.083696 	 0.140094
   36 	 0.033421 	 0.088626 	 0.140014
   37 	 0.012927 	 0.087522 	 0.132638
   38 	 0.022072 	 0.088231 	 0.146162
   39 	 0.015774 	 0.088340 	 0.147219
   40 	 0.026105 	 0.097701 	 0.162592
   41 	 0.021784 	 0.098680 	 0.213937
   42 	 0.016347 	 0.108034 	 0.203112
   43 	 0.018737 	 0.109510 	 0.186602
   44 	 0.017201 	 0.107789 	 0.220380
   45 	 0.016126 	 0.109267 	 0.215156
   46 	 0.017077 	 0.123486 	 0.222445
   47 	 0.016654 	 0.127709 	 0.197643
   48 	 0.016759 	 0.126751 	 0.227752
   49 	 0.019041 	 0.128967 	 0.202226
   50 	 0.026846 	 0.141989 	 0.215426
   51 	 0.031562 	 0.140997 	 0.218504
   52 	 0.019170 	 0.147848 	 0.240283
   53 	 0.013750 	 0.148226 	 0.217486
   54 	 0.026034 	 0.154445 	 0.256820
   55 	 0.027803 	 0.157883 	 0.235482
   56 	 0.025285 	 0.161674 	 0.257873
   57 	 0.027362 	 0.165771 	 0.255801
   58 	 0.026986 	 0.163682 	 0.233018
   59 	 0.026339 	 0.172614 	 0.234490
   60 	 0.020283 	 0.171227 	 0.244101
   61 	 0.030791 	 0.180450 	 0.263149
   62 	 0.045802 	 0.184180 	 0.258114
   63 	 0.016583 	 0.178447 	 0.267057
   64 	 0.046479 	 0.182021 	 0.286472
   65 	 0.042466 	 0.184651 	 0.340567
   66 	 0.030253 	 0.187809 	 0.345002
   67 	 0.014191 	 0.197680 	 0.325570
   68 	 0.051213 	 0.219705 	 0.318452
   69 	 0.055602 	 0.226053 	 0.355320
   70 	 0.020592 	 0.210928 	 0.351133
   71 	 0.049515 	 0.222355 	 0.363670
   72 	 0.049135 	 0.205861 	 0.358338
   73 	 0.049461 	 0.240350 	 0.348257
   74 	 0.067405 	 0.251110 	 0.389544
   75 	 0.021120 	 0.262856 	 0.370567
   76 	 0.014066 	 0.260654 	 0.338687
   77 	 0.032381 	 0.272844 	 0.371182
   78 	 0.105453 	 0.276175 	 0.370308
   79 	 0.077099 	 0.269158 	 0.378912
 