   0 	 0.002425 	 0.004997 	 0.016402
    1 	 0.002260 	 0.005274 	 0.012192
    2 	 0.003263 	 0.006359 	 0.014365
    3 	 0.003404 	 0.007062 	 0.019646
    4 	 0.003799 	 0.008145 	 0.013653
    5 	 0.003738 	 0.008596 	 0.015643
    6 	 0.003962 	 0.009840 	 0.020003
    7 	 0.004929 	 0.011425 	 0.025843
    8 	 0.004984 	 0.012962 	 0.028040
    9 	 0.005871 	 0.014417 	 0.028711
   10 	 0.007344 	 0.016233 	 0.028864
   11 	 0.009512 	 0.018669 	 0.031414
   12 	 0.009059 	 0.021024 	 0.035832
   13 	 0.011407 	 0.023079 	 0.034680
   14 	 0.012203 	 0.023187 	 0.041625
   15 	 0.012322 	 0.025074 	 0.041457
   16 	 0.011177 	 0.025331 	 0.042121
   17 	 0.010410 	 0.025073 	 0.038084
   18 	 0.009823 	 0.024568 	 0.036728
   19 	 0.016143 	 0.027129 	 0.039997
   20 	 0.014061 	 0.027205 	 0.049631
   21 	 0.010789 	 0.026809 	 0.041025
   22 	 0.010312 	 0.026937 	 0.042514
   23 	 0.008608 	 0.027149 	 0.042478
   24 	 0.008765 	 0.026926 	 0.045581
   25 	 0.011062 	 0.028446 	 0.049223
   26 	 0.014110 	 0.031059 	 0.052464
   27 	 0.018472 	 0.032242 	 0.061045
   28 	 0.010239 	 0.033453 	 0.050070
   29 	 0.020385 	 0.034523 	 0.057920
   30 	 0.014230 	 0.035443 	 0.053421
   31 	 0.011627 	 0.035690 	 0.053541
   32 	 0.013413 	 0.035952 	 0.058469
   33 	 0.013488 	 0.036356 	 0.064059
   34 	 0.013450 	 0.036603 	 0.059895
   35 	 0.009304 	 0.038194 	 0.064964
   36 	 0.013340 	 0.042994 	 0.067641
   37 	 0.019540 	 0.046058 	 0.072308
   38 	 0.019573 	 0.046229 	 0.070985
   39 	 0.022279 	 0.049094 	 0.072020
   40 	 0.011214 	 0.047929 	 0.066522
   41 	 0.010944 	 0.050300 	 0.069184
   42 	 0.023707 	 0.053309 	 0.067909
   43 	 0.037466 	 0.054543 	 0.086406
   44 	 0.010883 	 0.056409 	 0.109306
   45 	 0.010577 	 0.059276 	 0.113151
   46 	 0.025223 	 0.062208 	 0.103578
   47 	 0.025620 	 0.062953 	 0.107862
   48 	 0.014755 	 0.062292 	 0.101790
   49 	 0.014636 	 0.064799 	 0.109040
   50 	 0.038328 	 0.067854 	 0.110299
   51 	 0.028373 	 0.068934 	 0.110561
   52 	 0.026973 	 0.075278 	 0.117152
   53 	 0.026807 	 0.079659 	 0.120842
   54 	 0.018132 	 0.084567 	 0.125191
   55 	 0.018005 	 0.091649 	 0.142739
   56 	 0.011632 	 0.092646 	 0.120561
   57 	 0.030943 	 0.094754 	 0.123284
   58 	 0.036237 	 0.099909 	 0.124797
   59 	 0.014104 	 0.101085 	 0.139221
   60 	 0.025447 	 0.096284 	 0.157181
   61 	 0.011777 	 0.101081 	 0.195963
   62 	 0.048830 	 0.103841 	 0.185820
   63 	 0.012284 	 0.103414 	 0.186038
   64 	 0.042023 	 0.115333 	 0.215726
   65 	 0.018128 	 0.121227 	 0.223649
   66 	 0.018679 	 0.134719 	 0.215425
   67 	 0.078576 	 0.140994 	 0.203066
   68 	 0.038682 	 0.148579 	 0.198403
   69 	 0.014765 	 0.142589 	 0.199044
   70 	 0.091875 	 0.161256 	 0.208060
   71 	 0.089007 	 0.165110 	 0.212435
   72 	 0.020371 	 0.159608 	 0.246002
   73 	 0.015202 	 0.162000 	 0.235396
   74 	 0.042762 	 0.176475 	 0.253604
   75 	 0.080243 	 0.172243 	 0.212710
   76 	 0.012420 	 0.162528 	 0.212286
   77 	 0.012220 	 0.161603 	 0.228071
   78 	 0.020189 	 0.167292 	 0.218684
   79 	 0.076380 	 0.169220 	 0.213602
 