   0 	 0.002690 	 0.004610 	 0.008097
    1 	 0.002938 	 0.005310 	 0.011460
    2 	 0.003293 	 0.005694 	 0.012917
    3 	 0.003926 	 0.006784 	 0.012724
    4 	 0.003213 	 0.007779 	 0.020778
    5 	 0.003801 	 0.008549 	 0.015008
    6 	 0.004211 	 0.009874 	 0.017277
    7 	 0.005220 	 0.011832 	 0.021883
    8 	 0.005510 	 0.013238 	 0.024449
    9 	 0.006867 	 0.014499 	 0.028278
   10 	 0.007362 	 0.016506 	 0.032101
   11 	 0.007120 	 0.017032 	 0.033582
   12 	 0.007482 	 0.019133 	 0.045978
   13 	 0.007190 	 0.020004 	 0.039132
   14 	 0.008362 	 0.023020 	 0.037686
   15 	 0.008515 	 0.023713 	 0.036421
   16 	 0.008344 	 0.025115 	 0.043646
   17 	 0.009691 	 0.028708 	 0.050478
   18 	 0.009805 	 0.032149 	 0.056795
   19 	 0.013501 	 0.034271 	 0.054502
   20 	 0.011498 	 0.033767 	 0.064824
   21 	 0.010733 	 0.033345 	 0.054377
   22 	 0.014449 	 0.035764 	 0.058611
   23 	 0.021639 	 0.038560 	 0.060964
   24 	 0.015096 	 0.040451 	 0.064765
   25 	 0.011960 	 0.041675 	 0.061599
   26 	 0.011282 	 0.044364 	 0.088321
   27 	 0.013389 	 0.047628 	 0.083616
   28 	 0.013206 	 0.050315 	 0.085366
   29 	 0.014160 	 0.053698 	 0.098888
   30 	 0.014289 	 0.052836 	 0.097229
   31 	 0.011636 	 0.054894 	 0.094218
   32 	 0.016983 	 0.054103 	 0.087605
   33 	 0.014812 	 0.053230 	 0.111921
   34 	 0.017300 	 0.058759 	 0.118311
   35 	 0.012613 	 0.058809 	 0.123281
   36 	 0.017104 	 0.072143 	 0.121613
   37 	 0.017788 	 0.077998 	 0.125712
   38 	 0.017607 	 0.081435 	 0.138510
   39 	 0.017658 	 0.087077 	 0.167720
   40 	 0.026742 	 0.086357 	 0.167943
   41 	 0.012370 	 0.092092 	 0.165620
   42 	 0.011648 	 0.093731 	 0.161593
   43 	 0.012581 	 0.105534 	 0.195589
   44 	 0.020665 	 0.115759 	 0.178719
   45 	 0.042091 	 0.119542 	 0.165103
   46 	 0.012389 	 0.107256 	 0.164184
   47 	 0.018861 	 0.121092 	 0.192915
   48 	 0.022432 	 0.126229 	 0.173371
   49 	 0.037186 	 0.129217 	 0.210275
   50 	 0.018916 	 0.128955 	 0.188219
   51 	 0.021586 	 0.130708 	 0.191524
   52 	 0.071837 	 0.140394 	 0.188037
   53 	 0.067859 	 0.151918 	 0.191493
   54 	 0.049895 	 0.155930 	 0.247022
   55 	 0.017256 	 0.149118 	 0.238389
   56 	 0.018160 	 0.146467 	 0.193506
   57 	 0.038558 	 0.158169 	 0.213065
   58 	 0.017727 	 0.153813 	 0.233533
   59 	 0.019837 	 0.162350 	 0.276470
   60 	 0.020089 	 0.165417 	 0.252702
   61 	 0.019392 	 0.156606 	 0.273296
   62 	 0.065452 	 0.171871 	 0.204835
   63 	 0.063648 	 0.175025 	 0.253489
   64 	 0.014289 	 0.162245 	 0.242989
   65 	 0.020088 	 0.179073 	 0.264720
   66 	 0.017565 	 0.175172 	 0.277510
   67 	 0.046950 	 0.174887 	 0.286915
   68 	 0.020180 	 0.183008 	 0.293366
   69 	 0.027013 	 0.180343 	 0.299930
   70 	 0.071723 	 0.188094 	 0.304528
   71 	 0.045986 	 0.194465 	 0.327837
   72 	 0.048412 	 0.196385 	 0.322718
   73 	 0.017842 	 0.185073 	 0.318206
   74 	 0.020307 	 0.194715 	 0.304919
   75 	 0.024549 	 0.198468 	 0.328059
   76 	 0.031558 	 0.206222 	 0.309617
   77 	 0.038061 	 0.201212 	 0.319368
   78 	 0.059194 	 0.200327 	 0.328273
   79 	 0.014073 	 0.200913 	 0.296317
 