   0 	 0.002991 	 0.004696 	 0.008906
    1 	 0.002842 	 0.005438 	 0.011142
    2 	 0.002957 	 0.005616 	 0.012378
    3 	 0.002892 	 0.006186 	 0.011748
    4 	 0.003239 	 0.006824 	 0.012088
    5 	 0.003211 	 0.007345 	 0.012535
    6 	 0.003866 	 0.007960 	 0.013872
    7 	 0.004018 	 0.008020 	 0.016137
    8 	 0.004510 	 0.008797 	 0.014216
    9 	 0.004504 	 0.009121 	 0.018021
   10 	 0.005216 	 0.009227 	 0.017120
   11 	 0.005028 	 0.009877 	 0.017274
   12 	 0.005122 	 0.010373 	 0.019319
   13 	 0.005439 	 0.011000 	 0.023422
   14 	 0.005588 	 0.012355 	 0.020985
   15 	 0.007865 	 0.012958 	 0.028460
   16 	 0.007787 	 0.013452 	 0.032154
   17 	 0.008056 	 0.014605 	 0.032459
   18 	 0.007392 	 0.017160 	 0.037960
   19 	 0.005191 	 0.019122 	 0.043749
   20 	 0.009316 	 0.022363 	 0.048024
   21 	 0.010313 	 0.024034 	 0.056713
   22 	 0.009013 	 0.024942 	 0.055163
   23 	 0.009198 	 0.026757 	 0.051719
   24 	 0.010274 	 0.030684 	 0.059846
   25 	 0.010355 	 0.035771 	 0.066525
   26 	 0.008865 	 0.039440 	 0.069442
   27 	 0.008062 	 0.040454 	 0.069075
   28 	 0.009145 	 0.041329 	 0.063360
   29 	 0.013113 	 0.044219 	 0.070344
   30 	 0.010835 	 0.044750 	 0.069783
   31 	 0.014533 	 0.048491 	 0.078301
   32 	 0.016568 	 0.049352 	 0.076679
   33 	 0.021438 	 0.051715 	 0.078809
   34 	 0.026959 	 0.054785 	 0.093605
   35 	 0.018772 	 0.054448 	 0.092943
   36 	 0.018722 	 0.059610 	 0.099788
   37 	 0.035753 	 0.060954 	 0.085009
   38 	 0.020230 	 0.061361 	 0.090092
   39 	 0.021474 	 0.062367 	 0.090480
   40 	 0.018405 	 0.062026 	 0.092717
   41 	 0.020057 	 0.062601 	 0.097578
   42 	 0.019096 	 0.064782 	 0.104423
   43 	 0.019107 	 0.062891 	 0.094592
   44 	 0.016571 	 0.061297 	 0.095503
   45 	 0.019885 	 0.063150 	 0.092552
   46 	 0.020045 	 0.066915 	 0.094894
   47 	 0.019503 	 0.063417 	 0.098228
   48 	 0.011710 	 0.070581 	 0.110531
   49 	 0.019560 	 0.075557 	 0.113563
   50 	 0.022788 	 0.077849 	 0.109986
   51 	 0.011292 	 0.078587 	 0.109974
   52 	 0.018458 	 0.078823 	 0.107680
   53 	 0.022316 	 0.076192 	 0.116596
   54 	 0.018477 	 0.078152 	 0.110712
   55 	 0.035270 	 0.077234 	 0.110103
   56 	 0.012035 	 0.077225 	 0.122706
   57 	 0.027257 	 0.081115 	 0.147745
   58 	 0.019027 	 0.082283 	 0.138902
   59 	 0.013790 	 0.086307 	 0.175089
   60 	 0.017383 	 0.088508 	 0.166678
   61 	 0.011990 	 0.094957 	 0.170023
   62 	 0.039044 	 0.103438 	 0.188055
   63 	 0.043432 	 0.108172 	 0.182176
   64 	 0.021672 	 0.107170 	 0.171727
   65 	 0.020736 	 0.115023 	 0.195202
   66 	 0.023392 	 0.121656 	 0.217201
   67 	 0.037852 	 0.122485 	 0.211752
   68 	 0.043998 	 0.125013 	 0.192898
   69 	 0.034561 	 0.142831 	 0.230787
   70 	 0.047727 	 0.139480 	 0.256872
   71 	 0.015910 	 0.135594 	 0.215617
   72 	 0.016046 	 0.144940 	 0.210295
   73 	 0.058146 	 0.158974 	 0.225810
   74 	 0.025661 	 0.154814 	 0.249722
   75 	 0.019333 	 0.147543 	 0.246547
   76 	 0.021978 	 0.138852 	 0.210886
   77 	 0.021003 	 0.142711 	 0.208299
   78 	 0.013404 	 0.142261 	 0.223513
   79 	 0.018936 	 0.158441 	 0.227616
 