   0 	 0.002530 	 0.004656 	 0.010758
    1 	 0.002583 	 0.004652 	 0.009901
    2 	 0.002682 	 0.005377 	 0.012212
    3 	 0.002282 	 0.006193 	 0.013934
    4 	 0.003018 	 0.007328 	 0.014472
    5 	 0.003606 	 0.007796 	 0.014427
    6 	 0.003829 	 0.008111 	 0.014456
    7 	 0.004592 	 0.008714 	 0.014817
    8 	 0.004804 	 0.009279 	 0.015440
    9 	 0.004716 	 0.009654 	 0.017793
   10 	 0.004969 	 0.009721 	 0.017786
   11 	 0.004932 	 0.009919 	 0.022705
   12 	 0.005395 	 0.011524 	 0.023070
   13 	 0.006975 	 0.013183 	 0.029003
   14 	 0.005729 	 0.014664 	 0.026280
   15 	 0.006945 	 0.016327 	 0.028484
   16 	 0.007010 	 0.016508 	 0.027595
   17 	 0.007403 	 0.016867 	 0.030132
   18 	 0.007533 	 0.016659 	 0.027516
   19 	 0.008121 	 0.018285 	 0.030637
   20 	 0.011236 	 0.019186 	 0.031312
   21 	 0.008504 	 0.018949 	 0.031888
   22 	 0.008635 	 0.019539 	 0.032489
   23 	 0.010343 	 0.021308 	 0.034199
   24 	 0.012361 	 0.021665 	 0.035421
   25 	 0.008794 	 0.022534 	 0.035336
   26 	 0.011380 	 0.024471 	 0.036401
   27 	 0.013816 	 0.026777 	 0.046222
   28 	 0.011507 	 0.026790 	 0.038294
   29 	 0.010151 	 0.026785 	 0.040796
   30 	 0.011123 	 0.026740 	 0.041701
   31 	 0.010531 	 0.026526 	 0.042289
   32 	 0.009547 	 0.028679 	 0.047627
   33 	 0.009761 	 0.029393 	 0.044758
   34 	 0.012221 	 0.031638 	 0.050980
   35 	 0.012789 	 0.033090 	 0.052272
   36 	 0.020305 	 0.033634 	 0.049212
   37 	 0.013069 	 0.035613 	 0.048064
   38 	 0.014861 	 0.033552 	 0.053212
   39 	 0.014412 	 0.035239 	 0.052529
   40 	 0.020944 	 0.037264 	 0.055136
   41 	 0.015628 	 0.037864 	 0.056344
   42 	 0.025195 	 0.039866 	 0.058308
   43 	 0.016632 	 0.041729 	 0.062690
   44 	 0.017656 	 0.041011 	 0.058521
   45 	 0.019774 	 0.042041 	 0.060055
   46 	 0.019547 	 0.041739 	 0.060273
   47 	 0.019003 	 0.042517 	 0.062394
   48 	 0.014053 	 0.043347 	 0.064052
   49 	 0.013660 	 0.044358 	 0.063719
   50 	 0.013800 	 0.043149 	 0.061706
   51 	 0.013916 	 0.042592 	 0.107653
   52 	 0.016737 	 0.045926 	 0.111834
   53 	 0.019081 	 0.054301 	 0.116630
   54 	 0.013285 	 0.063188 	 0.162820
   55 	 0.017468 	 0.075436 	 0.185881
   56 	 0.019170 	 0.089704 	 0.175484
   57 	 0.026831 	 0.100486 	 0.180185
   58 	 0.026689 	 0.112704 	 0.184923
   59 	 0.021369 	 0.120644 	 0.183541
   60 	 0.035221 	 0.130244 	 0.203167
   61 	 0.017570 	 0.125899 	 0.202811
   62 	 0.044145 	 0.137687 	 0.215881
   63 	 0.016059 	 0.142392 	 0.200014
   64 	 0.064147 	 0.156240 	 0.203435
   65 	 0.060834 	 0.153918 	 0.202937
   66 	 0.063838 	 0.165972 	 0.210892
   67 	 0.030943 	 0.165263 	 0.206544
   68 	 0.052291 	 0.165965 	 0.226780
   69 	 0.030493 	 0.155090 	 0.219173
   70 	 0.030981 	 0.162214 	 0.253042
   71 	 0.021581 	 0.161427 	 0.226030
   72 	 0.061081 	 0.171564 	 0.225892
   73 	 0.013748 	 0.170562 	 0.252132
   74 	 0.060158 	 0.175811 	 0.241431
   75 	 0.018604 	 0.170118 	 0.231077
   76 	 0.016581 	 0.169822 	 0.275944
   77 	 0.025806 	 0.173371 	 0.275053
   78 	 0.101321 	 0.193909 	 0.291713
   79 	 0.047126 	 0.198030 	 0.299481
 