   0 	 0.002356 	 0.004867 	 0.009681
    1 	 0.002680 	 0.005506 	 0.013509
    2 	 0.003009 	 0.006439 	 0.010117
    3 	 0.002973 	 0.006717 	 0.014337
    4 	 0.004127 	 0.007604 	 0.015831
    5 	 0.004035 	 0.008264 	 0.015359
    6 	 0.003912 	 0.009728 	 0.029600
    7 	 0.003870 	 0.011150 	 0.041539
    8 	 0.003992 	 0.012656 	 0.029387
    9 	 0.005715 	 0.015323 	 0.041570
   10 	 0.006690 	 0.017444 	 0.045822
   11 	 0.006589 	 0.019859 	 0.041067
   12 	 0.006908 	 0.023205 	 0.061665
   13 	 0.008099 	 0.028340 	 0.051294
   14 	 0.013630 	 0.031895 	 0.067548
   15 	 0.013621 	 0.035162 	 0.061310
   16 	 0.012050 	 0.037293 	 0.070028
   17 	 0.013166 	 0.040594 	 0.071474
   18 	 0.019009 	 0.043579 	 0.078875
   19 	 0.012113 	 0.044894 	 0.109671
   20 	 0.014564 	 0.048476 	 0.104655
   21 	 0.015234 	 0.053799 	 0.099007
   22 	 0.013977 	 0.059140 	 0.120366
   23 	 0.013788 	 0.065121 	 0.120309
   24 	 0.026475 	 0.071283 	 0.128951
   25 	 0.020956 	 0.086755 	 0.156571
   26 	 0.034165 	 0.095570 	 0.159525
   27 	 0.027398 	 0.089195 	 0.193981
   28 	 0.025149 	 0.102774 	 0.206020
   29 	 0.015351 	 0.108134 	 0.205336
   30 	 0.037977 	 0.116228 	 0.195878
   31 	 0.031357 	 0.123586 	 0.201293
   32 	 0.017807 	 0.130080 	 0.228372
   33 	 0.027989 	 0.131413 	 0.215736
   34 	 0.025191 	 0.145586 	 0.237295
   35 	 0.030167 	 0.159405 	 0.243880
   36 	 0.017663 	 0.154208 	 0.243197
   37 	 0.029130 	 0.164499 	 0.240140
   38 	 0.031335 	 0.161863 	 0.242740
   39 	 0.024024 	 0.161213 	 0.242904
   40 	 0.021094 	 0.160004 	 0.247433
   41 	 0.028828 	 0.165693 	 0.250094
   42 	 0.028013 	 0.173793 	 0.240002
   43 	 0.026454 	 0.181274 	 0.259562
   44 	 0.025961 	 0.186872 	 0.271215
   45 	 0.037400 	 0.194155 	 0.257209
   46 	 0.074069 	 0.195087 	 0.282659
   47 	 0.026865 	 0.196470 	 0.299104
   48 	 0.022686 	 0.201833 	 0.272479
   49 	 0.051891 	 0.205470 	 0.332080
   50 	 0.028724 	 0.215964 	 0.306402
   51 	 0.028749 	 0.214287 	 0.393699
   52 	 0.018536 	 0.218379 	 0.315591
   53 	 0.049928 	 0.219128 	 0.318759
   54 	 0.047755 	 0.227031 	 0.318326
   55 	 0.028793 	 0.215311 	 0.322758
   56 	 0.029810 	 0.226715 	 0.388642
   57 	 0.048839 	 0.239424 	 0.427099
   58 	 0.126178 	 0.249850 	 0.403098
   59 	 0.055200 	 0.252095 	 0.421747
   60 	 0.030478 	 0.258110 	 0.423773
   61 	 0.028098 	 0.275912 	 0.409235
   62 	 0.017398 	 0.284754 	 0.420594
   63 	 0.027599 	 0.308757 	 0.433624
   64 	 0.022333 	 0.313563 	 0.430982
   65 	 0.035022 	 0.321334 	 0.455033
   66 	 0.017623 	 0.315935 	 0.422815
   67 	 0.012453 	 0.313421 	 0.439814
   68 	 0.019322 	 0.327458 	 0.448999
   69 	 0.029221 	 0.329980 	 0.481304
   70 	 0.029340 	 0.326820 	 0.464989
   71 	 0.026125 	 0.328175 	 0.501508
   72 	 0.019984 	 0.349042 	 0.495317
   73 	 0.104539 	 0.347835 	 0.480144
   74 	 0.058755 	 0.350286 	 0.547455
   75 	 0.060565 	 0.345888 	 0.461179
   76 	 0.017593 	 0.347185 	 0.509949
   77 	 0.031533 	 0.323230 	 0.504659
   78 	 0.039386 	 0.336743 	 0.516388
   79 	 0.017619 	 0.347304 	 0.591551
 