   0 	 0.002099 	 0.004581 	 0.008366
    1 	 0.002105 	 0.005142 	 0.008943
    2 	 0.002903 	 0.006015 	 0.021181
    3 	 0.003128 	 0.007015 	 0.024356
    4 	 0.002641 	 0.009074 	 0.031541
    5 	 0.003524 	 0.012751 	 0.031262
    6 	 0.003796 	 0.014865 	 0.051782
    7 	 0.005283 	 0.015891 	 0.039736
    8 	 0.007001 	 0.017423 	 0.039338
    9 	 0.007101 	 0.021099 	 0.057754
   10 	 0.007664 	 0.024353 	 0.073614
   11 	 0.005819 	 0.030173 	 0.077421
   12 	 0.013467 	 0.039082 	 0.076089
   13 	 0.018332 	 0.043435 	 0.087151
   14 	 0.017986 	 0.047188 	 0.084100
   15 	 0.018305 	 0.047429 	 0.084905
   16 	 0.011936 	 0.050957 	 0.093817
   17 	 0.018417 	 0.055948 	 0.090060
   18 	 0.016826 	 0.060075 	 0.110120
   19 	 0.014118 	 0.053568 	 0.112217
   20 	 0.011373 	 0.053450 	 0.102678
   21 	 0.014198 	 0.059150 	 0.099084
   22 	 0.013875 	 0.062324 	 0.093439
   23 	 0.016553 	 0.068642 	 0.109540
   24 	 0.015742 	 0.067524 	 0.103723
   25 	 0.015139 	 0.067874 	 0.113649
   26 	 0.014468 	 0.067207 	 0.110788
   27 	 0.016922 	 0.073453 	 0.110874
   28 	 0.014248 	 0.072006 	 0.114964
   29 	 0.041739 	 0.075434 	 0.112894
   30 	 0.030424 	 0.076427 	 0.110527
   31 	 0.017563 	 0.077664 	 0.122548
   32 	 0.016603 	 0.079627 	 0.123452
   33 	 0.028230 	 0.078005 	 0.120746
   34 	 0.026847 	 0.078898 	 0.121679
   35 	 0.019387 	 0.083329 	 0.124058
   36 	 0.027042 	 0.084395 	 0.121758
   37 	 0.026582 	 0.082183 	 0.127405
   38 	 0.025710 	 0.082797 	 0.120196
   39 	 0.025071 	 0.082319 	 0.118410
   40 	 0.017515 	 0.082440 	 0.113855
   41 	 0.031787 	 0.086743 	 0.128166
   42 	 0.032101 	 0.091200 	 0.122989
   43 	 0.031211 	 0.089883 	 0.115502
   44 	 0.018290 	 0.088407 	 0.123560
   45 	 0.017787 	 0.087838 	 0.123786
   46 	 0.014543 	 0.085885 	 0.120645
   47 	 0.037842 	 0.094522 	 0.128719
   48 	 0.029701 	 0.093754 	 0.123774
   49 	 0.014074 	 0.094879 	 0.223773
   50 	 0.028937 	 0.095939 	 0.126741
   51 	 0.028970 	 0.102690 	 0.133691
   52 	 0.029692 	 0.100873 	 0.124595
   53 	 0.024378 	 0.104748 	 0.140197
   54 	 0.029699 	 0.102799 	 0.131592
   55 	 0.016239 	 0.100215 	 0.137242
   56 	 0.039449 	 0.104618 	 0.136498
   57 	 0.024344 	 0.100279 	 0.130978
   58 	 0.024119 	 0.102550 	 0.135805
   59 	 0.014937 	 0.106976 	 0.140122
   60 	 0.018448 	 0.101706 	 0.140032
   61 	 0.018498 	 0.099583 	 0.142285
   62 	 0.014851 	 0.100909 	 0.136918
   63 	 0.028749 	 0.107305 	 0.136963
   64 	 0.019052 	 0.109289 	 0.135942
   65 	 0.054178 	 0.110456 	 0.135110
   66 	 0.045116 	 0.110647 	 0.142961
   67 	 0.034089 	 0.105709 	 0.131092
   68 	 0.025815 	 0.112195 	 0.204102
   69 	 0.020837 	 0.116361 	 0.257642
   70 	 0.051238 	 0.118695 	 0.240211
   71 	 0.050384 	 0.118862 	 0.245729
   72 	 0.032519 	 0.116233 	 0.220272
   73 	 0.031692 	 0.119528 	 0.221794
   74 	 0.050902 	 0.133602 	 0.263177
   75 	 0.015133 	 0.140144 	 0.231190
   76 	 0.042016 	 0.161537 	 0.249999
   77 	 0.049260 	 0.166895 	 0.263330
   78 	 0.015744 	 0.171963 	 0.269966
   79 	 0.027794 	 0.184783 	 0.335778
 