   0 	 0.002148 	 0.004789 	 0.013828
    1 	 0.002402 	 0.004898 	 0.014016
    2 	 0.002753 	 0.006019 	 0.020347
    3 	 0.002813 	 0.006879 	 0.030423
    4 	 0.002842 	 0.007900 	 0.031562
    5 	 0.003309 	 0.009001 	 0.028009
    6 	 0.004255 	 0.010675 	 0.022912
    7 	 0.004789 	 0.013386 	 0.033039
    8 	 0.007315 	 0.014879 	 0.028004
    9 	 0.008206 	 0.015655 	 0.028534
   10 	 0.008988 	 0.016653 	 0.034563
   11 	 0.007155 	 0.017331 	 0.028083
   12 	 0.006518 	 0.018757 	 0.034704
   13 	 0.007395 	 0.019708 	 0.034490
   14 	 0.008199 	 0.021893 	 0.050891
   15 	 0.008122 	 0.022709 	 0.049831
   16 	 0.009095 	 0.023927 	 0.058788
   17 	 0.009396 	 0.028448 	 0.055686
   18 	 0.012518 	 0.031633 	 0.054083
   19 	 0.009130 	 0.033649 	 0.062293
   20 	 0.013002 	 0.038937 	 0.070334
   21 	 0.022888 	 0.041832 	 0.076741
   22 	 0.020712 	 0.046939 	 0.076309
   23 	 0.024781 	 0.052403 	 0.080807
   24 	 0.014527 	 0.050210 	 0.095031
   25 	 0.018637 	 0.054753 	 0.088162
   26 	 0.018208 	 0.057168 	 0.090037
   27 	 0.025466 	 0.062237 	 0.104578
   28 	 0.019360 	 0.059513 	 0.091933
   29 	 0.013112 	 0.060409 	 0.106516
   30 	 0.024528 	 0.067156 	 0.103906
   31 	 0.037972 	 0.070338 	 0.115454
   32 	 0.012408 	 0.073836 	 0.139147
   33 	 0.019900 	 0.074891 	 0.122363
   34 	 0.022619 	 0.077497 	 0.137095
   35 	 0.019767 	 0.076278 	 0.143709
   36 	 0.012601 	 0.081940 	 0.167791
   37 	 0.018315 	 0.087373 	 0.150953
   38 	 0.021387 	 0.095006 	 0.158979
   39 	 0.026879 	 0.111163 	 0.181152
   40 	 0.036226 	 0.119939 	 0.184659
   41 	 0.050951 	 0.120543 	 0.184147
   42 	 0.013500 	 0.126435 	 0.180457
   43 	 0.043217 	 0.131932 	 0.172533
   44 	 0.061717 	 0.138266 	 0.177455
   45 	 0.012672 	 0.130777 	 0.187096
   46 	 0.033477 	 0.131493 	 0.182518
   47 	 0.027182 	 0.131876 	 0.183875
   48 	 0.038580 	 0.137742 	 0.182967
   49 	 0.045489 	 0.141397 	 0.176074
   50 	 0.034694 	 0.137332 	 0.177856
   51 	 0.014149 	 0.141946 	 0.187230
   52 	 0.021377 	 0.143326 	 0.187314
   53 	 0.047893 	 0.146572 	 0.198274
   54 	 0.019853 	 0.143267 	 0.191326
   55 	 0.014000 	 0.141836 	 0.213924
   56 	 0.022841 	 0.143630 	 0.231095
   57 	 0.071353 	 0.142338 	 0.231886
   58 	 0.068055 	 0.145002 	 0.178124
   59 	 0.019125 	 0.143369 	 0.192349
   60 	 0.072978 	 0.147649 	 0.214588
   61 	 0.020277 	 0.150135 	 0.193440
   62 	 0.089612 	 0.161265 	 0.214766
   63 	 0.036215 	 0.157564 	 0.224884
   64 	 0.025328 	 0.160252 	 0.236214
   65 	 0.027757 	 0.163322 	 0.238115
   66 	 0.031250 	 0.157909 	 0.254988
   67 	 0.024078 	 0.164405 	 0.240536
   68 	 0.028777 	 0.159088 	 0.266601
   69 	 0.020051 	 0.168155 	 0.260370
   70 	 0.017476 	 0.181056 	 0.280272
   71 	 0.061331 	 0.186551 	 0.305475
   72 	 0.031150 	 0.182386 	 0.262141
   73 	 0.031339 	 0.184322 	 0.255951
   74 	 0.026883 	 0.186176 	 0.261966
   75 	 0.035660 	 0.199548 	 0.272900
   76 	 0.046715 	 0.201482 	 0.270548
   77 	 0.037402 	 0.202199 	 0.278110
   78 	 0.037961 	 0.204371 	 0.316559
   79 	 0.032899 	 0.210941 	 0.312910
 