   0 	 0.002503 	 0.004497 	 0.009095
    1 	 0.002777 	 0.004826 	 0.012663
    2 	 0.002578 	 0.005395 	 0.012015
    3 	 0.002894 	 0.006016 	 0.019440
    4 	 0.003185 	 0.006738 	 0.019775
    5 	 0.002948 	 0.008165 	 0.017832
    6 	 0.003760 	 0.009105 	 0.018991
    7 	 0.003865 	 0.010710 	 0.018825
    8 	 0.006225 	 0.012649 	 0.023249
    9 	 0.006430 	 0.013502 	 0.024215
   10 	 0.007147 	 0.014095 	 0.023822
   11 	 0.007530 	 0.015658 	 0.024778
   12 	 0.008006 	 0.017350 	 0.024649
   13 	 0.007914 	 0.018576 	 0.037560
   14 	 0.007911 	 0.019083 	 0.036549
   15 	 0.010277 	 0.019859 	 0.040465
   16 	 0.010324 	 0.020587 	 0.035748
   17 	 0.008881 	 0.020905 	 0.059101
   18 	 0.009750 	 0.021525 	 0.044760
   19 	 0.009593 	 0.023768 	 0.048771
   20 	 0.010463 	 0.023156 	 0.046339
   21 	 0.009289 	 0.024161 	 0.050256
   22 	 0.007897 	 0.024474 	 0.047771
   23 	 0.008819 	 0.026229 	 0.057244
   24 	 0.011840 	 0.028241 	 0.066660
   25 	 0.009150 	 0.027158 	 0.069907
   26 	 0.008031 	 0.028114 	 0.062673
   27 	 0.012107 	 0.034187 	 0.070304
   28 	 0.011964 	 0.039265 	 0.074044
   29 	 0.017578 	 0.044683 	 0.070784
   30 	 0.017439 	 0.047243 	 0.087685
   31 	 0.016306 	 0.049899 	 0.090851
   32 	 0.018824 	 0.047848 	 0.087784
   33 	 0.016364 	 0.049736 	 0.089459
   34 	 0.020859 	 0.051223 	 0.086498
   35 	 0.020356 	 0.053022 	 0.076093
   36 	 0.018388 	 0.058445 	 0.085282
   37 	 0.018217 	 0.063143 	 0.084805
   38 	 0.021403 	 0.064298 	 0.098572
   39 	 0.018656 	 0.063022 	 0.094466
   40 	 0.014693 	 0.058961 	 0.091565
   41 	 0.014684 	 0.062404 	 0.089001
   42 	 0.019362 	 0.065806 	 0.092053
   43 	 0.024373 	 0.068138 	 0.097680
   44 	 0.042941 	 0.067218 	 0.080949
   45 	 0.028562 	 0.065824 	 0.085339
   46 	 0.014504 	 0.065592 	 0.086093
   47 	 0.031822 	 0.068131 	 0.088667
   48 	 0.022724 	 0.067469 	 0.090514
   49 	 0.016850 	 0.068302 	 0.086141
   50 	 0.018642 	 0.068280 	 0.087415
   51 	 0.018567 	 0.065440 	 0.088124
   52 	 0.013911 	 0.067478 	 0.093227
   53 	 0.017946 	 0.071778 	 0.087335
   54 	 0.018618 	 0.071720 	 0.098707
   55 	 0.016795 	 0.069344 	 0.090970
   56 	 0.031769 	 0.069222 	 0.095357
   57 	 0.030990 	 0.068683 	 0.091260
   58 	 0.013063 	 0.069482 	 0.099828
   59 	 0.021472 	 0.068577 	 0.091435
   60 	 0.016145 	 0.067894 	 0.101792
   61 	 0.018840 	 0.069852 	 0.105426
   62 	 0.022597 	 0.071066 	 0.102252
   63 	 0.022927 	 0.072331 	 0.094456
   64 	 0.023015 	 0.073054 	 0.094997
   65 	 0.032435 	 0.074466 	 0.093915
   66 	 0.016689 	 0.075946 	 0.095278
   67 	 0.023757 	 0.077997 	 0.099728
   68 	 0.023150 	 0.074375 	 0.111097
   69 	 0.021088 	 0.074468 	 0.105448
   70 	 0.021730 	 0.073658 	 0.103400
   71 	 0.020889 	 0.076575 	 0.109343
   72 	 0.023767 	 0.081489 	 0.108379
   73 	 0.038576 	 0.083562 	 0.109504
   74 	 0.033605 	 0.085165 	 0.146865
   75 	 0.032168 	 0.083725 	 0.137006
   76 	 0.030266 	 0.084609 	 0.127716
   77 	 0.022959 	 0.084329 	 0.145197
   78 	 0.023254 	 0.084137 	 0.143231
   79 	 0.017370 	 0.089227 	 0.173533
 