   0 	 0.002218 	 0.004429 	 0.007613
    1 	 0.002741 	 0.005054 	 0.009267
    2 	 0.002830 	 0.005694 	 0.012258
    3 	 0.003277 	 0.006500 	 0.011567
    4 	 0.003479 	 0.007300 	 0.013344
    5 	 0.003614 	 0.008286 	 0.014269
    6 	 0.005009 	 0.008748 	 0.014789
    7 	 0.004474 	 0.008906 	 0.018274
    8 	 0.003888 	 0.011339 	 0.036560
    9 	 0.005831 	 0.012810 	 0.035162
   10 	 0.006238 	 0.014751 	 0.035298
   11 	 0.006881 	 0.016454 	 0.035702
   12 	 0.008394 	 0.017239 	 0.035620
   13 	 0.007311 	 0.019089 	 0.040683
   14 	 0.007903 	 0.021462 	 0.041183
   15 	 0.009836 	 0.024011 	 0.043453
   16 	 0.010158 	 0.024661 	 0.045872
   17 	 0.012858 	 0.025602 	 0.042417
   18 	 0.014033 	 0.027223 	 0.045693
   19 	 0.013631 	 0.028268 	 0.042805
   20 	 0.014698 	 0.030131 	 0.045224
   21 	 0.015205 	 0.031099 	 0.047042
   22 	 0.013474 	 0.032718 	 0.047956
   23 	 0.011450 	 0.031913 	 0.054037
   24 	 0.011740 	 0.033949 	 0.052152
   25 	 0.014459 	 0.034834 	 0.054012
   26 	 0.016869 	 0.034880 	 0.049694
   27 	 0.015094 	 0.036068 	 0.054047
   28 	 0.018029 	 0.034234 	 0.053530
   29 	 0.015706 	 0.034684 	 0.057858
   30 	 0.020851 	 0.036010 	 0.051399
   31 	 0.023061 	 0.038200 	 0.054761
   32 	 0.016763 	 0.039081 	 0.057337
   33 	 0.010310 	 0.038666 	 0.058326
   34 	 0.010296 	 0.039073 	 0.057342
   35 	 0.010428 	 0.041167 	 0.058342
   36 	 0.015048 	 0.041047 	 0.056367
   37 	 0.024145 	 0.042663 	 0.058703
   38 	 0.012079 	 0.042178 	 0.061521
   39 	 0.027343 	 0.045868 	 0.061020
   40 	 0.015199 	 0.044124 	 0.060189
   41 	 0.015218 	 0.043157 	 0.060986
   42 	 0.019190 	 0.042672 	 0.063449
   43 	 0.017318 	 0.045726 	 0.060772
   44 	 0.020670 	 0.047795 	 0.062828
   45 	 0.023115 	 0.049314 	 0.068906
   46 	 0.023966 	 0.048040 	 0.064014
   47 	 0.022398 	 0.048817 	 0.084338
   48 	 0.016642 	 0.052287 	 0.083102
   49 	 0.016497 	 0.051912 	 0.090183
   50 	 0.018627 	 0.054803 	 0.083329
   51 	 0.019533 	 0.057580 	 0.080138
   52 	 0.019783 	 0.059001 	 0.081284
   53 	 0.027550 	 0.059815 	 0.095680
   54 	 0.024630 	 0.062577 	 0.096080
   55 	 0.018500 	 0.067386 	 0.096958
   56 	 0.031055 	 0.072375 	 0.107037
   57 	 0.033221 	 0.073721 	 0.113841
   58 	 0.011517 	 0.070681 	 0.115160
   59 	 0.020360 	 0.078577 	 0.110057
   60 	 0.037949 	 0.081168 	 0.117231
   61 	 0.034149 	 0.082846 	 0.119197
   62 	 0.018449 	 0.081903 	 0.110023
   63 	 0.017912 	 0.086800 	 0.118280
   64 	 0.017799 	 0.085424 	 0.128900
   65 	 0.025122 	 0.089104 	 0.125176
   66 	 0.020731 	 0.088847 	 0.123445
   67 	 0.020372 	 0.089058 	 0.126516
   68 	 0.032789 	 0.088069 	 0.130719
   69 	 0.019209 	 0.088489 	 0.128610
   70 	 0.026640 	 0.091307 	 0.129824
   71 	 0.027395 	 0.090995 	 0.135900
   72 	 0.029089 	 0.093582 	 0.135251
   73 	 0.029188 	 0.094090 	 0.137133
   74 	 0.026480 	 0.100795 	 0.139940
   75 	 0.031014 	 0.102275 	 0.150542
   76 	 0.051328 	 0.102991 	 0.147292
   77 	 0.062327 	 0.107709 	 0.161082
   78 	 0.012507 	 0.107842 	 0.177796
   79 	 0.065136 	 0.119075 	 0.170478
 