   0 	 0.002718 	 0.004757 	 0.009102
    1 	 0.002796 	 0.004888 	 0.011181
    2 	 0.002790 	 0.005276 	 0.012495
    3 	 0.003281 	 0.005382 	 0.012302
    4 	 0.003360 	 0.005511 	 0.010402
    5 	 0.003164 	 0.005882 	 0.011228
    6 	 0.003828 	 0.006369 	 0.015725
    7 	 0.003609 	 0.006877 	 0.018460
    8 	 0.003811 	 0.007616 	 0.018028
    9 	 0.005024 	 0.009197 	 0.021165
   10 	 0.004598 	 0.011155 	 0.033182
   11 	 0.004583 	 0.012210 	 0.033752
   12 	 0.005470 	 0.015195 	 0.037065
   13 	 0.005271 	 0.018289 	 0.049949
   14 	 0.007650 	 0.019732 	 0.041573
   15 	 0.009179 	 0.020738 	 0.045836
   16 	 0.007899 	 0.024128 	 0.059218
   17 	 0.009578 	 0.024785 	 0.063030
   18 	 0.009602 	 0.025426 	 0.058995
   19 	 0.008434 	 0.028171 	 0.061706
   20 	 0.006879 	 0.032232 	 0.069201
   21 	 0.014075 	 0.034638 	 0.055621
   22 	 0.011138 	 0.036599 	 0.064367
   23 	 0.010573 	 0.040490 	 0.075967
   24 	 0.010899 	 0.038990 	 0.090047
   25 	 0.009905 	 0.041359 	 0.072528
   26 	 0.014666 	 0.046195 	 0.069102
   27 	 0.021184 	 0.049983 	 0.080956
   28 	 0.021130 	 0.053161 	 0.080661
   29 	 0.013580 	 0.053550 	 0.084444
   30 	 0.019974 	 0.056809 	 0.084196
   31 	 0.012649 	 0.056505 	 0.082737
   32 	 0.020297 	 0.059464 	 0.088233
   33 	 0.019950 	 0.060038 	 0.091823
   34 	 0.020495 	 0.057636 	 0.088474
   35 	 0.014104 	 0.057017 	 0.094890
   36 	 0.021312 	 0.061490 	 0.098706
   37 	 0.015418 	 0.060243 	 0.095507
   38 	 0.012384 	 0.063591 	 0.094287
   39 	 0.021365 	 0.064979 	 0.099607
   40 	 0.016757 	 0.071085 	 0.104886
   41 	 0.034935 	 0.073532 	 0.099443
   42 	 0.036556 	 0.078140 	 0.106280
   43 	 0.015016 	 0.072425 	 0.098462
   44 	 0.014602 	 0.078331 	 0.104116
   45 	 0.011796 	 0.072875 	 0.107258
   46 	 0.014502 	 0.071614 	 0.107175
   47 	 0.024439 	 0.081615 	 0.120355
   48 	 0.022465 	 0.086957 	 0.121026
   49 	 0.022221 	 0.086861 	 0.123861
   50 	 0.023109 	 0.083944 	 0.132452
   51 	 0.023173 	 0.088690 	 0.137120
   52 	 0.016400 	 0.086847 	 0.126149
   53 	 0.013847 	 0.094375 	 0.136813
   54 	 0.028843 	 0.099438 	 0.143193
   55 	 0.023717 	 0.097432 	 0.155889
   56 	 0.022970 	 0.102398 	 0.148210
   57 	 0.023578 	 0.107595 	 0.179791
   58 	 0.015510 	 0.106655 	 0.176583
   59 	 0.015490 	 0.108030 	 0.171420
   60 	 0.038138 	 0.113174 	 0.172940
   61 	 0.015802 	 0.122887 	 0.193339
   62 	 0.034816 	 0.129771 	 0.231605
   63 	 0.024426 	 0.139767 	 0.248041
   64 	 0.014303 	 0.145647 	 0.212138
   65 	 0.043940 	 0.155419 	 0.234112
   66 	 0.030331 	 0.147644 	 0.264843
   67 	 0.041088 	 0.151130 	 0.236287
   68 	 0.017530 	 0.147685 	 0.243616
   69 	 0.028057 	 0.157563 	 0.234397
   70 	 0.081955 	 0.164495 	 0.248204
   71 	 0.016723 	 0.161894 	 0.234563
   72 	 0.016816 	 0.170565 	 0.238902
   73 	 0.016893 	 0.172750 	 0.236232
   74 	 0.014225 	 0.186941 	 0.256890
   75 	 0.037916 	 0.193008 	 0.259216
   76 	 0.016374 	 0.192678 	 0.262568
   77 	 0.079726 	 0.204917 	 0.305145
   78 	 0.054121 	 0.206671 	 0.281189
   79 	 0.046279 	 0.214401 	 0.349409
 