   0 	 0.003033 	 0.004661 	 0.009852
    1 	 0.002778 	 0.005207 	 0.010446
    2 	 0.002891 	 0.006169 	 0.012009
    3 	 0.003505 	 0.006694 	 0.011425
    4 	 0.003493 	 0.007274 	 0.013441
    5 	 0.004174 	 0.008026 	 0.013857
    6 	 0.004358 	 0.008925 	 0.018116
    7 	 0.004360 	 0.010086 	 0.022300
    8 	 0.004462 	 0.010798 	 0.027471
    9 	 0.005587 	 0.011107 	 0.028550
   10 	 0.004760 	 0.012877 	 0.024167
   11 	 0.006334 	 0.014925 	 0.034818
   12 	 0.007631 	 0.017947 	 0.034501
   13 	 0.006697 	 0.020045 	 0.035938
   14 	 0.007644 	 0.021523 	 0.043916
   15 	 0.007430 	 0.022943 	 0.054016
   16 	 0.011130 	 0.023038 	 0.053233
   17 	 0.012952 	 0.026003 	 0.049885
   18 	 0.015093 	 0.028583 	 0.053824
   19 	 0.011279 	 0.030790 	 0.052305
   20 	 0.013555 	 0.034272 	 0.051917
   21 	 0.013117 	 0.036883 	 0.055499
   22 	 0.014360 	 0.038239 	 0.069418
   23 	 0.014951 	 0.039539 	 0.080589
   24 	 0.014983 	 0.041487 	 0.065444
   25 	 0.015897 	 0.043748 	 0.085561
   26 	 0.014013 	 0.043637 	 0.086208
   27 	 0.017420 	 0.046035 	 0.092002
   28 	 0.018404 	 0.047774 	 0.087511
   29 	 0.013860 	 0.047996 	 0.089093
   30 	 0.010301 	 0.053366 	 0.091134
   31 	 0.012700 	 0.056109 	 0.101012
   32 	 0.015400 	 0.057064 	 0.100331
   33 	 0.022894 	 0.065257 	 0.122412
   34 	 0.013315 	 0.072478 	 0.112739
   35 	 0.020202 	 0.076763 	 0.120628
   36 	 0.019059 	 0.074052 	 0.132137
   37 	 0.019097 	 0.084361 	 0.131506
   38 	 0.032450 	 0.090735 	 0.128490
   39 	 0.015200 	 0.091344 	 0.144789
   40 	 0.010531 	 0.093327 	 0.141999
   41 	 0.021697 	 0.100615 	 0.144731
   42 	 0.013408 	 0.105774 	 0.148646
   43 	 0.019077 	 0.111659 	 0.149145
   44 	 0.030285 	 0.110670 	 0.145331
   45 	 0.017591 	 0.105633 	 0.144999
   46 	 0.013175 	 0.110528 	 0.148647
   47 	 0.008892 	 0.111613 	 0.183923
   48 	 0.012966 	 0.116983 	 0.185310
   49 	 0.018769 	 0.117995 	 0.193517
   50 	 0.016026 	 0.123123 	 0.200825
   51 	 0.022931 	 0.128595 	 0.232061
   52 	 0.022350 	 0.132760 	 0.199436
   53 	 0.054532 	 0.133205 	 0.225372
   54 	 0.027186 	 0.140488 	 0.229346
   55 	 0.022553 	 0.153158 	 0.268488
   56 	 0.085981 	 0.159221 	 0.254181
   57 	 0.077724 	 0.166166 	 0.247745
   58 	 0.080365 	 0.170112 	 0.255299
   59 	 0.031924 	 0.176122 	 0.270293
   60 	 0.019892 	 0.171769 	 0.270400
   61 	 0.027330 	 0.182079 	 0.293422
   62 	 0.026302 	 0.186210 	 0.290875
   63 	 0.029583 	 0.192822 	 0.304118
   64 	 0.018609 	 0.184448 	 0.313994
   65 	 0.036905 	 0.203559 	 0.315243
   66 	 0.020927 	 0.200334 	 0.306888
   67 	 0.019925 	 0.202600 	 0.314528
   68 	 0.020784 	 0.215062 	 0.313286
   69 	 0.023964 	 0.209221 	 0.404235
   70 	 0.024486 	 0.231407 	 0.396094
   71 	 0.038619 	 0.238248 	 0.408219
   72 	 0.018495 	 0.221921 	 0.388730
   73 	 0.038181 	 0.247377 	 0.405177
   74 	 0.019510 	 0.257842 	 0.409998
   75 	 0.081381 	 0.288650 	 0.429233
   76 	 0.091399 	 0.298949 	 0.437502
   77 	 0.035427 	 0.313118 	 0.436382
   78 	 0.068829 	 0.309361 	 0.418630
   79 	 0.017707 	 0.294085 	 0.434739
 