   0 	 0.002589 	 0.004442 	 0.008896
    1 	 0.002695 	 0.004708 	 0.008954
    2 	 0.002749 	 0.005232 	 0.009808
    3 	 0.003089 	 0.005888 	 0.011457
    4 	 0.003029 	 0.006315 	 0.014633
    5 	 0.002851 	 0.006756 	 0.016101
    6 	 0.003632 	 0.007849 	 0.020766
    7 	 0.004292 	 0.009128 	 0.017896
    8 	 0.004338 	 0.009494 	 0.017191
    9 	 0.005222 	 0.009833 	 0.022045
   10 	 0.005680 	 0.010545 	 0.025492
   11 	 0.005246 	 0.011091 	 0.026982
   12 	 0.004806 	 0.011879 	 0.039387
   13 	 0.004704 	 0.013330 	 0.039524
   14 	 0.007629 	 0.016052 	 0.043334
   15 	 0.006830 	 0.017563 	 0.049069
   16 	 0.008377 	 0.020444 	 0.049440
   17 	 0.007256 	 0.023199 	 0.049074
   18 	 0.009601 	 0.026179 	 0.050915
   19 	 0.008601 	 0.029481 	 0.051825
   20 	 0.012674 	 0.032888 	 0.053432
   21 	 0.009073 	 0.033846 	 0.056956
   22 	 0.018894 	 0.037052 	 0.067212
   23 	 0.014433 	 0.041278 	 0.067752
   24 	 0.010808 	 0.042129 	 0.066648
   25 	 0.010746 	 0.041709 	 0.068146
   26 	 0.015264 	 0.044719 	 0.065108
   27 	 0.014500 	 0.047108 	 0.065955
   28 	 0.012189 	 0.044944 	 0.068558
   29 	 0.013312 	 0.048808 	 0.065955
   30 	 0.013066 	 0.045672 	 0.071441
   31 	 0.015039 	 0.047587 	 0.070090
   32 	 0.009160 	 0.050513 	 0.071547
   33 	 0.016234 	 0.049906 	 0.069884
   34 	 0.022007 	 0.051150 	 0.070454
   35 	 0.016488 	 0.052393 	 0.070624
   36 	 0.017021 	 0.054391 	 0.071786
   37 	 0.018333 	 0.055956 	 0.070536
   38 	 0.022515 	 0.057161 	 0.089174
   39 	 0.018030 	 0.055556 	 0.108082
   40 	 0.018705 	 0.057487 	 0.106956
   41 	 0.021862 	 0.063120 	 0.108581
   42 	 0.021797 	 0.064327 	 0.106545
   43 	 0.026825 	 0.069530 	 0.110809
   44 	 0.017368 	 0.073626 	 0.109274
   45 	 0.030553 	 0.080490 	 0.117174
   46 	 0.036940 	 0.086526 	 0.144575
   47 	 0.030713 	 0.086168 	 0.118616
   48 	 0.020406 	 0.090560 	 0.116007
   49 	 0.018662 	 0.092844 	 0.114822
   50 	 0.014129 	 0.090149 	 0.110763
   51 	 0.022619 	 0.089187 	 0.118229
   52 	 0.018550 	 0.091026 	 0.122146
   53 	 0.018376 	 0.095765 	 0.120203
   54 	 0.018553 	 0.095553 	 0.121401
   55 	 0.018568 	 0.096001 	 0.118219
   56 	 0.029859 	 0.099693 	 0.128705
   57 	 0.018718 	 0.099676 	 0.126328
   58 	 0.020093 	 0.102361 	 0.124976
   59 	 0.018087 	 0.097388 	 0.128489
   60 	 0.026252 	 0.109302 	 0.133494
   61 	 0.035312 	 0.107552 	 0.129499
   62 	 0.029176 	 0.103689 	 0.127144
   63 	 0.027344 	 0.104075 	 0.128605
   64 	 0.036224 	 0.108052 	 0.129647
   65 	 0.034294 	 0.105780 	 0.129136
   66 	 0.020300 	 0.102734 	 0.135449
   67 	 0.018649 	 0.104707 	 0.137460
   68 	 0.024912 	 0.102169 	 0.126077
   69 	 0.025764 	 0.107987 	 0.132486
   70 	 0.025551 	 0.109199 	 0.137587
   71 	 0.026176 	 0.105035 	 0.133143
   72 	 0.020564 	 0.103183 	 0.132883
   73 	 0.043752 	 0.107579 	 0.138289
   74 	 0.043324 	 0.107893 	 0.138458
   75 	 0.018560 	 0.104499 	 0.135206
   76 	 0.020933 	 0.107739 	 0.129635
   77 	 0.038286 	 0.112492 	 0.137242
   78 	 0.026863 	 0.106608 	 0.126162
   79 	 0.026138 	 0.107801 	 0.135456
 