   0 	 0.002549 	 0.004566 	 0.008783
    1 	 0.002880 	 0.005053 	 0.010278
    2 	 0.002769 	 0.005876 	 0.011623
    3 	 0.002683 	 0.006609 	 0.013173
    4 	 0.002796 	 0.007801 	 0.014163
    5 	 0.003531 	 0.008398 	 0.014706
    6 	 0.005546 	 0.009335 	 0.018680
    7 	 0.005270 	 0.009521 	 0.016699
    8 	 0.006051 	 0.010141 	 0.017615
    9 	 0.006501 	 0.010975 	 0.020813
   10 	 0.005948 	 0.011908 	 0.018612
   11 	 0.006868 	 0.011957 	 0.020604
   12 	 0.006710 	 0.012375 	 0.024059
   13 	 0.006387 	 0.013282 	 0.025623
   14 	 0.007122 	 0.014066 	 0.025731
   15 	 0.006021 	 0.015142 	 0.030468
   16 	 0.006945 	 0.016897 	 0.037735
   17 	 0.006900 	 0.018089 	 0.041871
   18 	 0.008398 	 0.021849 	 0.046103
   19 	 0.007452 	 0.024402 	 0.056028
   20 	 0.007652 	 0.029693 	 0.060564
   21 	 0.012213 	 0.032452 	 0.064048
   22 	 0.013860 	 0.035022 	 0.064029
   23 	 0.013374 	 0.038079 	 0.075833
   24 	 0.017532 	 0.041649 	 0.077320
   25 	 0.016337 	 0.041949 	 0.065477
   26 	 0.018238 	 0.044009 	 0.065261
   27 	 0.009520 	 0.044975 	 0.097471
   28 	 0.013849 	 0.047980 	 0.066221
   29 	 0.015355 	 0.047305 	 0.067433
   30 	 0.017437 	 0.049112 	 0.072490
   31 	 0.015315 	 0.052458 	 0.068369
   32 	 0.025895 	 0.051413 	 0.068568
   33 	 0.015780 	 0.053698 	 0.083556
   34 	 0.014180 	 0.054474 	 0.082578
   35 	 0.021484 	 0.053883 	 0.089240
   36 	 0.021917 	 0.054318 	 0.104287
   37 	 0.029874 	 0.056364 	 0.081879
   38 	 0.018156 	 0.055190 	 0.083219
   39 	 0.015626 	 0.057340 	 0.082046
   40 	 0.019457 	 0.059611 	 0.092429
   41 	 0.019762 	 0.059614 	 0.100940
   42 	 0.019646 	 0.062377 	 0.091896
   43 	 0.019942 	 0.061726 	 0.089199
   44 	 0.018143 	 0.059140 	 0.096288
   45 	 0.015163 	 0.063883 	 0.098997
   46 	 0.018763 	 0.066722 	 0.119348
   47 	 0.021579 	 0.069525 	 0.130301
   48 	 0.021328 	 0.077813 	 0.130252
   49 	 0.040517 	 0.081884 	 0.139516
   50 	 0.023644 	 0.085452 	 0.134462
   51 	 0.021947 	 0.084982 	 0.131413
   52 	 0.054957 	 0.086509 	 0.127706
   53 	 0.024676 	 0.086644 	 0.131002
   54 	 0.024697 	 0.092463 	 0.135342
   55 	 0.020658 	 0.097083 	 0.146699
   56 	 0.015532 	 0.094411 	 0.151601
   57 	 0.020928 	 0.097657 	 0.156893
   58 	 0.014466 	 0.100994 	 0.135177
   59 	 0.034271 	 0.104887 	 0.147523
   60 	 0.015921 	 0.106953 	 0.160318
   61 	 0.022367 	 0.101303 	 0.164842
   62 	 0.041010 	 0.110222 	 0.178662
   63 	 0.021877 	 0.106816 	 0.178848
   64 	 0.049168 	 0.118231 	 0.159725
   65 	 0.021881 	 0.119319 	 0.174181
   66 	 0.027289 	 0.124595 	 0.174433
   67 	 0.015534 	 0.125359 	 0.178715
   68 	 0.012697 	 0.119964 	 0.174354
   69 	 0.023065 	 0.128557 	 0.174692
   70 	 0.028970 	 0.126444 	 0.187382
   71 	 0.024026 	 0.133425 	 0.189335
   72 	 0.076299 	 0.143924 	 0.198281
   73 	 0.027407 	 0.138427 	 0.222379
   74 	 0.027488 	 0.138125 	 0.225365
   75 	 0.045116 	 0.143464 	 0.227956
   76 	 0.036982 	 0.143345 	 0.228376
   77 	 0.024562 	 0.142760 	 0.214256
   78 	 0.042592 	 0.153460 	 0.233250
   79 	 0.025436 	 0.150713 	 0.235346
 