   0 	 0.002590 	 0.004791 	 0.010980
    1 	 0.003005 	 0.005059 	 0.010563
    2 	 0.003068 	 0.005681 	 0.009150
    3 	 0.002671 	 0.005803 	 0.009546
    4 	 0.002953 	 0.006096 	 0.012665
    5 	 0.003223 	 0.006489 	 0.012726
    6 	 0.003699 	 0.007534 	 0.019170
    7 	 0.003924 	 0.007550 	 0.014405
    8 	 0.003996 	 0.007948 	 0.013329
    9 	 0.004318 	 0.008247 	 0.017657
   10 	 0.003510 	 0.008841 	 0.016130
   11 	 0.005060 	 0.009135 	 0.017095
   12 	 0.005165 	 0.010216 	 0.019070
   13 	 0.005231 	 0.011383 	 0.027333
   14 	 0.005705 	 0.012813 	 0.048164
   15 	 0.005270 	 0.013612 	 0.043772
   16 	 0.007047 	 0.014152 	 0.029862
   17 	 0.007612 	 0.014532 	 0.031308
   18 	 0.007461 	 0.016633 	 0.046101
   19 	 0.007024 	 0.017850 	 0.042084
   20 	 0.007033 	 0.019755 	 0.044481
   21 	 0.007088 	 0.023143 	 0.044745
   22 	 0.007501 	 0.026133 	 0.053034
   23 	 0.013094 	 0.027848 	 0.052811
   24 	 0.009086 	 0.032226 	 0.059431
   25 	 0.008373 	 0.035032 	 0.057962
   26 	 0.015720 	 0.038319 	 0.067701
   27 	 0.015460 	 0.041660 	 0.077779
   28 	 0.019164 	 0.045329 	 0.078330
   29 	 0.023057 	 0.046925 	 0.077534
   30 	 0.012346 	 0.046729 	 0.084462
   31 	 0.018518 	 0.049879 	 0.084131
   32 	 0.017235 	 0.050260 	 0.089286
   33 	 0.030825 	 0.051316 	 0.089492
   34 	 0.014975 	 0.049536 	 0.088151
   35 	 0.015181 	 0.051504 	 0.092576
   36 	 0.013212 	 0.050535 	 0.083423
   37 	 0.019798 	 0.052520 	 0.081668
   38 	 0.016035 	 0.053784 	 0.097350
   39 	 0.025571 	 0.061404 	 0.097313
   40 	 0.022340 	 0.064915 	 0.100214
   41 	 0.017005 	 0.069889 	 0.105779
   42 	 0.015640 	 0.074783 	 0.111784
   43 	 0.016672 	 0.079073 	 0.113679
   44 	 0.040924 	 0.081995 	 0.122749
   45 	 0.044394 	 0.090897 	 0.137855
   46 	 0.053861 	 0.094411 	 0.164745
   47 	 0.018186 	 0.100298 	 0.159214
   48 	 0.018025 	 0.104168 	 0.156131
   49 	 0.029671 	 0.103789 	 0.150222
   50 	 0.023785 	 0.105034 	 0.146983
   51 	 0.018185 	 0.113031 	 0.183678
   52 	 0.016897 	 0.107704 	 0.166216
   53 	 0.011646 	 0.109158 	 0.196243
   54 	 0.045526 	 0.119487 	 0.190869
   55 	 0.021789 	 0.116709 	 0.163359
   56 	 0.017926 	 0.114056 	 0.155187
   57 	 0.013981 	 0.121279 	 0.174173
   58 	 0.034275 	 0.122882 	 0.167982
   59 	 0.025618 	 0.123879 	 0.185504
   60 	 0.021924 	 0.126207 	 0.170513
   61 	 0.017743 	 0.130008 	 0.183400
   62 	 0.018997 	 0.128174 	 0.203297
   63 	 0.018588 	 0.131165 	 0.186064
   64 	 0.018858 	 0.127060 	 0.201263
   65 	 0.023622 	 0.134753 	 0.249805
   66 	 0.011059 	 0.133448 	 0.202454
   67 	 0.018383 	 0.149164 	 0.235270
   68 	 0.016935 	 0.145361 	 0.287688
   69 	 0.021616 	 0.168539 	 0.336279
   70 	 0.076319 	 0.183117 	 0.305535
   71 	 0.094137 	 0.183469 	 0.315813
   72 	 0.036425 	 0.180278 	 0.284013
   73 	 0.038039 	 0.184493 	 0.313711
   74 	 0.018410 	 0.189562 	 0.322476
   75 	 0.023885 	 0.211726 	 0.373206
   76 	 0.015339 	 0.217396 	 0.328668
   77 	 0.018574 	 0.230581 	 0.359434
   78 	 0.028111 	 0.250593 	 0.345054
   79 	 0.020347 	 0.258151 	 0.347166
 