   0 	 0.002281 	 0.004730 	 0.016736
    1 	 0.002644 	 0.004952 	 0.011285
    2 	 0.002654 	 0.005366 	 0.011639
    3 	 0.002656 	 0.005996 	 0.014488
    4 	 0.004260 	 0.006762 	 0.015240
    5 	 0.003719 	 0.007520 	 0.013770
    6 	 0.004149 	 0.008678 	 0.018181
    7 	 0.005002 	 0.009931 	 0.023633
    8 	 0.005379 	 0.011795 	 0.026524
    9 	 0.005902 	 0.013031 	 0.024149
   10 	 0.005442 	 0.014441 	 0.029068
   11 	 0.005261 	 0.014704 	 0.031739
   12 	 0.005964 	 0.016374 	 0.040463
   13 	 0.006235 	 0.019177 	 0.049139
   14 	 0.007058 	 0.021442 	 0.060291
   15 	 0.009056 	 0.023934 	 0.041318
   16 	 0.009670 	 0.025770 	 0.043639
   17 	 0.009830 	 0.025479 	 0.048027
   18 	 0.013878 	 0.027118 	 0.047440
   19 	 0.012915 	 0.028375 	 0.053895
   20 	 0.010822 	 0.029933 	 0.053700
   21 	 0.009642 	 0.031855 	 0.057276
   22 	 0.011450 	 0.035175 	 0.059375
   23 	 0.010474 	 0.037543 	 0.081748
   24 	 0.010832 	 0.040701 	 0.081041
   25 	 0.010583 	 0.043937 	 0.081788
   26 	 0.014385 	 0.046574 	 0.087152
   27 	 0.009642 	 0.047339 	 0.124748
   28 	 0.019955 	 0.054397 	 0.120094
   29 	 0.016768 	 0.056524 	 0.127445
   30 	 0.015869 	 0.057872 	 0.154116
   31 	 0.021284 	 0.067692 	 0.199181
   32 	 0.027575 	 0.081388 	 0.195316
   33 	 0.016533 	 0.093273 	 0.181378
   34 	 0.019612 	 0.098923 	 0.213150
   35 	 0.011933 	 0.103526 	 0.200389
   36 	 0.025103 	 0.107478 	 0.190224
   37 	 0.017181 	 0.116475 	 0.212257
   38 	 0.017146 	 0.123723 	 0.232922
   39 	 0.024841 	 0.124039 	 0.254271
   40 	 0.042047 	 0.138911 	 0.267713
   41 	 0.022808 	 0.133819 	 0.250153
   42 	 0.036071 	 0.144844 	 0.233028
   43 	 0.037783 	 0.166107 	 0.304177
   44 	 0.025427 	 0.170333 	 0.266835
   45 	 0.032544 	 0.187243 	 0.288719
   46 	 0.032630 	 0.192659 	 0.340330
   47 	 0.036326 	 0.187132 	 0.360677
   48 	 0.013982 	 0.190564 	 0.323217
   49 	 0.014065 	 0.199135 	 0.312755
   50 	 0.033223 	 0.217624 	 0.344313
   51 	 0.058627 	 0.230845 	 0.337187
   52 	 0.019672 	 0.221861 	 0.375925
   53 	 0.029383 	 0.232594 	 0.379447
   54 	 0.020499 	 0.252985 	 0.442326
   55 	 0.037925 	 0.263568 	 0.475972
   56 	 0.020574 	 0.266348 	 0.502467
   57 	 0.040008 	 0.285109 	 0.460412
   58 	 0.040308 	 0.281304 	 0.619947
   59 	 0.029693 	 0.305545 	 0.496679
   60 	 0.022034 	 0.315134 	 0.588526
   61 	 0.047911 	 0.334593 	 0.606526
   62 	 0.041259 	 0.362540 	 0.584630
   63 	 0.019922 	 0.369115 	 0.650452
   64 	 0.050554 	 0.395449 	 0.676091
   65 	 0.020639 	 0.375475 	 0.677557
   66 	 0.020022 	 0.392262 	 0.649279
   67 	 0.039200 	 0.395490 	 0.648926
   68 	 0.022209 	 0.397678 	 0.654367
   69 	 0.049707 	 0.432151 	 0.681311
   70 	 0.022670 	 0.408176 	 0.699738
   71 	 0.039006 	 0.437015 	 0.654367
   72 	 0.059007 	 0.428082 	 0.695263
   73 	 0.034403 	 0.423633 	 0.731473
   74 	 0.014515 	 0.445784 	 0.713514
   75 	 0.028599 	 0.480972 	 0.759908
   76 	 0.042172 	 0.463604 	 0.684526
   77 	 0.043705 	 0.502740 	 0.688957
   78 	 0.305775 	 0.490822 	 0.712902
   79 	 0.020093 	 0.440922 	 0.709720
 