   0 	 0.002406 	 0.004501 	 0.011721
    1 	 0.002948 	 0.004679 	 0.011738
    2 	 0.002892 	 0.005207 	 0.010068
    3 	 0.003585 	 0.005887 	 0.013501
    4 	 0.003526 	 0.006495 	 0.014482
    5 	 0.004135 	 0.006768 	 0.013750
    6 	 0.003716 	 0.007600 	 0.013808
    7 	 0.004140 	 0.007466 	 0.013142
    8 	 0.003016 	 0.007325 	 0.011987
    9 	 0.004296 	 0.007683 	 0.012646
   10 	 0.004435 	 0.008033 	 0.025898
   11 	 0.004326 	 0.009093 	 0.029767
   12 	 0.004501 	 0.010120 	 0.029604
   13 	 0.005053 	 0.012850 	 0.029304
   14 	 0.006109 	 0.015507 	 0.037541
   15 	 0.007152 	 0.018180 	 0.044426
   16 	 0.007766 	 0.020022 	 0.048167
   17 	 0.009728 	 0.022861 	 0.059168
   18 	 0.009039 	 0.027554 	 0.070074
   19 	 0.010289 	 0.031312 	 0.073324
   20 	 0.009959 	 0.034203 	 0.067593
   21 	 0.011737 	 0.037980 	 0.072526
   22 	 0.014940 	 0.041005 	 0.080564
   23 	 0.014634 	 0.041450 	 0.076121
   24 	 0.010881 	 0.046514 	 0.086986
   25 	 0.019044 	 0.052209 	 0.087098
   26 	 0.024581 	 0.058220 	 0.095994
   27 	 0.021364 	 0.060492 	 0.099503
   28 	 0.021462 	 0.060409 	 0.097136
   29 	 0.021865 	 0.065980 	 0.093930
   30 	 0.012870 	 0.065476 	 0.103571
   31 	 0.010948 	 0.074129 	 0.118867
   32 	 0.019114 	 0.072922 	 0.115197
   33 	 0.010253 	 0.073768 	 0.094490
   34 	 0.030204 	 0.077718 	 0.104554
   35 	 0.012693 	 0.074944 	 0.138162
   36 	 0.012209 	 0.073964 	 0.123043
   37 	 0.029926 	 0.078998 	 0.118130
   38 	 0.013176 	 0.077480 	 0.106241
   39 	 0.025177 	 0.078005 	 0.108586
   40 	 0.011652 	 0.078977 	 0.108716
   41 	 0.012232 	 0.077821 	 0.131336
   42 	 0.021801 	 0.082827 	 0.125632
   43 	 0.035814 	 0.087067 	 0.134600
   44 	 0.014528 	 0.084774 	 0.123215
   45 	 0.034853 	 0.093592 	 0.133499
   46 	 0.033739 	 0.094054 	 0.142835
   47 	 0.020987 	 0.094921 	 0.144697
   48 	 0.013980 	 0.093105 	 0.135945
   49 	 0.020339 	 0.098072 	 0.153706
   50 	 0.036434 	 0.101999 	 0.155816
   51 	 0.030057 	 0.098015 	 0.156215
   52 	 0.012897 	 0.102703 	 0.150812
   53 	 0.013361 	 0.105020 	 0.152716
   54 	 0.072943 	 0.113995 	 0.147646
   55 	 0.031615 	 0.110024 	 0.147753
   56 	 0.013941 	 0.109908 	 0.169270
   57 	 0.011833 	 0.110249 	 0.211823
   58 	 0.023945 	 0.114463 	 0.205189
   59 	 0.012470 	 0.115313 	 0.204970
   60 	 0.012533 	 0.118526 	 0.179924
   61 	 0.019635 	 0.117462 	 0.175192
   62 	 0.012726 	 0.124839 	 0.184699
   63 	 0.042846 	 0.128725 	 0.189309
   64 	 0.032227 	 0.128579 	 0.185796
   65 	 0.012453 	 0.130275 	 0.207835
   66 	 0.032995 	 0.140271 	 0.190825
   67 	 0.032496 	 0.133963 	 0.213138
   68 	 0.052043 	 0.136588 	 0.187249
   69 	 0.022903 	 0.135979 	 0.194063
   70 	 0.038461 	 0.143535 	 0.193163
   71 	 0.013192 	 0.144159 	 0.209929
   72 	 0.035025 	 0.154082 	 0.233550
   73 	 0.047187 	 0.159891 	 0.204481
   74 	 0.012700 	 0.162070 	 0.241168
   75 	 0.013769 	 0.160923 	 0.243740
   76 	 0.011107 	 0.166813 	 0.232925
   77 	 0.121423 	 0.176185 	 0.227071
   78 	 0.086033 	 0.180221 	 0.241543
   79 	 0.045923 	 0.173593 	 0.342740
 