   0 	 0.002599 	 0.004727 	 0.008926
    1 	 0.002394 	 0.005008 	 0.013400
    2 	 0.002533 	 0.005847 	 0.013462
    3 	 0.002997 	 0.006826 	 0.014121
    4 	 0.003678 	 0.007205 	 0.016542
    5 	 0.003690 	 0.008290 	 0.017746
    6 	 0.004719 	 0.009173 	 0.017871
    7 	 0.004933 	 0.009958 	 0.019792
    8 	 0.005405 	 0.011943 	 0.027014
    9 	 0.005455 	 0.012858 	 0.027624
   10 	 0.006819 	 0.014619 	 0.025263
   11 	 0.006110 	 0.015697 	 0.031137
   12 	 0.006032 	 0.018161 	 0.041529
   13 	 0.008745 	 0.020971 	 0.047495
   14 	 0.008541 	 0.024049 	 0.049237
   15 	 0.011112 	 0.026659 	 0.046688
   16 	 0.011949 	 0.026659 	 0.047352
   17 	 0.011905 	 0.029767 	 0.050319
   18 	 0.014418 	 0.032718 	 0.062233
   19 	 0.021189 	 0.034458 	 0.058223
   20 	 0.012131 	 0.032569 	 0.059271
   21 	 0.014071 	 0.035388 	 0.060125
   22 	 0.012138 	 0.035735 	 0.058758
   23 	 0.011644 	 0.036055 	 0.059519
   24 	 0.011383 	 0.036220 	 0.053424
   25 	 0.014476 	 0.035850 	 0.054025
   26 	 0.010648 	 0.034811 	 0.052787
   27 	 0.012064 	 0.034926 	 0.056985
   28 	 0.019835 	 0.040308 	 0.062949
   29 	 0.018681 	 0.041426 	 0.077381
   30 	 0.023481 	 0.041116 	 0.075282
   31 	 0.015233 	 0.041371 	 0.098217
   32 	 0.020883 	 0.044152 	 0.100314
   33 	 0.014771 	 0.045660 	 0.097334
   34 	 0.024738 	 0.050629 	 0.090969
   35 	 0.016020 	 0.049463 	 0.103099
   36 	 0.013676 	 0.053070 	 0.083748
   37 	 0.020591 	 0.051972 	 0.082896
   38 	 0.015038 	 0.054006 	 0.097287
   39 	 0.013101 	 0.056669 	 0.097363
   40 	 0.015223 	 0.065325 	 0.132414
   41 	 0.014732 	 0.066101 	 0.138724
   42 	 0.013205 	 0.072428 	 0.132220
   43 	 0.018204 	 0.071333 	 0.156536
   44 	 0.013872 	 0.072189 	 0.140182
   45 	 0.020499 	 0.080150 	 0.136072
   46 	 0.038195 	 0.092461 	 0.140251
   47 	 0.019652 	 0.098604 	 0.166008
   48 	 0.058835 	 0.103792 	 0.142508
   49 	 0.031859 	 0.113554 	 0.143596
   50 	 0.017730 	 0.114588 	 0.148522
   51 	 0.014513 	 0.118672 	 0.154286
   52 	 0.014466 	 0.122966 	 0.155306
   53 	 0.024451 	 0.128280 	 0.205317
   54 	 0.024491 	 0.118354 	 0.189609
   55 	 0.052712 	 0.131524 	 0.184000
   56 	 0.010227 	 0.129323 	 0.166751
   57 	 0.052137 	 0.132226 	 0.264219
   58 	 0.019666 	 0.126502 	 0.230806
   59 	 0.015482 	 0.133380 	 0.257381
   60 	 0.026882 	 0.144063 	 0.283790
   61 	 0.070546 	 0.159096 	 0.315324
   62 	 0.072365 	 0.160257 	 0.343756
   63 	 0.025340 	 0.160585 	 0.446726
   64 	 0.020112 	 0.169243 	 0.416637
   65 	 0.019390 	 0.170652 	 0.296892
   66 	 0.027628 	 0.192733 	 0.373691
   67 	 0.019881 	 0.212650 	 0.393013
   68 	 0.015208 	 0.216510 	 0.402769
   69 	 0.015297 	 0.227857 	 0.375696
   70 	 0.015036 	 0.243796 	 0.349373
   71 	 0.025325 	 0.263619 	 0.396327
   72 	 0.089694 	 0.273873 	 0.433558
   73 	 0.015119 	 0.261243 	 0.485031
   74 	 0.030092 	 0.270038 	 0.380357
   75 	 0.071674 	 0.272735 	 0.447539
   76 	 0.013751 	 0.270089 	 0.428376
   77 	 0.056523 	 0.300193 	 0.458537
   78 	 0.058220 	 0.292927 	 0.484471
   79 	 0.019434 	 0.314758 	 0.476166
 