   0 	 0.002526 	 0.004490 	 0.008361
    1 	 0.002405 	 0.004871 	 0.011242
    2 	 0.002768 	 0.005390 	 0.010643
    3 	 0.003291 	 0.006841 	 0.015382
    4 	 0.003192 	 0.007195 	 0.015551
    5 	 0.004107 	 0.007895 	 0.015568
    6 	 0.004050 	 0.008285 	 0.015715
    7 	 0.004422 	 0.009312 	 0.017596
    8 	 0.005048 	 0.010570 	 0.020617
    9 	 0.005418 	 0.010589 	 0.020086
   10 	 0.005437 	 0.011450 	 0.023882
   11 	 0.006371 	 0.012257 	 0.024788
   12 	 0.007060 	 0.014052 	 0.032969
   13 	 0.007637 	 0.017373 	 0.032318
   14 	 0.010238 	 0.018201 	 0.031353
   15 	 0.007711 	 0.019383 	 0.036855
   16 	 0.010173 	 0.020758 	 0.041589
   17 	 0.008714 	 0.022985 	 0.038952
   18 	 0.011529 	 0.023715 	 0.038864
   19 	 0.010992 	 0.025093 	 0.040075
   20 	 0.008701 	 0.025723 	 0.045848
   21 	 0.017617 	 0.027746 	 0.043548
   22 	 0.015838 	 0.028550 	 0.047449
   23 	 0.011267 	 0.028414 	 0.041108
   24 	 0.009048 	 0.029076 	 0.045617
   25 	 0.015087 	 0.030997 	 0.044352
   26 	 0.014297 	 0.030269 	 0.053721
   27 	 0.013180 	 0.031213 	 0.048315
   28 	 0.013162 	 0.032060 	 0.043521
   29 	 0.013083 	 0.032940 	 0.045104
   30 	 0.011818 	 0.034511 	 0.053845
   31 	 0.021024 	 0.036633 	 0.044585
   32 	 0.021418 	 0.037651 	 0.046017
   33 	 0.010957 	 0.036995 	 0.051257
   34 	 0.011019 	 0.037119 	 0.056057
   35 	 0.017421 	 0.037597 	 0.054252
   36 	 0.023219 	 0.038137 	 0.052245
   37 	 0.020515 	 0.038600 	 0.053240
   38 	 0.016996 	 0.039609 	 0.054015
   39 	 0.019188 	 0.038941 	 0.051450
   40 	 0.012119 	 0.039966 	 0.057317
   41 	 0.010944 	 0.040712 	 0.057703
   42 	 0.014884 	 0.041180 	 0.058030
   43 	 0.014517 	 0.038161 	 0.057122
   44 	 0.014563 	 0.038862 	 0.057326
   45 	 0.012784 	 0.039047 	 0.060771
   46 	 0.015164 	 0.040437 	 0.056586
   47 	 0.015862 	 0.042070 	 0.056465
   48 	 0.022494 	 0.043456 	 0.056321
   49 	 0.011880 	 0.042923 	 0.059111
   50 	 0.013294 	 0.043628 	 0.058613
   51 	 0.014968 	 0.044601 	 0.059276
   52 	 0.024562 	 0.045936 	 0.080409
   53 	 0.022349 	 0.045370 	 0.066762
   54 	 0.015523 	 0.048171 	 0.080515
   55 	 0.023352 	 0.054424 	 0.089841
   56 	 0.027445 	 0.057548 	 0.091385
   57 	 0.022173 	 0.058304 	 0.093607
   58 	 0.012447 	 0.057974 	 0.091122
   59 	 0.018729 	 0.063753 	 0.103103
   60 	 0.024017 	 0.066081 	 0.095861
   61 	 0.017925 	 0.064438 	 0.100634
   62 	 0.024275 	 0.069568 	 0.101408
   63 	 0.023197 	 0.072639 	 0.101616
   64 	 0.028231 	 0.078239 	 0.103123
   65 	 0.030153 	 0.081358 	 0.112892
   66 	 0.028143 	 0.083872 	 0.117466
   67 	 0.027743 	 0.081739 	 0.145385
   68 	 0.032191 	 0.082551 	 0.115331
   69 	 0.018584 	 0.082606 	 0.108965
   70 	 0.035796 	 0.089766 	 0.112311
   71 	 0.033035 	 0.085227 	 0.126783
   72 	 0.032030 	 0.085498 	 0.128131
   73 	 0.017585 	 0.087268 	 0.128614
   74 	 0.018453 	 0.087878 	 0.127761
   75 	 0.031846 	 0.090303 	 0.127393
   76 	 0.023402 	 0.086131 	 0.124164
   77 	 0.015946 	 0.094887 	 0.136893
   78 	 0.033239 	 0.099618 	 0.165203
   79 	 0.035337 	 0.101313 	 0.147963
 