   0 	 0.002667 	 0.004611 	 0.009820
    1 	 0.002669 	 0.005086 	 0.010138
    2 	 0.002917 	 0.005864 	 0.010342
    3 	 0.003395 	 0.006784 	 0.015630
    4 	 0.003273 	 0.007923 	 0.031334
    5 	 0.003665 	 0.009993 	 0.034650
    6 	 0.005430 	 0.012319 	 0.036772
    7 	 0.005036 	 0.017585 	 0.048537
    8 	 0.004492 	 0.021323 	 0.063865
    9 	 0.006824 	 0.026353 	 0.063111
   10 	 0.009889 	 0.034552 	 0.068098
   11 	 0.010704 	 0.038174 	 0.074238
   12 	 0.023537 	 0.044497 	 0.092235
   13 	 0.023584 	 0.045932 	 0.083007
   14 	 0.023119 	 0.048826 	 0.082629
   15 	 0.020041 	 0.050154 	 0.079945
   16 	 0.017284 	 0.055449 	 0.109832
   17 	 0.015726 	 0.051076 	 0.086187
   18 	 0.014420 	 0.053451 	 0.088403
   19 	 0.023299 	 0.060162 	 0.097535
   20 	 0.024473 	 0.060136 	 0.098300
   21 	 0.035062 	 0.062796 	 0.096947
   22 	 0.013371 	 0.063395 	 0.089948
   23 	 0.013209 	 0.067648 	 0.102388
   24 	 0.027181 	 0.068214 	 0.096199
   25 	 0.017396 	 0.066303 	 0.102101
   26 	 0.019567 	 0.067612 	 0.104905
   27 	 0.014082 	 0.069855 	 0.110883
   28 	 0.013573 	 0.074148 	 0.115178
   29 	 0.022136 	 0.073839 	 0.127058
   30 	 0.026475 	 0.081931 	 0.140132
   31 	 0.035905 	 0.082331 	 0.158234
   32 	 0.021938 	 0.081816 	 0.157496
   33 	 0.015652 	 0.085413 	 0.159609
   34 	 0.038225 	 0.092734 	 0.158032
   35 	 0.014148 	 0.087837 	 0.158964
   36 	 0.012752 	 0.089726 	 0.149854
   37 	 0.013056 	 0.100225 	 0.165311
   38 	 0.012166 	 0.101618 	 0.174604
   39 	 0.027900 	 0.110293 	 0.180322
   40 	 0.025348 	 0.113824 	 0.178577
   41 	 0.025266 	 0.119778 	 0.213784
   42 	 0.015326 	 0.124381 	 0.251860
   43 	 0.027872 	 0.132746 	 0.268531
   44 	 0.019912 	 0.152476 	 0.254412
   45 	 0.025735 	 0.154346 	 0.272747
   46 	 0.014233 	 0.158505 	 0.288755
   47 	 0.019732 	 0.190144 	 0.283703
   48 	 0.035930 	 0.179305 	 0.291691
   49 	 0.023567 	 0.186197 	 0.294497
   50 	 0.020915 	 0.193062 	 0.286614
   51 	 0.034940 	 0.202729 	 0.278468
   52 	 0.024936 	 0.215906 	 0.314977
   53 	 0.015327 	 0.207789 	 0.333128
   54 	 0.012599 	 0.218277 	 0.314840
   55 	 0.036796 	 0.226562 	 0.351906
   56 	 0.021481 	 0.226676 	 0.301615
   57 	 0.076931 	 0.240011 	 0.338849
   58 	 0.022821 	 0.228984 	 0.309852
   59 	 0.044626 	 0.240453 	 0.331785
   60 	 0.015683 	 0.232454 	 0.332704
   61 	 0.044994 	 0.226732 	 0.328663
   62 	 0.047883 	 0.227095 	 0.337006
   63 	 0.016931 	 0.226693 	 0.312149
   64 	 0.019297 	 0.222906 	 0.326273
   65 	 0.018905 	 0.226043 	 0.355481
   66 	 0.024316 	 0.228839 	 0.316103
   67 	 0.023026 	 0.230550 	 0.316926
   68 	 0.013099 	 0.209013 	 0.316398
   69 	 0.021288 	 0.210610 	 0.288942
   70 	 0.023068 	 0.224235 	 0.307374
   71 	 0.024052 	 0.229618 	 0.380681
   72 	 0.047878 	 0.240654 	 0.342020
   73 	 0.028007 	 0.230484 	 0.388040
   74 	 0.013551 	 0.235595 	 0.407741
   75 	 0.021085 	 0.239952 	 0.450193
   76 	 0.013034 	 0.232546 	 0.446140
   77 	 0.013560 	 0.250616 	 0.597706
   78 	 0.017675 	 0.261123 	 0.557752
   79 	 0.020906 	 0.261928 	 0.658423
 