   0 	 0.002347 	 0.004765 	 0.011986
    1 	 0.002880 	 0.005260 	 0.014271
    2 	 0.003317 	 0.006077 	 0.012953
    3 	 0.003292 	 0.006925 	 0.015962
    4 	 0.003738 	 0.008161 	 0.021654
    5 	 0.003866 	 0.008763 	 0.021592
    6 	 0.004504 	 0.009547 	 0.021322
    7 	 0.004713 	 0.010740 	 0.027481
    8 	 0.004503 	 0.012949 	 0.031854
    9 	 0.004861 	 0.016068 	 0.039306
   10 	 0.009236 	 0.020040 	 0.043486
   11 	 0.009162 	 0.022731 	 0.044056
   12 	 0.009220 	 0.024976 	 0.053450
   13 	 0.008575 	 0.027745 	 0.050919
   14 	 0.012431 	 0.031264 	 0.050810
   15 	 0.015584 	 0.033971 	 0.054353
   16 	 0.011804 	 0.033408 	 0.056209
   17 	 0.014225 	 0.034978 	 0.058493
   18 	 0.011516 	 0.035535 	 0.060808
   19 	 0.011032 	 0.036729 	 0.058209
   20 	 0.012037 	 0.035314 	 0.065851
   21 	 0.012716 	 0.037110 	 0.066834
   22 	 0.012298 	 0.039515 	 0.058751
   23 	 0.012296 	 0.042281 	 0.066475
   24 	 0.019561 	 0.046731 	 0.066398
   25 	 0.017250 	 0.049220 	 0.077613
   26 	 0.022405 	 0.051516 	 0.077969
   27 	 0.022306 	 0.055040 	 0.077259
   28 	 0.025634 	 0.057208 	 0.080914
   29 	 0.018070 	 0.057328 	 0.080626
   30 	 0.023897 	 0.056775 	 0.081623
   31 	 0.015906 	 0.058634 	 0.080654
   32 	 0.015413 	 0.058619 	 0.080219
   33 	 0.017294 	 0.059433 	 0.086432
   34 	 0.011634 	 0.060023 	 0.079687
   35 	 0.015061 	 0.060739 	 0.083512
   36 	 0.015191 	 0.062038 	 0.089034
   37 	 0.014489 	 0.063569 	 0.089517
   38 	 0.026825 	 0.063834 	 0.087750
   39 	 0.026116 	 0.064735 	 0.089455
   40 	 0.016948 	 0.061147 	 0.087167
   41 	 0.020622 	 0.067449 	 0.091373
   42 	 0.027042 	 0.069274 	 0.089259
   43 	 0.015729 	 0.066787 	 0.089851
   44 	 0.044122 	 0.072065 	 0.087963
   45 	 0.031637 	 0.073226 	 0.109354
   46 	 0.017510 	 0.069876 	 0.089176
   47 	 0.022532 	 0.072949 	 0.090002
   48 	 0.031303 	 0.072498 	 0.089603
   49 	 0.012529 	 0.073560 	 0.091474
   50 	 0.025125 	 0.075022 	 0.096273
   51 	 0.022478 	 0.075853 	 0.091884
   52 	 0.017782 	 0.076685 	 0.092962
   53 	 0.013871 	 0.075347 	 0.093627
   54 	 0.015464 	 0.077201 	 0.097268
   55 	 0.016874 	 0.077190 	 0.100693
   56 	 0.023545 	 0.079338 	 0.101681
   57 	 0.030164 	 0.080704 	 0.103012
   58 	 0.017203 	 0.079975 	 0.105856
   59 	 0.015075 	 0.078702 	 0.102525
   60 	 0.021860 	 0.079989 	 0.100266
   61 	 0.027755 	 0.081308 	 0.102900
   62 	 0.027955 	 0.082003 	 0.103154
   63 	 0.025188 	 0.083422 	 0.103962
   64 	 0.035386 	 0.082267 	 0.100582
   65 	 0.035027 	 0.084157 	 0.111597
   66 	 0.020162 	 0.084558 	 0.126546
   67 	 0.028164 	 0.083889 	 0.127064
   68 	 0.029027 	 0.082762 	 0.104008
   69 	 0.028782 	 0.084394 	 0.112751
   70 	 0.028403 	 0.089340 	 0.109285
   71 	 0.034059 	 0.087375 	 0.118875
   72 	 0.041630 	 0.088005 	 0.117684
   73 	 0.040426 	 0.088826 	 0.116320
   74 	 0.054033 	 0.089823 	 0.120807
   75 	 0.022861 	 0.092141 	 0.114405
   76 	 0.024405 	 0.090956 	 0.121671
   77 	 0.014204 	 0.091907 	 0.121230
   78 	 0.013815 	 0.090543 	 0.112963
   79 	 0.018210 	 0.093983 	 0.114670
 