   0 	 0.002086 	 0.004519 	 0.009918
    1 	 0.001806 	 0.004751 	 0.009479
    2 	 0.002486 	 0.005327 	 0.008894
    3 	 0.002610 	 0.005710 	 0.016412
    4 	 0.002678 	 0.006354 	 0.016263
    5 	 0.002807 	 0.007319 	 0.018198
    6 	 0.003612 	 0.007888 	 0.017096
    7 	 0.004353 	 0.008706 	 0.016883
    8 	 0.003883 	 0.008407 	 0.016534
    9 	 0.004014 	 0.008901 	 0.022205
   10 	 0.003857 	 0.009529 	 0.024944
   11 	 0.004779 	 0.010862 	 0.024929
   12 	 0.005662 	 0.011632 	 0.020660
   13 	 0.006035 	 0.012746 	 0.022085
   14 	 0.004285 	 0.014135 	 0.024483
   15 	 0.004436 	 0.015678 	 0.030137
   16 	 0.006590 	 0.016257 	 0.030104
   17 	 0.006875 	 0.016981 	 0.037562
   18 	 0.008720 	 0.018323 	 0.035163
   19 	 0.009089 	 0.019353 	 0.043334
   20 	 0.011663 	 0.022249 	 0.045248
   21 	 0.010722 	 0.024372 	 0.047108
   22 	 0.009950 	 0.026062 	 0.047388
   23 	 0.009547 	 0.031838 	 0.069250
   24 	 0.015777 	 0.033665 	 0.047738
   25 	 0.015773 	 0.035085 	 0.055184
   26 	 0.015642 	 0.034746 	 0.055095
   27 	 0.011012 	 0.035246 	 0.052076
   28 	 0.007592 	 0.035186 	 0.057944
   29 	 0.007537 	 0.036449 	 0.063508
   30 	 0.015825 	 0.038804 	 0.062894
   31 	 0.021606 	 0.038408 	 0.058908
   32 	 0.014817 	 0.036662 	 0.055190
   33 	 0.020880 	 0.038529 	 0.054750
   34 	 0.010107 	 0.038194 	 0.055312
   35 	 0.019264 	 0.037129 	 0.055429
   36 	 0.014179 	 0.038043 	 0.061526
   37 	 0.010373 	 0.039099 	 0.068419
   38 	 0.010362 	 0.042266 	 0.075880
   39 	 0.020383 	 0.045792 	 0.099138
   40 	 0.011586 	 0.049312 	 0.092338
   41 	 0.017369 	 0.051331 	 0.115251
   42 	 0.015348 	 0.054461 	 0.106701
   43 	 0.014050 	 0.057043 	 0.106118
   44 	 0.015420 	 0.061904 	 0.112318
   45 	 0.015378 	 0.061406 	 0.110824
   46 	 0.018678 	 0.067107 	 0.112451
   47 	 0.026724 	 0.067315 	 0.105370
   48 	 0.023461 	 0.067914 	 0.108960
   49 	 0.041257 	 0.073612 	 0.107489
   50 	 0.039571 	 0.072976 	 0.100548
   51 	 0.023091 	 0.072048 	 0.114302
   52 	 0.023059 	 0.071455 	 0.103939
   53 	 0.034295 	 0.079445 	 0.108905
   54 	 0.013703 	 0.076547 	 0.106107
   55 	 0.026962 	 0.080532 	 0.110600
   56 	 0.034603 	 0.083021 	 0.119236
   57 	 0.023402 	 0.082420 	 0.120858
   58 	 0.033477 	 0.088770 	 0.114535
   59 	 0.022400 	 0.085875 	 0.135311
   60 	 0.031482 	 0.090327 	 0.131930
   61 	 0.021729 	 0.094211 	 0.129494
   62 	 0.035051 	 0.098441 	 0.158306
   63 	 0.029925 	 0.100917 	 0.136940
   64 	 0.030559 	 0.102288 	 0.141701
   65 	 0.018713 	 0.099366 	 0.139885
   66 	 0.019524 	 0.100341 	 0.147341
   67 	 0.017629 	 0.102910 	 0.157048
   68 	 0.033559 	 0.104392 	 0.160768
   69 	 0.034092 	 0.106527 	 0.144710
   70 	 0.029714 	 0.104425 	 0.152732
   71 	 0.037980 	 0.104342 	 0.158778
   72 	 0.033705 	 0.105227 	 0.166538
   73 	 0.028045 	 0.108136 	 0.151564
   74 	 0.030789 	 0.113985 	 0.160488
   75 	 0.024329 	 0.109730 	 0.154488
   76 	 0.038699 	 0.115284 	 0.159990
   77 	 0.012479 	 0.124900 	 0.164111
   78 	 0.050536 	 0.128477 	 0.164483
   79 	 0.075128 	 0.127776 	 0.158878
 