   0 	 0.002398 	 0.004997 	 0.014641
    1 	 0.002147 	 0.005511 	 0.014336
    2 	 0.002562 	 0.006312 	 0.018728
    3 	 0.003342 	 0.008012 	 0.022753
    4 	 0.003383 	 0.008469 	 0.017340
    5 	 0.004173 	 0.009691 	 0.019549
    6 	 0.005066 	 0.012263 	 0.025386
    7 	 0.005882 	 0.013474 	 0.027657
    8 	 0.007697 	 0.015930 	 0.028664
    9 	 0.007182 	 0.016803 	 0.031241
   10 	 0.009450 	 0.018155 	 0.027771
   11 	 0.009543 	 0.018695 	 0.029503
   12 	 0.008304 	 0.020090 	 0.029838
   13 	 0.009351 	 0.022126 	 0.035067
   14 	 0.008850 	 0.023426 	 0.036075
   15 	 0.008537 	 0.022347 	 0.036063
   16 	 0.010490 	 0.022961 	 0.034603
   17 	 0.009755 	 0.022650 	 0.037601
   18 	 0.011804 	 0.023112 	 0.037223
   19 	 0.014276 	 0.024641 	 0.037055
   20 	 0.015293 	 0.026780 	 0.040880
   21 	 0.012405 	 0.027845 	 0.045499
   22 	 0.016096 	 0.029346 	 0.045322
   23 	 0.015618 	 0.031553 	 0.047102
   24 	 0.017147 	 0.032033 	 0.046638
   25 	 0.015509 	 0.031676 	 0.057948
   26 	 0.014031 	 0.030655 	 0.064720
   27 	 0.013876 	 0.034492 	 0.073929
   28 	 0.013690 	 0.038595 	 0.071937
   29 	 0.015339 	 0.044162 	 0.075620
   30 	 0.021549 	 0.046196 	 0.072190
   31 	 0.022596 	 0.047324 	 0.076344
   32 	 0.021774 	 0.051838 	 0.078648
   33 	 0.013331 	 0.052764 	 0.073865
   34 	 0.013479 	 0.056344 	 0.081728
   35 	 0.013438 	 0.059782 	 0.088989
   36 	 0.017012 	 0.059822 	 0.084208
   37 	 0.015958 	 0.059858 	 0.077855
   38 	 0.026008 	 0.062663 	 0.081383
   39 	 0.025125 	 0.061370 	 0.080326
   40 	 0.031894 	 0.064456 	 0.076661
   41 	 0.016969 	 0.062587 	 0.080811
   42 	 0.016234 	 0.062019 	 0.079226
   43 	 0.016070 	 0.060755 	 0.076818
   44 	 0.022398 	 0.066124 	 0.078910
   45 	 0.030636 	 0.065180 	 0.079068
   46 	 0.025364 	 0.064742 	 0.077412
   47 	 0.045592 	 0.067123 	 0.077172
   48 	 0.026575 	 0.066107 	 0.076925
   49 	 0.022483 	 0.065286 	 0.086762
   50 	 0.020386 	 0.064735 	 0.096740
   51 	 0.016820 	 0.062257 	 0.103272
   52 	 0.016416 	 0.064393 	 0.119809
   53 	 0.035180 	 0.068914 	 0.119986
   54 	 0.020117 	 0.068920 	 0.120688
   55 	 0.017218 	 0.065823 	 0.113305
   56 	 0.025675 	 0.072768 	 0.124654
   57 	 0.019109 	 0.072884 	 0.124409
   58 	 0.016806 	 0.080792 	 0.131264
   59 	 0.053191 	 0.087598 	 0.129507
   60 	 0.021427 	 0.093345 	 0.124847
   61 	 0.038473 	 0.097847 	 0.126930
   62 	 0.029937 	 0.096399 	 0.132423
   63 	 0.030210 	 0.100846 	 0.125902
   64 	 0.024826 	 0.101359 	 0.128649
   65 	 0.025149 	 0.100197 	 0.127858
   66 	 0.023241 	 0.101235 	 0.125939
   67 	 0.024319 	 0.104237 	 0.126864
   68 	 0.024891 	 0.103583 	 0.125358
   69 	 0.028873 	 0.100368 	 0.128353
   70 	 0.026545 	 0.102444 	 0.130155
   71 	 0.021165 	 0.105524 	 0.131519
   72 	 0.031014 	 0.106416 	 0.126502
   73 	 0.020800 	 0.107405 	 0.126610
   74 	 0.032997 	 0.110188 	 0.134152
   75 	 0.024333 	 0.108285 	 0.138322
   76 	 0.038036 	 0.112831 	 0.137952
   77 	 0.037426 	 0.107062 	 0.131069
   78 	 0.031350 	 0.109177 	 0.134642
   79 	 0.031247 	 0.110903 	 0.139419
 