   0 	 0.002458 	 0.004946 	 0.010471
    1 	 0.002197 	 0.005560 	 0.014129
    2 	 0.003502 	 0.006600 	 0.014906
    3 	 0.004046 	 0.007795 	 0.015396
    4 	 0.003865 	 0.008942 	 0.017790
    5 	 0.004600 	 0.009927 	 0.020193
    6 	 0.004637 	 0.010888 	 0.034396
    7 	 0.005694 	 0.013425 	 0.035239
    8 	 0.005409 	 0.015271 	 0.031688
    9 	 0.007042 	 0.016491 	 0.037042
   10 	 0.006346 	 0.018432 	 0.040456
   11 	 0.008671 	 0.019923 	 0.036470
   12 	 0.009906 	 0.021582 	 0.043961
   13 	 0.010424 	 0.025619 	 0.057256
   14 	 0.009470 	 0.027322 	 0.046384
   15 	 0.011697 	 0.028394 	 0.055611
   16 	 0.013169 	 0.028788 	 0.056130
   17 	 0.009761 	 0.030752 	 0.058376
   18 	 0.009415 	 0.032126 	 0.065773
   19 	 0.012631 	 0.035607 	 0.063824
   20 	 0.013120 	 0.035414 	 0.057574
   21 	 0.012452 	 0.036014 	 0.062106
   22 	 0.014949 	 0.039563 	 0.074131
   23 	 0.016814 	 0.042256 	 0.080719
   24 	 0.016860 	 0.043686 	 0.110751
   25 	 0.017633 	 0.045829 	 0.087483
   26 	 0.018308 	 0.049352 	 0.107377
   27 	 0.015986 	 0.053604 	 0.152827
   28 	 0.017858 	 0.053052 	 0.090337
   29 	 0.014983 	 0.057730 	 0.132682
   30 	 0.012702 	 0.059566 	 0.152563
   31 	 0.015181 	 0.066264 	 0.224502
   32 	 0.009359 	 0.073857 	 0.229949
   33 	 0.018358 	 0.080317 	 0.151481
   34 	 0.017756 	 0.084983 	 0.142018
   35 	 0.010589 	 0.084710 	 0.188284
   36 	 0.018612 	 0.094785 	 0.196183
   37 	 0.016097 	 0.091060 	 0.192910
   38 	 0.020097 	 0.098030 	 0.220319
   39 	 0.025911 	 0.114828 	 0.223541
   40 	 0.016576 	 0.113125 	 0.235511
   41 	 0.015705 	 0.131940 	 0.261298
   42 	 0.060786 	 0.136389 	 0.222343
   43 	 0.014283 	 0.131049 	 0.239230
   44 	 0.025982 	 0.151233 	 0.299458
   45 	 0.016678 	 0.156180 	 0.250937
   46 	 0.026772 	 0.166730 	 0.237212
   47 	 0.053692 	 0.170470 	 0.258920
   48 	 0.016982 	 0.168581 	 0.294151
   49 	 0.017211 	 0.174395 	 0.262857
   50 	 0.036094 	 0.177124 	 0.327035
   51 	 0.020133 	 0.174621 	 0.308646
   52 	 0.034158 	 0.191512 	 0.308751
   53 	 0.034411 	 0.206337 	 0.344448
   54 	 0.020079 	 0.205096 	 0.353372
   55 	 0.077638 	 0.225939 	 0.371323
   56 	 0.038360 	 0.233134 	 0.351340
   57 	 0.034896 	 0.249694 	 0.354167
   58 	 0.076704 	 0.259886 	 0.382452
   59 	 0.068295 	 0.268023 	 0.380172
   60 	 0.017944 	 0.256064 	 0.468334
   61 	 0.013628 	 0.260516 	 0.470914
   62 	 0.013543 	 0.284242 	 0.482443
   63 	 0.015163 	 0.288470 	 0.471169
   64 	 0.015238 	 0.312541 	 0.506719
   65 	 0.078077 	 0.300376 	 0.579996
   66 	 0.017489 	 0.321604 	 0.535148
   67 	 0.017609 	 0.313759 	 0.631707
   68 	 0.017611 	 0.296729 	 0.510228
   69 	 0.068686 	 0.306725 	 0.520274
   70 	 0.028062 	 0.330764 	 0.555052
   71 	 0.023015 	 0.367134 	 0.611015
   72 	 0.021544 	 0.382608 	 0.670468
   73 	 0.026667 	 0.398434 	 0.734428
   74 	 0.016259 	 0.408864 	 0.760778
   75 	 0.042264 	 0.482367 	 0.891900
   76 	 0.103287 	 0.459678 	 0.730993
   77 	 0.104091 	 0.483452 	 0.719124
   78 	 0.033449 	 0.493740 	 0.872528
   79 	 0.017725 	 0.474364 	 0.785063
 