   0 	 0.017377 	 0.053715 	 0.390625
    1 	 0.019930 	 0.115348 	 0.390625
    2 	 0.025972 	 0.192789 	 0.976562
    3 	 0.032661 	 0.313898 	 1.953125
    4 	 0.019768 	 0.541634 	 4.882807
    5 	 0.042645 	 1.296853 	 9.765615
    6 	 0.041733 	 3.120406 	 9.765615
    7 	 0.037416 	 5.179961 	 10.000000
    8 	 0.038147 	 6.052152 	 10.000000
    9 	 0.147964 	 7.903717 	 10.000000
   10 	 0.119093 	 8.140020 	 10.000000
   11 	 0.037999 	 8.338056 	 10.000000
   12 	 0.038147 	 7.912124 	 10.000000
   13 	 0.038147 	 8.517037 	 10.000000
   14 	 0.043403 	 7.924278 	 10.000000
   15 	 0.038147 	 8.610393 	 10.000000
   16 	 0.030141 	 7.834016 	 10.000000
   17 	 0.033791 	 8.331824 	 10.000000
   18 	 0.038147 	 8.095283 	 10.000000
   19 	 0.150240 	 8.826288 	 10.000000
   20 	 0.120563 	 8.408984 	 10.000000
   21 	 0.037851 	 8.188469 	 10.000000
   22 	 0.037999 	 8.397667 	 9.765615
   23 	 0.043403 	 7.366337 	 9.765615
   24 	 0.037999 	 7.538803 	 9.765615
   25 	 0.390625 	 8.348877 	 9.765615
   26 	 0.043403 	 7.975357 	 9.765615
   27 	 0.037999 	 7.876402 	 9.765615
   28 	 0.037999 	 8.607924 	 9.765615
   29 	 0.043403 	 8.477659 	 9.765615
   30 	 0.037999 	 8.483113 	 9.765615
   31 	 0.037999 	 8.282313 	 9.765615
   32 	 0.036851 	 7.564578 	 9.765615
   33 	 0.037999 	 8.551721 	 9.765615
   34 	 0.037999 	 8.354058 	 9.765615
   35 	 0.033791 	 8.382229 	 9.765615
   36 	 0.037999 	 7.872927 	 9.765615
   37 	 0.037999 	 8.910141 	 9.765615
   38 	 0.037416 	 8.161413 	 9.765615
   39 	 0.037999 	 7.863601 	 9.765615
   40 	 0.037999 	 7.514571 	 9.765615
   41 	 0.043403 	 8.212119 	 9.765615
   42 	 0.037416 	 8.535165 	 9.765615
   43 	 0.037999 	 9.127514 	 9.765615
   44 	 0.043403 	 8.738542 	 9.765615
   45 	 0.037999 	 7.835484 	 9.765615
   46 	 0.037851 	 8.238376 	 9.765615
   47 	 0.037999 	 8.537217 	 9.765615
   48 	 0.037851 	 8.844404 	 9.765615
   49 	 0.043403 	 8.690284 	 9.765615
   50 	 0.037851 	 7.864423 	 9.765615
   51 	 0.033791 	 8.179311 	 9.765615
   52 	 0.042645 	 7.716872 	 9.765615
   53 	 0.037999 	 8.582093 	 9.765615
   54 	 0.037999 	 8.091671 	 9.765615
   55 	 0.043403 	 8.719076 	 9.765615
   56 	 0.150240 	 8.996444 	 9.765615
   57 	 0.120563 	 7.669512 	 9.765615
   58 	 0.037999 	 8.549142 	 9.765615
   59 	 0.037999 	 8.397368 	 9.765615
   60 	 0.037999 	 8.363635 	 9.765615
   61 	 0.037999 	 8.614697 	 9.765615
   62 	 0.037999 	 8.347936 	 9.765615
   63 	 0.037999 	 8.374097 	 9.765615
   64 	 0.037999 	 8.746112 	 9.765615
   65 	 0.042645 	 7.980041 	 9.765615
   66 	 0.119093 	 8.001393 	 9.765615
   67 	 0.037999 	 8.588054 	 9.765615
   68 	 0.037999 	 7.970963 	 9.765615
   69 	 0.037999 	 8.003255 	 9.765615
   70 	 0.037999 	 7.873162 	 9.765615
   71 	 0.037999 	 8.095082 	 9.765615
   72 	 0.037999 	 8.070333 	 9.765615
   73 	 0.033675 	 8.193332 	 9.765615
   74 	 0.390625 	 8.816520 	 9.765615
   75 	 0.037999 	 8.302664 	 9.765615
   76 	 0.037999 	 8.550843 	 9.765615
   77 	 0.037999 	 8.584542 	 9.765615
   78 	 0.037999 	 8.352358 	 9.765615
   79 	 0.037999 	 8.427111 	 9.765615
 