   0 	 0.016440 	 0.102625 	 1.953125
    1 	 0.018744 	 0.501460 	 1.953125
    2 	 0.032018 	 1.504408 	 4.882807
    3 	 0.033330 	 1.664181 	 4.882807
    4 	 0.041733 	 2.210284 	 4.882807
    5 	 0.028638 	 2.744929 	 9.765615
    6 	 0.042645 	 3.486093 	 9.765615
    7 	 0.033330 	 3.355172 	 9.765615
    8 	 0.037999 	 4.404642 	 9.765615
    9 	 0.031914 	 4.412978 	 9.765615
   10 	 0.037999 	 5.281123 	 9.765615
   11 	 0.037999 	 5.264959 	 9.765615
   12 	 0.037999 	 6.609513 	 9.765615
   13 	 0.150240 	 8.240677 	 9.765615
   14 	 0.037999 	 7.589030 	 9.765615
   15 	 0.037999 	 7.567155 	 9.765615
   16 	 0.150240 	 8.156667 	 9.765615
   17 	 0.037999 	 8.742475 	 9.765615
   18 	 0.037999 	 8.778294 	 9.765615
   19 	 0.150240 	 8.641752 	 9.765615
   20 	 0.043211 	 8.849314 	 9.765615
   21 	 0.043403 	 8.443096 	 9.765615
   22 	 0.030423 	 8.543660 	 9.765615
   23 	 0.028978 	 8.579631 	 9.765615
   24 	 0.120563 	 8.064973 	 9.765615
   25 	 0.037999 	 8.511407 	 9.765615
   26 	 0.037999 	 8.255491 	 9.765615
   27 	 0.037999 	 8.619320 	 9.765615
   28 	 0.120563 	 8.323363 	 9.765615
   29 	 0.150240 	 8.482427 	 9.765615
   30 	 0.037999 	 7.637716 	 9.765615
   31 	 0.120563 	 8.148831 	 9.765615
   32 	 0.037999 	 7.404665 	 9.765615
   33 	 0.037999 	 8.448325 	 9.765615
   34 	 0.037999 	 8.805603 	 9.765615
   35 	 0.043403 	 7.703702 	 9.765615
   36 	 0.037999 	 8.442722 	 9.765615
   37 	 0.037999 	 8.308013 	 9.765615
   38 	 0.037999 	 8.486139 	 9.765615
   39 	 0.037999 	 8.578540 	 9.765615
   40 	 0.036851 	 8.403537 	 9.765615
   41 	 0.037999 	 8.276808 	 9.765615
   42 	 0.037999 	 8.702511 	 9.765615
   43 	 0.037999 	 7.569502 	 9.765615
   44 	 0.037999 	 8.329924 	 9.765615
   45 	 0.150240 	 8.416251 	 9.765615
   46 	 0.037999 	 8.148701 	 9.765615
   47 	 0.150240 	 8.479392 	 9.765615
   48 	 0.037851 	 8.321743 	 9.765615
   49 	 0.037999 	 8.131400 	 9.765615
   50 	 0.043403 	 8.080880 	 9.765615
   51 	 0.043403 	 8.448730 	 9.765615
   52 	 0.043403 	 8.037605 	 9.765615
   53 	 0.043403 	 7.938377 	 9.765615
   54 	 0.037999 	 7.139470 	 9.765615
   55 	 0.037851 	 7.578015 	 9.765615
   56 	 0.037999 	 7.827332 	 9.765615
   57 	 0.037999 	 7.733293 	 9.765615
   58 	 0.037999 	 7.890429 	 9.765615
   59 	 0.037999 	 8.045955 	 9.765615
   60 	 0.037999 	 8.430474 	 9.765615
   61 	 0.043403 	 8.421283 	 9.765615
   62 	 0.037999 	 8.632303 	 9.765615
   63 	 0.037999 	 7.302047 	 9.765615
   64 	 0.035772 	 7.510705 	 9.765615
   65 	 0.037999 	 8.757277 	 9.765615
   66 	 0.037999 	 8.999086 	 9.765615
   67 	 0.037999 	 8.840114 	 9.765615
   68 	 0.043403 	 8.561655 	 9.765615
   69 	 0.037999 	 7.573649 	 9.765615
   70 	 0.037999 	 8.551556 	 9.765615
   71 	 0.037999 	 8.585344 	 9.765615
   72 	 0.037999 	 8.991892 	 9.765615
   73 	 0.037999 	 8.878084 	 9.765615
   74 	 0.037999 	 8.956397 	 9.765615
   75 	 0.037999 	 8.056013 	 9.765615
   76 	 0.037999 	 8.566503 	 9.765615
   77 	 0.037999 	 8.203738 	 9.765615
   78 	 0.150240 	 8.526247 	 9.765615
   79 	 0.043403 	 8.601281 	 9.765615
 