   0 	 0.016222 	 0.085578 	 0.513980
    1 	 0.025365 	 0.262523 	 1.953125
    2 	 0.028554 	 0.488527 	 1.953125
    3 	 0.022711 	 0.819374 	 4.882807
    4 	 0.037416 	 1.464819 	 9.765615
    5 	 0.036991 	 2.573567 	 9.765615
    6 	 0.043211 	 3.941299 	 9.765615
    7 	 0.037999 	 5.103140 	 9.765615
    8 	 0.037851 	 5.714370 	 9.765615
    9 	 0.037999 	 7.694444 	 9.765615
   10 	 0.043403 	 7.878545 	 9.765615
   11 	 0.037999 	 8.040897 	 9.765615
   12 	 0.037999 	 6.765412 	 9.765615
   13 	 0.037999 	 7.390578 	 9.765615
   14 	 0.037999 	 8.098384 	 9.765615
   15 	 0.037416 	 6.556055 	 9.765615
   16 	 0.043403 	 7.474983 	 9.765615
   17 	 0.043403 	 7.976733 	 9.765615
   18 	 0.037999 	 8.255680 	 9.765615
   19 	 0.037999 	 7.485353 	 10.000000
   20 	 0.036851 	 7.633248 	 10.000000
   21 	 0.043403 	 8.020585 	 10.000000
   22 	 0.037999 	 7.422573 	 10.000000
   23 	 0.199298 	 8.368593 	 10.000000
   24 	 0.037999 	 7.690085 	 10.000000
   25 	 0.043403 	 7.525736 	 10.000000
   26 	 0.037999 	 7.385614 	 10.000000
   27 	 0.043403 	 8.293706 	 10.000000
   28 	 0.037999 	 7.264553 	 10.000000
   29 	 0.020303 	 7.160405 	 10.000000
   30 	 0.037999 	 8.227809 	 10.000000
   31 	 0.037999 	 8.094230 	 10.000000
   32 	 0.037999 	 8.126357 	 10.000000
   33 	 0.037999 	 7.576592 	 10.000000
   34 	 0.120563 	 7.531073 	 10.000000
   35 	 0.120563 	 8.358005 	 10.000000
   36 	 0.035903 	 8.027414 	 10.000000
   37 	 0.037999 	 9.169257 	 10.000000
   38 	 0.028978 	 8.194697 	 10.000000
   39 	 0.037999 	 8.090968 	 10.000000
   40 	 0.038147 	 8.146736 	 10.000000
   41 	 0.037416 	 8.884319 	 10.000000
   42 	 0.038147 	 9.400663 	 10.000000
   43 	 0.037999 	 8.778538 	 10.000000
   44 	 0.038147 	 8.153455 	 10.000000
   45 	 0.390625 	 8.769370 	 10.000000
   46 	 0.038147 	 8.814131 	 10.000000
   47 	 0.043403 	 8.973575 	 10.000000
   48 	 0.037999 	 8.064436 	 10.000000
   49 	 0.037999 	 8.764637 	 10.000000
   50 	 0.038147 	 8.706993 	 10.000000
   51 	 0.390625 	 8.576517 	 10.000000
   52 	 0.037999 	 8.494067 	 10.000000
   53 	 0.038147 	 8.917503 	 10.000000
   54 	 0.120563 	 8.929281 	 10.000000
   55 	 0.043403 	 8.865873 	 10.000000
   56 	 0.037999 	 8.438437 	 10.000000
   57 	 0.037999 	 8.429227 	 10.000000
   58 	 0.037999 	 8.454490 	 10.000000
   59 	 0.610352 	 9.481848 	 10.000000
   60 	 0.038147 	 8.815927 	 10.000000
   61 	 0.037999 	 8.386756 	 10.000000
   62 	 0.038147 	 8.386874 	 10.000000
   63 	 0.037999 	 7.719569 	 10.000000
   64 	 0.120563 	 9.238679 	 10.000000
   65 	 0.020303 	 8.483603 	 10.000000
   66 	 0.037999 	 8.657101 	 10.000000
   67 	 0.037560 	 9.222608 	 10.000000
   68 	 0.143612 	 8.423096 	 10.000000
   69 	 0.043403 	 8.507432 	 10.000000
   70 	 0.037416 	 7.917219 	 10.000000
   71 	 0.037999 	 8.905658 	 10.000000
   72 	 0.038147 	 7.889495 	 10.000000
   73 	 0.037999 	 8.476257 	 10.000000
   74 	 0.152588 	 9.463741 	 10.000000
   75 	 0.038147 	 8.493190 	 10.000000
   76 	 0.037999 	 8.058726 	 10.000000
   77 	 0.038147 	 8.552830 	 10.000000
   78 	 0.152588 	 8.812590 	 10.000000
   79 	 0.067349 	 9.175824 	 10.000000
 