   0 	 0.017756 	 0.064348 	 0.336746
    1 	 0.021369 	 0.092274 	 0.375601
    2 	 0.029415 	 0.154316 	 0.697545
    3 	 0.027509 	 0.311543 	 1.627604
    4 	 0.042459 	 0.664817 	 9.765615
    5 	 0.043403 	 2.672908 	 9.765615
    6 	 0.037851 	 5.312616 	 9.765615
    7 	 0.037999 	 7.554541 	 10.000000
    8 	 0.034753 	 8.082336 	 10.000000
    9 	 0.037999 	 7.657532 	 9.765615
   10 	 0.037999 	 8.237738 	 10.000000
   11 	 0.043403 	 7.804509 	 10.000000
   12 	 0.038147 	 8.575456 	 10.000000
   13 	 0.037999 	 8.743125 	 10.000000
   14 	 0.037999 	 8.363326 	 10.000000
   15 	 0.037999 	 7.747459 	 10.000000
   16 	 0.037999 	 8.447360 	 10.000000
   17 	 0.037999 	 7.685919 	 10.000000
   18 	 0.263936 	 9.424313 	 10.000000
   19 	 0.037999 	 8.140971 	 10.000000
   20 	 0.037999 	 8.887126 	 10.000000
   21 	 0.020303 	 8.482177 	 10.000000
   22 	 0.390625 	 8.958588 	 10.000000
   23 	 0.037999 	 8.233762 	 10.000000
   24 	 0.037999 	 8.600466 	 10.000000
   25 	 0.037999 	 8.817250 	 10.000000
   26 	 0.037999 	 8.237479 	 10.000000
   27 	 0.037999 	 8.748737 	 10.000000
   28 	 0.037999 	 8.357564 	 10.000000
   29 	 0.043211 	 9.176842 	 10.000000
   30 	 0.067349 	 8.956961 	 10.000000
   31 	 0.043403 	 8.595474 	 10.000000
   32 	 0.043403 	 9.470827 	 10.000000
   33 	 0.037999 	 8.284162 	 10.000000
   34 	 0.038147 	 9.010563 	 10.000000
   35 	 0.037999 	 8.335186 	 10.000000
   36 	 0.037999 	 9.055169 	 10.000000
   37 	 0.019073 	 8.523469 	 10.000000
   38 	 0.038147 	 9.045022 	 10.000000
   39 	 0.120563 	 9.322523 	 10.000000
   40 	 0.150240 	 8.802633 	 10.000000
   41 	 0.038147 	 8.242384 	 10.000000
   42 	 0.038147 	 9.071652 	 10.000000
   43 	 0.030518 	 8.673177 	 10.000000
   44 	 0.038147 	 8.837895 	 10.000000
   45 	 0.038147 	 8.695155 	 10.000000
   46 	 0.152588 	 8.732096 	 10.000000
   47 	 0.038147 	 8.501449 	 10.000000
   48 	 0.037560 	 9.398351 	 10.000000
   49 	 0.038147 	 8.871566 	 10.000000
   50 	 0.152588 	 8.789798 	 10.000000
   51 	 0.036851 	 8.023934 	 10.000000
   52 	 0.038147 	 8.863447 	 10.000000
   53 	 0.038147 	 9.078825 	 10.000000
   54 	 0.037999 	 8.913790 	 10.000000
   55 	 0.067349 	 8.881107 	 10.000000
   56 	 0.037999 	 9.025492 	 10.000000
   57 	 0.038147 	 8.260937 	 10.000000
   58 	 0.037999 	 8.439582 	 10.000000
   59 	 0.038147 	 8.593720 	 10.000000
   60 	 0.038147 	 8.552959 	 10.000000
   61 	 0.038147 	 9.324646 	 10.000000
   62 	 0.038147 	 8.459437 	 10.000000
   63 	 0.037416 	 8.693474 	 10.000000
   64 	 0.043403 	 8.623384 	 10.000000
   65 	 0.038147 	 8.252127 	 10.000000
   66 	 0.038147 	 8.609670 	 10.000000
   67 	 0.037999 	 8.367926 	 10.000000
   68 	 0.097656 	 9.103615 	 10.000000
   69 	 0.152588 	 9.133087 	 10.000000
   70 	 0.120563 	 8.640854 	 10.000000
   71 	 0.037999 	 8.967956 	 10.000000
   72 	 0.038147 	 9.041987 	 10.000000
   73 	 0.043403 	 8.690032 	 10.000000
   74 	 0.033444 	 8.247042 	 10.000000
   75 	 0.028978 	 8.727897 	 10.000000
   76 	 0.038147 	 8.748308 	 10.000000
   77 	 0.037560 	 8.779404 	 10.000000
   78 	 0.038147 	 8.540356 	 10.000000
   79 	 0.037999 	 8.627443 	 10.000000
 