   0 	 0.017756 	 0.064458 	 0.542535
    1 	 0.020911 	 0.208979 	 1.953125
    2 	 0.023363 	 0.648182 	 9.765615
    3 	 0.075703 	 3.301768 	 10.000000
    4 	 0.037999 	 6.262531 	 10.000000
    5 	 0.037999 	 8.442945 	 10.000000
    6 	 0.120563 	 7.662142 	 10.000000
    7 	 0.037999 	 9.006046 	 10.000000
    8 	 0.037999 	 8.356900 	 10.000000
    9 	 0.049572 	 8.379960 	 10.000000
   10 	 0.037999 	 8.618129 	 10.000000
   11 	 0.150240 	 8.678840 	 10.000000
   12 	 0.038147 	 8.357487 	 10.000000
   13 	 0.037560 	 7.899456 	 10.000000
   14 	 0.037999 	 8.252211 	 10.000000
   15 	 0.037999 	 8.499357 	 10.000000
   16 	 0.037999 	 8.103992 	 10.000000
   17 	 0.037999 	 8.089025 	 10.000000
   18 	 0.037999 	 8.918900 	 10.000000
   19 	 0.037999 	 8.590592 	 10.000000
   20 	 0.037999 	 8.694073 	 10.000000
   21 	 0.037999 	 8.833900 	 10.000000
   22 	 0.028978 	 8.687943 	 10.000000
   23 	 0.038147 	 8.924520 	 10.000000
   24 	 0.152588 	 9.045313 	 10.000000
   25 	 0.037999 	 8.584826 	 10.000000
   26 	 0.038147 	 9.040995 	 10.000000
   27 	 0.038147 	 8.297888 	 10.000000
   28 	 0.043403 	 9.126224 	 10.000000
   29 	 0.038147 	 7.751107 	 10.000000
   30 	 0.020303 	 8.416835 	 10.000000
   31 	 0.037999 	 8.477618 	 10.000000
   32 	 0.037999 	 8.739736 	 10.000000
   33 	 0.037999 	 7.440244 	 10.000000
   34 	 0.150240 	 9.373346 	 10.000000
   35 	 0.037999 	 8.734496 	 10.000000
   36 	 0.037999 	 8.838055 	 10.000000
   37 	 0.037999 	 8.953723 	 10.000000
   38 	 0.037999 	 8.172786 	 10.000000
   39 	 0.043020 	 8.413105 	 10.000000
   40 	 0.037999 	 8.299887 	 10.000000
   41 	 0.037999 	 8.555760 	 10.000000
   42 	 0.150240 	 8.432178 	 10.000000
   43 	 0.038147 	 8.526438 	 10.000000
   44 	 0.036851 	 8.213587 	 10.000000
   45 	 0.038147 	 8.619368 	 10.000000
   46 	 0.028978 	 8.721155 	 10.000000
   47 	 0.036713 	 9.191951 	 10.000000
   48 	 0.150240 	 8.582877 	 10.000000
   49 	 0.038147 	 8.574469 	 10.000000
   50 	 0.043403 	 8.403935 	 10.000000
   51 	 0.038147 	 8.787296 	 10.000000
   52 	 0.037999 	 8.195357 	 10.000000
   53 	 0.030518 	 8.386693 	 10.000000
   54 	 0.020303 	 8.362605 	 10.000000
   55 	 0.152588 	 8.894139 	 10.000000
   56 	 0.038147 	 8.738421 	 10.000000
   57 	 0.037999 	 8.537860 	 10.000000
   58 	 0.150240 	 9.151585 	 10.000000
   59 	 0.037999 	 8.737971 	 10.000000
   60 	 0.120563 	 9.123377 	 10.000000
   61 	 0.097656 	 9.130660 	 10.000000
   62 	 0.038147 	 9.039307 	 10.000000
   63 	 0.037999 	 9.125334 	 10.000000
   64 	 0.043403 	 9.255732 	 10.000000
   65 	 0.038147 	 9.087576 	 10.000000
   66 	 0.037999 	 9.057717 	 10.000000
   67 	 0.037851 	 9.379710 	 10.000000
   68 	 0.037999 	 8.554103 	 10.000000
   69 	 0.037999 	 8.826596 	 10.000000
   70 	 0.120563 	 8.750419 	 10.000000
   71 	 0.037999 	 8.962407 	 10.000000
   72 	 0.038147 	 8.767120 	 10.000000
   73 	 0.035772 	 8.718063 	 10.000000
   74 	 0.037999 	 8.439775 	 10.000000
   75 	 0.038147 	 9.058135 	 10.000000
   76 	 0.040521 	 8.441729 	 10.000000
   77 	 0.035772 	 8.198648 	 10.000000
   78 	 0.037999 	 8.172070 	 10.000000
   79 	 0.037560 	 8.816025 	 10.000000
 