   0 	 0.017756 	 0.054233 	 0.256990
    1 	 0.019930 	 0.078707 	 0.375601
    2 	 0.024661 	 0.138527 	 0.976562
    3 	 0.026394 	 0.335348 	 4.882807
    4 	 0.021701 	 0.934272 	 4.882807
    5 	 0.020261 	 2.149333 	 4.882807
    6 	 0.020261 	 3.343153 	 9.765615
    7 	 0.037851 	 4.722612 	 9.765615
    8 	 0.037851 	 4.851086 	 9.765615
    9 	 0.037851 	 5.303640 	 10.000000
   10 	 0.043211 	 6.220979 	 10.000000
   11 	 0.119093 	 7.470752 	 10.000000
   12 	 0.038147 	 7.268383 	 10.000000
   13 	 0.043211 	 8.606962 	 10.000000
   14 	 0.038147 	 8.927656 	 10.000000
   15 	 0.028978 	 8.760418 	 10.000000
   16 	 0.038147 	 8.948280 	 10.000000
   17 	 0.038147 	 8.469583 	 10.000000
   18 	 0.038147 	 8.295710 	 10.000000
   19 	 0.038147 	 8.912663 	 10.000000
   20 	 0.037999 	 8.377796 	 10.000000
   21 	 0.037999 	 7.492395 	 10.000000
   22 	 0.037999 	 8.851216 	 10.000000
   23 	 0.038147 	 8.589742 	 10.000000
   24 	 0.038147 	 8.134217 	 10.000000
   25 	 0.038147 	 8.446093 	 10.000000
   26 	 0.037999 	 8.898976 	 10.000000
   27 	 0.038147 	 8.119073 	 10.000000
   28 	 0.038147 	 9.492902 	 10.000000
   29 	 0.152588 	 8.926591 	 10.000000
   30 	 0.037999 	 8.027047 	 10.000000
   31 	 0.120563 	 8.556651 	 10.000000
   32 	 0.037999 	 8.421210 	 10.000000
   33 	 0.114890 	 8.688568 	 10.000000
   34 	 0.038147 	 8.340522 	 10.000000
   35 	 0.038147 	 8.749213 	 10.000000
   36 	 0.037999 	 9.000518 	 10.000000
   37 	 0.119093 	 8.216463 	 10.000000
   38 	 0.038147 	 9.069715 	 10.000000
   39 	 0.038147 	 8.617560 	 10.000000
   40 	 0.152588 	 9.017367 	 10.000000
   41 	 0.037999 	 8.347440 	 10.000000
   42 	 0.043403 	 8.131645 	 10.000000
   43 	 0.120563 	 8.354462 	 10.000000
   44 	 0.120563 	 8.508022 	 10.000000
   45 	 0.037999 	 8.502512 	 10.000000
   46 	 0.037999 	 8.029662 	 10.000000
   47 	 0.390625 	 8.451678 	 10.000000
   48 	 0.037999 	 8.899802 	 10.000000
   49 	 0.038147 	 8.927634 	 10.000000
   50 	 0.037999 	 8.154332 	 10.000000
   51 	 0.037999 	 9.046352 	 10.000000
   52 	 0.037999 	 8.771260 	 10.000000
   53 	 0.038147 	 8.768292 	 10.000000
   54 	 0.037999 	 8.611862 	 10.000000
   55 	 0.610352 	 9.238766 	 10.000000
   56 	 0.030423 	 8.897192 	 10.000000
   57 	 0.038147 	 8.346499 	 10.000000
   58 	 0.038147 	 8.183838 	 10.000000
   59 	 0.037999 	 8.689639 	 10.000000
   60 	 0.038147 	 9.290271 	 10.000000
   61 	 0.152588 	 9.249306 	 10.000000
   62 	 0.038147 	 8.781364 	 10.000000
   63 	 0.037999 	 8.264300 	 10.000000
   64 	 0.020303 	 7.971093 	 10.000000
   65 	 0.038147 	 8.625591 	 10.000000
   66 	 0.037999 	 8.600474 	 10.000000
   67 	 0.037999 	 9.090935 	 10.000000
   68 	 0.152588 	 9.597347 	 10.000000
   69 	 0.030518 	 8.285609 	 10.000000
   70 	 0.120563 	 9.090142 	 10.000000
   71 	 0.037999 	 8.635342 	 10.000000
   72 	 0.028978 	 8.737421 	 10.000000
   73 	 0.043403 	 8.697861 	 10.000000
   74 	 0.120563 	 8.908085 	 10.000000
   75 	 0.037999 	 9.029874 	 10.000000
   76 	 0.038147 	 9.189520 	 10.000000
   77 	 0.035903 	 9.286154 	 10.000000
   78 	 0.152588 	 9.334592 	 10.000000
   79 	 0.038147 	 8.601896 	 10.000000
 