   0 	 0.018744 	 0.048281 	 0.184257
    1 	 0.021184 	 0.067705 	 0.325521
    2 	 0.019531 	 0.105945 	 1.627604
    3 	 0.026111 	 0.409988 	 1.627604
    4 	 0.031604 	 0.879841 	 1.627604
    5 	 0.042645 	 1.295525 	 4.882807
    6 	 0.041032 	 1.515076 	 4.882807
    7 	 0.036713 	 2.236332 	 9.765615
    8 	 0.325521 	 3.391786 	 10.000000
    9 	 0.037999 	 4.644039 	 10.000000
   10 	 0.037999 	 6.173325 	 10.000000
   11 	 0.390625 	 7.721854 	 10.000000
   12 	 0.019036 	 7.324520 	 10.000000
   13 	 0.119093 	 8.314885 	 10.000000
   14 	 0.037999 	 8.894914 	 10.000000
   15 	 0.037999 	 8.078706 	 10.000000
   16 	 0.037999 	 8.187806 	 10.000000
   17 	 0.037999 	 8.180173 	 10.000000
   18 	 0.037999 	 8.696495 	 10.000000
   19 	 0.120563 	 8.588394 	 10.000000
   20 	 0.037999 	 9.206337 	 10.000000
   21 	 0.037999 	 8.044971 	 10.000000
   22 	 0.038147 	 8.111868 	 10.000000
   23 	 1.085069 	 9.714693 	 10.000000
   24 	 0.020303 	 9.006424 	 10.000000
   25 	 0.037999 	 8.834528 	 10.000000
   26 	 0.114890 	 8.520077 	 10.000000
   27 	 0.037999 	 8.038738 	 10.000000
   28 	 0.043403 	 9.350085 	 10.000000
   29 	 0.150240 	 9.155069 	 10.000000
   30 	 0.038147 	 9.070493 	 10.000000
   31 	 0.038147 	 8.504069 	 10.000000
   32 	 0.488281 	 9.192766 	 10.000000
   33 	 0.037999 	 9.368655 	 10.000000
   34 	 0.150240 	 8.694598 	 10.000000
   35 	 0.038147 	 9.403438 	 10.000000
   36 	 0.037999 	 8.161355 	 10.000000
   37 	 0.067817 	 9.162891 	 10.000000
   38 	 0.037999 	 8.735529 	 10.000000
   39 	 0.020303 	 8.532192 	 10.000000
   40 	 0.037999 	 8.893990 	 10.000000
   41 	 0.038147 	 8.725330 	 10.000000
   42 	 0.043403 	 9.548300 	 10.000000
   43 	 0.152588 	 8.616729 	 10.000000
   44 	 0.037999 	 9.094053 	 10.000000
   45 	 0.038147 	 8.285329 	 10.000000
   46 	 0.038147 	 8.631804 	 10.000000
   47 	 0.038147 	 9.115123 	 10.000000
   48 	 0.038147 	 8.838680 	 10.000000
   49 	 0.038147 	 8.553704 	 10.000000
   50 	 0.038147 	 8.166925 	 10.000000
   51 	 0.038147 	 8.419474 	 10.000000
   52 	 0.030518 	 7.987536 	 10.000000
   53 	 0.152588 	 9.211138 	 10.000000
   54 	 0.038147 	 8.713321 	 10.000000
   55 	 0.037999 	 8.561101 	 10.000000
   56 	 0.038147 	 8.227554 	 10.000000
   57 	 0.020303 	 8.617828 	 10.000000
   58 	 0.038147 	 8.474088 	 10.000000
   59 	 0.038147 	 8.499821 	 10.000000
   60 	 0.037999 	 8.076042 	 10.000000
   61 	 0.037999 	 9.279529 	 10.000000
   62 	 0.037999 	 8.243168 	 10.000000
   63 	 0.037560 	 8.672742 	 10.000000
   64 	 0.038147 	 8.170508 	 10.000000
   65 	 0.037999 	 9.032138 	 10.000000
   66 	 0.038147 	 8.396712 	 10.000000
   67 	 0.037999 	 8.897631 	 10.000000
   68 	 0.038147 	 8.667120 	 10.000000
   69 	 0.038147 	 8.997603 	 10.000000
   70 	 0.038147 	 9.219693 	 10.000000
   71 	 0.037999 	 8.607204 	 10.000000
   72 	 0.037999 	 9.300441 	 10.000000
   73 	 0.120563 	 9.195458 	 10.000000
   74 	 0.037999 	 8.525008 	 10.000000
   75 	 0.037851 	 8.898187 	 10.000000
   76 	 0.038147 	 8.565344 	 10.000000
   77 	 0.152588 	 8.800027 	 10.000000
   78 	 0.030518 	 9.178196 	 10.000000
   79 	 0.037999 	 8.818529 	 10.000000
 