   0 	 0.020135 	 0.052232 	 0.325521
    1 	 0.016552 	 0.106928 	 0.610352
    2 	 0.020303 	 0.218204 	 0.610352
    3 	 0.020303 	 0.346616 	 0.697545
    4 	 0.020867 	 0.352099 	 1.953125
    5 	 0.022347 	 0.644939 	 10.000000
    6 	 0.028388 	 1.952412 	 10.000000
    7 	 0.141531 	 6.501811 	 10.000000
    8 	 0.143612 	 8.266803 	 10.000000
    9 	 0.152588 	 8.518799 	 10.000000
   10 	 0.610352 	 9.331787 	 10.000000
   11 	 0.038147 	 9.022701 	 10.000000
   12 	 0.152588 	 9.419616 	 10.000000
   13 	 0.038147 	 8.272568 	 10.000000
   14 	 0.037999 	 7.824165 	 10.000000
   15 	 0.038147 	 8.919341 	 10.000000
   16 	 0.152588 	 8.702973 	 10.000000
   17 	 0.038147 	 8.699695 	 10.000000
   18 	 0.035903 	 8.739463 	 10.000000
   19 	 0.038147 	 8.676977 	 10.000000
   20 	 0.043403 	 8.210760 	 10.000000
   21 	 0.037999 	 8.418788 	 10.000000
   22 	 0.152588 	 9.000750 	 10.000000
   23 	 0.030518 	 8.073860 	 10.000000
   24 	 0.038147 	 8.744269 	 10.000000
   25 	 0.035903 	 8.838897 	 10.000000
   26 	 0.038147 	 8.964405 	 10.000000
   27 	 0.038147 	 7.527308 	 10.000000
   28 	 0.038147 	 8.466340 	 10.000000
   29 	 0.038147 	 8.891272 	 10.000000
   30 	 0.038147 	 8.351334 	 10.000000
   31 	 0.027432 	 8.515641 	 10.000000
   32 	 0.038147 	 8.672931 	 10.000000
   33 	 0.152588 	 9.146107 	 10.000000
   34 	 0.030518 	 8.577330 	 10.000000
   35 	 0.037999 	 9.220414 	 10.000000
   36 	 0.038147 	 8.616215 	 10.000000
   37 	 0.043403 	 8.789411 	 10.000000
   38 	 0.150240 	 8.863524 	 10.000000
   39 	 0.038147 	 8.604838 	 10.000000
   40 	 0.037999 	 8.578940 	 10.000000
   41 	 0.019073 	 8.616962 	 10.000000
   42 	 0.038147 	 9.019841 	 10.000000
   43 	 0.037999 	 8.722561 	 10.000000
   44 	 0.038147 	 8.668530 	 10.000000
   45 	 0.610352 	 9.398842 	 10.000000
   46 	 0.038147 	 8.542076 	 10.000000
   47 	 0.038147 	 9.099347 	 10.000000
   48 	 0.035903 	 9.006309 	 10.000000
   49 	 0.043403 	 8.095879 	 10.000000
   50 	 0.037999 	 9.406067 	 10.000000
   51 	 0.067817 	 8.952711 	 10.000000
   52 	 0.030518 	 9.046368 	 10.000000
   53 	 0.038147 	 9.105460 	 10.000000
   54 	 0.037999 	 8.961361 	 10.000000
   55 	 0.152588 	 9.469011 	 10.000000
   56 	 0.150240 	 9.151003 	 10.000000
   57 	 0.152588 	 8.524258 	 10.000000
   58 	 2.441407 	 9.497720 	 10.000000
   59 	 0.038147 	 8.545495 	 10.000000
   60 	 0.038147 	 8.732084 	 10.000000
   61 	 0.038147 	 8.689651 	 10.000000
   62 	 0.035772 	 9.458438 	 10.000000
   63 	 0.038147 	 8.695300 	 10.000000
   64 	 0.038147 	 8.674807 	 10.000000
   65 	 0.038147 	 9.077853 	 10.000000
   66 	 0.038147 	 7.858490 	 10.000000
   67 	 0.037999 	 8.801431 	 10.000000
   68 	 0.037999 	 9.101105 	 10.000000
   69 	 0.049825 	 8.785662 	 10.000000
   70 	 0.037999 	 9.476045 	 10.000000
   71 	 0.038147 	 8.935811 	 10.000000
   72 	 0.038147 	 8.668175 	 10.000000
   73 	 0.038147 	 9.244226 	 10.000000
   74 	 0.038147 	 8.395484 	 10.000000
   75 	 0.038147 	 8.388774 	 10.000000
   76 	 0.038147 	 7.914938 	 10.000000
   77 	 0.043403 	 8.694592 	 10.000000
   78 	 0.038147 	 8.978790 	 10.000000
   79 	 0.038147 	 8.403197 	 10.000000
 