   0 	 0.017043 	 0.077738 	 0.751202
    1 	 0.021184 	 0.259440 	 1.085069
    2 	 0.026755 	 0.405822 	 1.953125
    3 	 0.036169 	 0.602896 	 2.441407
    4 	 0.027902 	 0.669728 	 1.953125
    5 	 0.046950 	 0.955946 	 2.441407
    6 	 0.024661 	 1.285125 	 10.000000
    7 	 0.032992 	 2.726905 	 10.000000
    8 	 0.021605 	 6.107545 	 10.000000
    9 	 0.096689 	 7.637115 	 10.000000
   10 	 0.037999 	 7.940274 	 10.000000
   11 	 0.038147 	 7.875315 	 10.000000
   12 	 0.038147 	 7.624517 	 10.000000
   13 	 0.038147 	 7.771866 	 10.000000
   14 	 0.038147 	 7.914862 	 10.000000
   15 	 0.037999 	 7.639760 	 10.000000
   16 	 0.038147 	 8.302270 	 10.000000
   17 	 0.037560 	 8.454022 	 10.000000
   18 	 0.038147 	 8.419186 	 10.000000
   19 	 0.038147 	 9.025150 	 10.000000
   20 	 0.035772 	 8.929159 	 10.000000
   21 	 0.610352 	 8.693131 	 10.000000
   22 	 0.035903 	 8.760108 	 10.000000
   23 	 0.120563 	 9.053458 	 10.000000
   24 	 0.038147 	 9.133669 	 10.000000
   25 	 0.033791 	 8.503589 	 10.000000
   26 	 0.037999 	 9.175973 	 10.000000
   27 	 0.038147 	 8.944033 	 10.000000
   28 	 0.037999 	 8.489711 	 10.000000
   29 	 0.038147 	 7.806919 	 10.000000
   30 	 0.390625 	 8.915116 	 10.000000
   31 	 0.037999 	 8.722138 	 10.000000
   32 	 0.037999 	 8.699538 	 10.000000
   33 	 0.038147 	 7.759724 	 10.000000
   34 	 0.038147 	 7.583554 	 10.000000
   35 	 0.120563 	 8.510886 	 10.000000
   36 	 0.152588 	 9.611914 	 10.000000
   37 	 0.037999 	 8.213966 	 10.000000
   38 	 0.150240 	 8.931921 	 10.000000
   39 	 0.152588 	 9.143019 	 10.000000
   40 	 0.038147 	 8.466262 	 10.000000
   41 	 0.037999 	 8.604555 	 10.000000
   42 	 0.028978 	 8.784079 	 10.000000
   43 	 0.037999 	 8.937532 	 10.000000
   44 	 0.610352 	 9.175372 	 10.000000
   45 	 0.152588 	 9.225299 	 10.000000
   46 	 0.033791 	 8.686870 	 10.000000
   47 	 0.038147 	 9.016750 	 10.000000
   48 	 0.038147 	 9.180372 	 10.000000
   49 	 0.037999 	 8.240485 	 10.000000
   50 	 0.038147 	 8.836358 	 10.000000
   51 	 0.030518 	 8.679737 	 10.000000
   52 	 0.038147 	 8.969150 	 10.000000
   53 	 0.038147 	 9.404443 	 10.000000
   54 	 0.019073 	 8.611568 	 10.000000
   55 	 0.030518 	 8.238104 	 10.000000
   56 	 0.038147 	 9.338774 	 10.000000
   57 	 0.038147 	 8.334189 	 10.000000
   58 	 0.038147 	 8.272885 	 10.000000
   59 	 0.037999 	 8.176038 	 10.000000
   60 	 0.037851 	 9.408832 	 10.000000
   61 	 0.038147 	 9.237823 	 10.000000
   62 	 0.038147 	 8.536594 	 10.000000
   63 	 0.610352 	 9.436684 	 10.000000
   64 	 0.038147 	 8.374155 	 10.000000
   65 	 0.150240 	 8.515157 	 10.000000
   66 	 0.038147 	 8.991545 	 10.000000
   67 	 0.037999 	 8.894037 	 10.000000
   68 	 0.038147 	 8.904247 	 10.000000
   69 	 0.038147 	 8.537121 	 10.000000
   70 	 0.152588 	 8.386403 	 10.000000
   71 	 0.038147 	 8.929351 	 10.000000
   72 	 0.038147 	 9.117889 	 10.000000
   73 	 0.038147 	 8.894278 	 10.000000
   74 	 0.037999 	 8.949345 	 10.000000
   75 	 0.038147 	 9.035506 	 10.000000
   76 	 0.038147 	 8.909296 	 10.000000
   77 	 0.038147 	 8.884917 	 10.000000
   78 	 0.038147 	 9.087915 	 10.000000
   79 	 0.038147 	 8.709807 	 10.000000
 