   0 	 -1.000000 	 6.731298 	 100.000000
    1 	 -1.000000 	 18.365317 	 100.000000
    2 	 -1.000000 	 59.978333 	 100.000000
    3 	 -1.000000 	 48.363426 	 100.000000
    4 	 -1.000000 	 71.654167 	 100.000000
    5 	 -1.000000 	 65.042500 	 100.000000
    6 	 -0.500000 	 86.713889 	 100.000000
    7 	 -1.000000 	 88.351389 	 100.000000
    8 	 -0.500000 	 78.400556 	 100.000000
    9 	 -1.000000 	 88.347222 	 100.000000
   10 	 -1.000000 	 75.054167 	 100.000000
   11 	 -1.000000 	 80.014583 	 100.000000
   12 	 -1.000000 	 88.341667 	 100.000000
   13 	 -1.000000 	 81.616667 	 100.000000
   14 	 -0.250000 	 88.345833 	 100.000000
   15 	 -1.000000 	 81.655556 	 100.000000
   16 	 -1.000000 	 75.038889 	 100.000000
   17 	 -1.000000 	 83.387500 	 100.000000
   18 	 -0.250000 	 85.048611 	 100.000000
   19 	 -1.000000 	 86.655556 	 100.000000
   20 	 -0.500000 	 81.684722 	 100.000000
   21 	 -0.500000 	 83.354167 	 100.000000
   22 	 -0.500000 	 86.709722 	 100.000000
   23 	 -1.000000 	 81.723611 	 100.000000
   24 	 -0.250000 	 91.706944 	 100.000000
   25 	 -1.000000 	 79.972222 	 100.000000
   26 	 -1.000000 	 81.702222 	 100.000000
   27 	 -1.000000 	 81.713333 	 100.000000
   28 	 -0.250000 	 90.026389 	 100.000000
   29 	 -1.000000 	 81.704167 	 100.000000
   30 	 -1.000000 	 79.984722 	 100.000000
   31 	 -1.000000 	 80.022222 	 100.000000
   32 	 -0.250000 	 85.030556 	 100.000000
   33 	 -1.000000 	 83.325000 	 100.000000
   34 	 -1.000000 	 83.293056 	 100.000000
   35 	 -1.000000 	 90.029167 	 100.000000
   36 	 -0.333333 	 88.330556 	 100.000000
   37 	 0.250000 	 90.063889 	 100.000000
   38 	 -0.250000 	 75.114444 	 100.000000
   39 	 -0.500000 	 88.358333 	 100.000000
   40 	 -1.000000 	 91.679167 	 100.000000
   41 	 -1.000000 	 86.720833 	 100.000000
   42 	 -1.000000 	 81.697222 	 100.000000
   43 	 -0.250000 	 85.047222 	 100.000000
   44 	 -1.000000 	 78.338889 	 100.000000
   45 	 -1.000000 	 84.952778 	 100.000000
   46 	 -0.250000 	 85.037639 	 100.000000
   47 	 -1.000000 	 88.332639 	 100.000000
   48 	 -1.000000 	 80.001389 	 100.000000
   49 	 -0.500000 	 85.043056 	 100.000000
   50 	 -0.333333 	 90.041667 	 100.000000
   51 	 -0.500000 	 90.018889 	 100.000000
   52 	 -1.000000 	 76.657315 	 100.000000
   53 	 -1.000000 	 83.377778 	 100.000000
   54 	 -1.000000 	 80.031944 	 100.000000
   55 	 -0.500000 	 85.061111 	 100.000000
   56 	 -1.000000 	 86.670278 	 100.000000
   57 	 -0.333333 	 83.418056 	 100.000000
   58 	 -1.000000 	 85.016667 	 100.000000
   59 	 -0.250000 	 88.346667 	 100.000000
   60 	 -1.000000 	 90.005000 	 100.000000
   61 	 -0.250000 	 75.055556 	 100.000000
   62 	 -1.000000 	 66.665556 	 100.000000
   63 	 -1.000000 	 79.963333 	 100.000000
   64 	 -1.000000 	 80.030556 	 100.000000
   65 	 -1.000000 	 83.313889 	 100.000000
   66 	 -0.250000 	 85.050833 	 100.000000
   67 	 -1.000000 	 85.045833 	 100.000000
   68 	 -1.000000 	 81.706944 	 100.000000
   69 	 -1.000000 	 90.001389 	 100.000000
   70 	 -1.000000 	 86.697222 	 100.000000
   71 	 -1.000000 	 83.238889 	 100.000000
   72 	 -1.000000 	 86.695278 	 100.000000
   73 	 -0.250000 	 88.387500 	 100.000000
   74 	 -1.000000 	 86.713889 	 100.000000
   75 	 -1.000000 	 83.338889 	 100.000000
   76 	 -1.000000 	 79.966111 	 100.000000
   77 	 -1.000000 	 86.692500 	 100.000000
   78 	 -1.000000 	 88.320833 	 100.000000
   79 	 -1.000000 	 80.021111 	 100.000000
 