   0 	 -1.000000 	 3.291839 	 100.000000
    1 	 -1.000000 	 48.426964 	 100.000000
    2 	 -1.000000 	 46.796230 	 100.000000
    3 	 -1.000000 	 48.320833 	 100.000000
    4 	 -1.000000 	 31.699187 	 100.000000
    5 	 -1.000000 	 58.398452 	 100.000000
    6 	 -1.000000 	 55.027341 	 100.000000
    7 	 -1.000000 	 46.628333 	 100.000000
    8 	 -1.000000 	 39.990258 	 100.000000
    9 	 -1.000000 	 53.333876 	 100.000000
   10 	 -1.000000 	 76.686944 	 100.000000
   11 	 -1.000000 	 81.698611 	 100.000000
   12 	 -1.000000 	 75.006944 	 100.000000
   13 	 -1.000000 	 86.678611 	 100.000000
   14 	 -1.000000 	 79.979167 	 100.000000
   15 	 -1.000000 	 81.633333 	 100.000000
   16 	 -1.000000 	 76.709722 	 100.000000
   17 	 -1.000000 	 78.347778 	 100.000000
   18 	 -1.000000 	 76.733333 	 100.000000
   19 	 -1.000000 	 84.997222 	 100.000000
   20 	 -1.000000 	 85.011111 	 100.000000
   21 	 -1.000000 	 84.934722 	 100.000000
   22 	 -0.500000 	 93.337500 	 100.000000
   23 	 -1.000000 	 88.356944 	 100.000000
   24 	 -1.000000 	 86.620833 	 100.000000
   25 	 -1.000000 	 79.890278 	 100.000000
   26 	 -1.000000 	 81.627778 	 100.000000
   27 	 -0.500000 	 83.382500 	 100.000000
   28 	 -1.000000 	 81.631944 	 100.000000
   29 	 -1.000000 	 84.944444 	 100.000000
   30 	 -1.000000 	 81.584722 	 100.000000
   31 	 -1.000000 	 81.651389 	 100.000000
   32 	 -1.000000 	 76.711111 	 100.000000
   33 	 -1.000000 	 86.662500 	 100.000000
   34 	 -1.000000 	 84.938333 	 100.000000
   35 	 -0.500000 	 81.696389 	 100.000000
   36 	 -1.000000 	 79.933333 	 100.000000
   37 	 -1.000000 	 83.291667 	 100.000000
   38 	 -1.000000 	 83.337500 	 100.000000
   39 	 -1.000000 	 83.289444 	 100.000000
   40 	 -1.000000 	 76.625000 	 100.000000
   41 	 -1.000000 	 88.338889 	 100.000000
   42 	 -1.000000 	 78.258333 	 100.000000
   43 	 -1.000000 	 78.393750 	 100.000000
   44 	 -1.000000 	 70.011111 	 100.000000
   45 	 -1.000000 	 88.312500 	 100.000000
   46 	 -1.000000 	 79.974167 	 100.000000
   47 	 -1.000000 	 86.650833 	 100.000000
   48 	 -1.000000 	 83.391667 	 100.000000
   49 	 -1.000000 	 88.295833 	 100.000000
   50 	 -1.000000 	 76.686508 	 100.000000
   51 	 -1.000000 	 79.926389 	 100.000000
   52 	 -1.000000 	 78.297619 	 100.000000
   53 	 -1.000000 	 78.334722 	 100.000000
   54 	 -1.000000 	 76.681944 	 100.000000
   55 	 -1.000000 	 81.611111 	 100.000000
   56 	 -1.000000 	 88.312500 	 100.000000
   57 	 -1.000000 	 66.619444 	 100.000000
   58 	 -1.000000 	 78.386944 	 100.000000
   59 	 -1.000000 	 83.293056 	 100.000000
   60 	 -1.000000 	 86.641667 	 100.000000
   61 	 -1.000000 	 85.034722 	 100.000000
   62 	 -1.000000 	 81.669444 	 100.000000
   63 	 -1.000000 	 86.675000 	 100.000000
   64 	 -1.000000 	 74.981944 	 100.000000
   65 	 -1.000000 	 83.386111 	 100.000000
   66 	 -1.000000 	 83.351389 	 100.000000
   67 	 -1.000000 	 86.640278 	 100.000000
   68 	 -1.000000 	 83.268056 	 100.000000
   69 	 -1.000000 	 74.934722 	 100.000000
   70 	 -1.000000 	 76.552778 	 100.000000
   71 	 -1.000000 	 71.677083 	 100.000000
   72 	 -1.000000 	 76.672222 	 100.000000
   73 	 -1.000000 	 78.284722 	 100.000000
   74 	 -1.000000 	 83.298611 	 100.000000
   75 	 -1.000000 	 76.622778 	 100.000000
   76 	 -1.000000 	 88.304167 	 100.000000
   77 	 -1.000000 	 81.691667 	 100.000000
   78 	 -1.000000 	 79.968056 	 100.000000
   79 	 -0.500000 	 86.704167 	 100.000000
 