   0 	 -1.000000 	 11.604583 	 100.000000
    1 	 -1.000000 	 21.636984 	 100.000000
    2 	 -1.000000 	 34.982778 	 100.000000
    3 	 -1.000000 	 23.330701 	 100.000000
    4 	 -1.000000 	 28.330437 	 100.000000
    5 	 -1.000000 	 35.023770 	 100.000000
    6 	 -1.000000 	 33.305449 	 100.000000
    7 	 -1.000000 	 43.315139 	 100.000000
    8 	 -1.000000 	 43.348056 	 100.000000
    9 	 -1.000000 	 48.356548 	 100.000000
   10 	 -1.000000 	 66.644444 	 100.000000
   11 	 -1.000000 	 58.283333 	 100.000000
   12 	 -1.000000 	 59.989444 	 100.000000
   13 	 -0.500000 	 86.694444 	 100.000000
   14 	 -1.000000 	 81.661111 	 100.000000
   15 	 -1.000000 	 86.672222 	 100.000000
   16 	 -1.000000 	 70.034722 	 100.000000
   17 	 -1.000000 	 75.029167 	 100.000000
   18 	 -1.000000 	 85.036111 	 100.000000
   19 	 -1.000000 	 83.322778 	 100.000000
   20 	 -1.000000 	 83.420833 	 100.000000
   21 	 -1.000000 	 76.661944 	 100.000000
   22 	 -1.000000 	 80.038889 	 100.000000
   23 	 -1.000000 	 73.286111 	 100.000000
   24 	 -1.000000 	 63.348611 	 100.000000
   25 	 -1.000000 	 83.368056 	 100.000000
   26 	 -0.500000 	 83.358333 	 100.000000
   27 	 -0.250000 	 83.363889 	 100.000000
   28 	 -1.000000 	 80.016667 	 100.000000
   29 	 -1.000000 	 81.587500 	 100.000000
   30 	 -1.000000 	 88.280556 	 100.000000
   31 	 -1.000000 	 76.572222 	 100.000000
   32 	 -1.000000 	 86.647500 	 100.000000
   33 	 -1.000000 	 83.371230 	 100.000000
   34 	 -1.000000 	 80.010417 	 100.000000
   35 	 -0.250000 	 86.759722 	 100.000000
   36 	 -1.000000 	 86.650000 	 100.000000
   37 	 -1.000000 	 81.643056 	 100.000000
   38 	 -0.500000 	 86.698611 	 100.000000
   39 	 -0.500000 	 78.418056 	 100.000000
   40 	 -0.333333 	 90.047222 	 100.000000
   41 	 -1.000000 	 75.004167 	 100.000000
   42 	 -1.000000 	 88.340278 	 100.000000
   43 	 -1.000000 	 88.408333 	 100.000000
   44 	 -1.000000 	 80.021528 	 100.000000
   45 	 -1.000000 	 81.646667 	 100.000000
   46 	 -1.000000 	 81.702778 	 100.000000
   47 	 -0.500000 	 88.352778 	 100.000000
   48 	 -1.000000 	 80.019444 	 100.000000
   49 	 -1.000000 	 83.315675 	 100.000000
   50 	 -1.000000 	 58.313889 	 100.000000
   51 	 -0.500000 	 76.755556 	 100.000000
   52 	 -0.333333 	 88.374008 	 100.000000
   53 	 -1.000000 	 85.000000 	 100.000000
   54 	 -1.000000 	 86.630556 	 100.000000
   55 	 -0.500000 	 80.027778 	 100.000000
   56 	 -1.000000 	 94.991667 	 100.000000
   57 	 -0.250000 	 80.088889 	 100.000000
   58 	 -1.000000 	 86.644444 	 100.000000
   59 	 -1.000000 	 80.022619 	 100.000000
   60 	 -1.000000 	 86.688889 	 100.000000
   61 	 -1.000000 	 80.072222 	 100.000000
   62 	 -1.000000 	 81.676389 	 100.000000
   63 	 -1.000000 	 83.377381 	 100.000000
   64 	 -0.500000 	 86.733333 	 100.000000
   65 	 -1.000000 	 84.955556 	 100.000000
   66 	 -0.333333 	 86.704167 	 100.000000
   67 	 -1.000000 	 85.020437 	 100.000000
   68 	 -1.000000 	 86.708333 	 100.000000
   69 	 -0.500000 	 76.733333 	 100.000000
   70 	 -1.000000 	 84.993056 	 100.000000
   71 	 -1.000000 	 73.370833 	 100.000000
   72 	 -1.000000 	 81.649444 	 100.000000
   73 	 -1.000000 	 84.939722 	 100.000000
   74 	 -0.500000 	 88.342500 	 100.000000
   75 	 -1.000000 	 75.004167 	 100.000000
   76 	 -1.000000 	 91.672222 	 100.000000
   77 	 -0.500000 	 88.347222 	 100.000000
   78 	 -1.000000 	 90.004167 	 100.000000
   79 	 -0.500000 	 81.718056 	 100.000000
 