   0 	 -1.000000 	 8.430595 	 100.000000
    1 	 -1.000000 	 38.408750 	 100.000000
    2 	 -1.000000 	 31.624008 	 100.000000
    3 	 -1.000000 	 26.664689 	 100.000000
    4 	 -1.000000 	 31.747500 	 100.000000
    5 	 -1.000000 	 51.601389 	 100.000000
    6 	 -1.000000 	 51.711111 	 100.000000
    7 	 -1.000000 	 65.016230 	 100.000000
    8 	 -1.000000 	 63.280714 	 100.000000
    9 	 -1.000000 	 76.605556 	 100.000000
   10 	 -1.000000 	 73.362500 	 100.000000
   11 	 -1.000000 	 78.293056 	 100.000000
   12 	 -1.000000 	 73.258333 	 100.000000
   13 	 -1.000000 	 70.017500 	 100.000000
   14 	 -1.000000 	 75.045833 	 100.000000
   15 	 -1.000000 	 81.656944 	 100.000000
   16 	 -1.000000 	 89.962500 	 100.000000
   17 	 -1.000000 	 81.638889 	 100.000000
   18 	 -1.000000 	 85.008333 	 100.000000
   19 	 -1.000000 	 84.954167 	 100.000000
   20 	 -1.000000 	 73.405556 	 100.000000
   21 	 -1.000000 	 80.012500 	 100.000000
   22 	 -1.000000 	 81.658333 	 100.000000
   23 	 -1.000000 	 74.986111 	 100.000000
   24 	 -1.000000 	 80.033333 	 100.000000
   25 	 -1.000000 	 73.263889 	 100.000000
   26 	 -1.000000 	 88.254167 	 100.000000
   27 	 -1.000000 	 88.340278 	 100.000000
   28 	 -1.000000 	 83.326389 	 100.000000
   29 	 -1.000000 	 83.259167 	 100.000000
   30 	 -1.000000 	 84.995833 	 100.000000
   31 	 -1.000000 	 86.618056 	 100.000000
   32 	 -1.000000 	 83.318750 	 100.000000
   33 	 -1.000000 	 85.012500 	 100.000000
   34 	 -1.000000 	 71.642222 	 100.000000
   35 	 -1.000000 	 80.005952 	 100.000000
   36 	 -1.000000 	 79.919444 	 100.000000
   37 	 -1.000000 	 86.681944 	 100.000000
   38 	 -1.000000 	 80.038333 	 100.000000
   39 	 -1.000000 	 78.338889 	 100.000000
   40 	 -1.000000 	 75.000000 	 100.000000
   41 	 -1.000000 	 86.651389 	 100.000000
   42 	 -1.000000 	 78.261111 	 100.000000
   43 	 -1.000000 	 81.620833 	 100.000000
   44 	 -1.000000 	 81.675000 	 100.000000
   45 	 -1.000000 	 80.026389 	 100.000000
   46 	 -1.000000 	 78.265278 	 100.000000
   47 	 -1.000000 	 74.922222 	 100.000000
   48 	 -1.000000 	 83.343056 	 100.000000
   49 	 -1.000000 	 80.005556 	 100.000000
   50 	 -1.000000 	 68.238889 	 100.000000
   51 	 -0.500000 	 83.368056 	 100.000000
   52 	 -1.000000 	 75.005556 	 100.000000
   53 	 -1.000000 	 81.627778 	 100.000000
   54 	 -1.000000 	 86.673611 	 100.000000
   55 	 -1.000000 	 71.684722 	 100.000000
   56 	 -1.000000 	 80.013889 	 100.000000
   57 	 -1.000000 	 84.906944 	 100.000000
   58 	 -1.000000 	 81.621667 	 100.000000
   59 	 -0.250000 	 91.708333 	 100.000000
   60 	 -1.000000 	 86.657500 	 100.000000
   61 	 -1.000000 	 81.646667 	 100.000000
   62 	 -1.000000 	 73.184722 	 100.000000
   63 	 -1.000000 	 81.627778 	 100.000000
   64 	 -1.000000 	 76.672222 	 100.000000
   65 	 -1.000000 	 75.001389 	 100.000000
   66 	 -1.000000 	 84.984722 	 100.000000
   67 	 -1.000000 	 84.966667 	 100.000000
   68 	 -1.000000 	 78.295833 	 100.000000
   69 	 -1.000000 	 86.640278 	 100.000000
   70 	 -1.000000 	 81.621111 	 100.000000
   71 	 -1.000000 	 66.595833 	 100.000000
   72 	 -1.000000 	 81.643452 	 100.000000
   73 	 -1.000000 	 83.359722 	 100.000000
   74 	 -1.000000 	 81.679167 	 100.000000
   75 	 -0.500000 	 78.345833 	 100.000000
   76 	 -1.000000 	 88.363889 	 100.000000
   77 	 -1.000000 	 81.653611 	 100.000000
   78 	 -1.000000 	 89.977778 	 100.000000
   79 	 -0.500000 	 85.033333 	 100.000000
 