   0 	 -1.000000 	 8.338334 	 100.000000
    1 	 -1.000000 	 26.702778 	 100.000000
    2 	 -1.000000 	 41.684603 	 100.000000
    3 	 -1.000000 	 36.681389 	 100.000000
    4 	 -1.000000 	 39.928492 	 100.000000
    5 	 -1.000000 	 56.701389 	 100.000000
    6 	 -1.000000 	 53.299444 	 100.000000
    7 	 -1.000000 	 66.673611 	 100.000000
    8 	 -1.000000 	 45.016667 	 100.000000
    9 	 -1.000000 	 46.651389 	 100.000000
   10 	 -1.000000 	 58.419444 	 100.000000
   11 	 -1.000000 	 63.312500 	 100.000000
   12 	 -1.000000 	 56.686667 	 100.000000
   13 	 -1.000000 	 63.326389 	 100.000000
   14 	 -1.000000 	 75.091111 	 100.000000
   15 	 -1.000000 	 78.383333 	 100.000000
   16 	 -1.000000 	 76.620833 	 100.000000
   17 	 -1.000000 	 75.036111 	 100.000000
   18 	 -1.000000 	 76.709167 	 100.000000
   19 	 -0.500000 	 85.054167 	 100.000000
   20 	 -1.000000 	 76.689722 	 100.000000
   21 	 -1.000000 	 81.695833 	 100.000000
   22 	 -0.500000 	 86.700000 	 100.000000
   23 	 -0.500000 	 81.733333 	 100.000000
   24 	 -1.000000 	 86.677778 	 100.000000
   25 	 -1.000000 	 86.611111 	 100.000000
   26 	 -1.000000 	 85.031944 	 100.000000
   27 	 -1.000000 	 83.348333 	 100.000000
   28 	 -1.000000 	 81.670278 	 100.000000
   29 	 -0.500000 	 81.643056 	 100.000000
   30 	 -0.500000 	 88.359167 	 100.000000
   31 	 -1.000000 	 86.647500 	 100.000000
   32 	 -1.000000 	 81.691111 	 100.000000
   33 	 -1.000000 	 80.025000 	 100.000000
   34 	 -1.000000 	 83.336389 	 100.000000
   35 	 -1.000000 	 81.658333 	 100.000000
   36 	 -1.000000 	 88.359722 	 100.000000
   37 	 -1.000000 	 81.668750 	 100.000000
   38 	 -1.000000 	 88.323611 	 100.000000
   39 	 -1.000000 	 81.713492 	 100.000000
   40 	 -1.000000 	 85.001389 	 100.000000
   41 	 -1.000000 	 75.075000 	 100.000000
   42 	 -1.000000 	 83.408730 	 100.000000
   43 	 -1.000000 	 75.070833 	 100.000000
   44 	 -1.000000 	 81.692500 	 100.000000
   45 	 -1.000000 	 78.441667 	 100.000000
   46 	 -1.000000 	 85.012639 	 100.000000
   47 	 -1.000000 	 76.669444 	 100.000000
   48 	 -1.000000 	 75.071389 	 100.000000
   49 	 -1.000000 	 83.303611 	 100.000000
   50 	 -1.000000 	 70.011806 	 100.000000
   51 	 -1.000000 	 90.000000 	 100.000000
   52 	 -1.000000 	 81.740278 	 100.000000
   53 	 -0.500000 	 78.414286 	 100.000000
   54 	 -1.000000 	 85.035556 	 100.000000
   55 	 -1.000000 	 85.038889 	 100.000000
   56 	 -0.333333 	 73.447222 	 100.000000
   57 	 -0.250000 	 88.361111 	 100.000000
   58 	 -0.333333 	 81.752778 	 100.000000
   59 	 -1.000000 	 81.683333 	 100.000000
   60 	 -1.000000 	 86.726389 	 100.000000
   61 	 -0.333333 	 83.403730 	 100.000000
   62 	 -0.500000 	 85.029444 	 100.000000
   63 	 -1.000000 	 83.370278 	 100.000000
   64 	 -0.333333 	 76.772222 	 100.000000
   65 	 -1.000000 	 83.355556 	 100.000000
   66 	 -1.000000 	 83.345833 	 100.000000
   67 	 -1.000000 	 88.362500 	 100.000000
   68 	 -1.000000 	 91.695000 	 100.000000
   69 	 -0.250000 	 80.137500 	 100.000000
   70 	 -1.000000 	 75.041667 	 100.000000
   71 	 -0.333333 	 86.701389 	 100.000000
   72 	 -1.000000 	 81.640278 	 100.000000
   73 	 -0.500000 	 84.994444 	 100.000000
   74 	 -0.333333 	 83.469444 	 100.000000
   75 	 -1.000000 	 71.777778 	 100.000000
   76 	 -1.000000 	 80.031944 	 100.000000
   77 	 -0.250000 	 85.029444 	 100.000000
   78 	 -1.000000 	 76.709563 	 100.000000
   79 	 -1.000000 	 81.698611 	 100.000000
 