   0 	 -1.000000 	 1.566681 	 100.000000
    1 	 -1.000000 	 81.658333 	 100.000000
    2 	 -0.500000 	 88.341667 	 100.000000
    3 	 -1.000000 	 78.307500 	 100.000000
    4 	 -1.000000 	 81.676389 	 100.000000
    5 	 -1.000000 	 81.718056 	 100.000000
    6 	 -1.000000 	 75.007222 	 100.000000
    7 	 -1.000000 	 70.085278 	 100.000000
    8 	 -1.000000 	 78.397778 	 100.000000
    9 	 -1.000000 	 83.336111 	 100.000000
   10 	 -1.000000 	 83.312500 	 100.000000
   11 	 -1.000000 	 88.293056 	 100.000000
   12 	 -1.000000 	 83.299167 	 100.000000
   13 	 -1.000000 	 81.686111 	 100.000000
   14 	 -1.000000 	 83.331548 	 100.000000
   15 	 -1.000000 	 83.321944 	 100.000000
   16 	 -1.000000 	 81.690741 	 100.000000
   17 	 -1.000000 	 79.979722 	 100.000000
   18 	 -1.000000 	 86.665833 	 100.000000
   19 	 -1.000000 	 83.332500 	 100.000000
   20 	 -1.000000 	 83.310119 	 100.000000
   21 	 -1.000000 	 83.250556 	 100.000000
   22 	 -1.000000 	 81.658333 	 100.000000
   23 	 -1.000000 	 84.971389 	 100.000000
   24 	 -1.000000 	 86.664444 	 100.000000
   25 	 -1.000000 	 76.680833 	 100.000000
   26 	 -1.000000 	 76.725000 	 100.000000
   27 	 -1.000000 	 81.681944 	 100.000000
   28 	 -1.000000 	 80.008333 	 100.000000
   29 	 -1.000000 	 83.316667 	 100.000000
   30 	 -1.000000 	 66.703333 	 100.000000
   31 	 -1.000000 	 85.056944 	 100.000000
   32 	 -1.000000 	 73.327500 	 100.000000
   33 	 -1.000000 	 79.949167 	 100.000000
   34 	 -1.000000 	 85.019444 	 100.000000
   35 	 -1.000000 	 83.372222 	 100.000000
   36 	 -1.000000 	 81.672222 	 100.000000
   37 	 -0.500000 	 85.001944 	 100.000000
   38 	 -1.000000 	 89.988889 	 100.000000
   39 	 -1.000000 	 78.338889 	 100.000000
   40 	 -1.000000 	 81.660278 	 100.000000
   41 	 -1.000000 	 71.681944 	 100.000000
   42 	 -1.000000 	 86.638889 	 100.000000
   43 	 -1.000000 	 81.685833 	 100.000000
   44 	 -1.000000 	 83.361111 	 100.000000
   45 	 -1.000000 	 74.925556 	 100.000000
   46 	 -1.000000 	 81.763889 	 100.000000
   47 	 -1.000000 	 80.000000 	 100.000000
   48 	 -1.000000 	 83.355556 	 100.000000
   49 	 -1.000000 	 78.377341 	 100.000000
   50 	 -1.000000 	 75.001667 	 100.000000
   51 	 -1.000000 	 83.251389 	 100.000000
   52 	 -1.000000 	 76.665000 	 100.000000
   53 	 -1.000000 	 86.692222 	 100.000000
   54 	 -1.000000 	 81.631944 	 100.000000
   55 	 -1.000000 	 78.370556 	 100.000000
   56 	 -1.000000 	 88.265278 	 100.000000
   57 	 -1.000000 	 73.337500 	 100.000000
   58 	 -1.000000 	 83.369444 	 100.000000
   59 	 -1.000000 	 78.390278 	 100.000000
   60 	 -1.000000 	 76.646944 	 100.000000
   61 	 -1.000000 	 74.974722 	 100.000000
   62 	 -0.500000 	 76.705556 	 100.000000
   63 	 -1.000000 	 86.629167 	 100.000000
   64 	 -1.000000 	 78.323611 	 100.000000
   65 	 -1.000000 	 73.486111 	 100.000000
   66 	 -1.000000 	 86.609722 	 100.000000
   67 	 -0.500000 	 81.688333 	 100.000000
   68 	 -1.000000 	 78.418611 	 100.000000
   69 	 -1.000000 	 85.039444 	 100.000000
   70 	 -1.000000 	 86.666667 	 100.000000
   71 	 -1.000000 	 91.648333 	 100.000000
   72 	 -1.000000 	 78.403333 	 100.000000
   73 	 -1.000000 	 80.001389 	 100.000000
   74 	 -1.000000 	 83.346389 	 100.000000
   75 	 -1.000000 	 81.618056 	 100.000000
   76 	 -1.000000 	 85.051389 	 100.000000
   77 	 -1.000000 	 88.332500 	 100.000000
   78 	 -1.000000 	 76.637500 	 100.000000
   79 	 -0.500000 	 75.015833 	 100.000000
 