   0 	 -1.000000 	 11.614992 	 100.000000
    1 	 -1.000000 	 25.003591 	 100.000000
    2 	 -1.000000 	 31.700265 	 100.000000
    3 	 -1.000000 	 25.052222 	 100.000000
    4 	 -1.000000 	 45.011508 	 100.000000
    5 	 -1.000000 	 56.745278 	 100.000000
    6 	 -1.000000 	 71.655556 	 100.000000
    7 	 -1.000000 	 54.998889 	 100.000000
    8 	 -1.000000 	 81.644444 	 100.000000
    9 	 -1.000000 	 76.656944 	 100.000000
   10 	 -0.333333 	 93.356111 	 100.000000
   11 	 -1.000000 	 81.633333 	 100.000000
   12 	 -1.000000 	 79.934722 	 100.000000
   13 	 -1.000000 	 83.278175 	 100.000000
   14 	 -1.000000 	 84.980556 	 100.000000
   15 	 -1.000000 	 76.643452 	 100.000000
   16 	 -1.000000 	 89.963889 	 100.000000
   17 	 -1.000000 	 78.254722 	 100.000000
   18 	 -1.000000 	 78.293056 	 100.000000
   19 	 -1.000000 	 79.942063 	 100.000000
   20 	 -1.000000 	 81.602083 	 100.000000
   21 	 -1.000000 	 79.966667 	 100.000000
   22 	 -1.000000 	 74.934325 	 100.000000
   23 	 -1.000000 	 85.011667 	 100.000000
   24 	 -1.000000 	 81.673056 	 100.000000
   25 	 -1.000000 	 86.590278 	 100.000000
   26 	 -1.000000 	 86.706944 	 100.000000
   27 	 -1.000000 	 83.373611 	 100.000000
   28 	 -1.000000 	 81.593056 	 100.000000
   29 	 -1.000000 	 86.612500 	 100.000000
   30 	 -1.000000 	 80.054167 	 100.000000
   31 	 -1.000000 	 75.007341 	 100.000000
   32 	 -1.000000 	 83.327222 	 100.000000
   33 	 -1.000000 	 85.072222 	 100.000000
   34 	 -1.000000 	 78.370139 	 100.000000
   35 	 -1.000000 	 83.290278 	 100.000000
   36 	 -1.000000 	 89.961111 	 100.000000
   37 	 -1.000000 	 76.661111 	 100.000000
   38 	 -1.000000 	 74.948611 	 100.000000
   39 	 -1.000000 	 78.277778 	 100.000000
   40 	 -1.000000 	 79.940278 	 100.000000
   41 	 -1.000000 	 84.995833 	 100.000000
   42 	 -1.000000 	 81.638889 	 100.000000
   43 	 -1.000000 	 79.894444 	 100.000000
   44 	 -1.000000 	 79.960278 	 100.000000
   45 	 -1.000000 	 84.984722 	 100.000000
   46 	 -1.000000 	 89.977778 	 100.000000
   47 	 -1.000000 	 78.327778 	 100.000000
   48 	 -1.000000 	 86.697222 	 100.000000
   49 	 -1.000000 	 81.724444 	 100.000000
   50 	 -1.000000 	 86.675000 	 100.000000
   51 	 -1.000000 	 81.668056 	 100.000000
   52 	 -1.000000 	 73.366111 	 100.000000
   53 	 -1.000000 	 83.338889 	 100.000000
   54 	 -1.000000 	 86.720833 	 100.000000
   55 	 -1.000000 	 85.036111 	 100.000000
   56 	 -1.000000 	 76.697222 	 100.000000
   57 	 -1.000000 	 85.048611 	 100.000000
   58 	 -1.000000 	 81.638194 	 100.000000
   59 	 -1.000000 	 78.359722 	 100.000000
   60 	 -1.000000 	 84.991667 	 100.000000
   61 	 -1.000000 	 81.638889 	 100.000000
   62 	 -1.000000 	 78.243056 	 100.000000
   63 	 -1.000000 	 89.972222 	 100.000000
   64 	 -1.000000 	 76.646528 	 100.000000
   65 	 -1.000000 	 75.020833 	 100.000000
   66 	 -1.000000 	 79.975000 	 100.000000
   67 	 -1.000000 	 91.662500 	 100.000000
   68 	 -1.000000 	 81.636111 	 100.000000
   69 	 -1.000000 	 84.980556 	 100.000000
   70 	 -1.000000 	 76.686111 	 100.000000
   71 	 -1.000000 	 75.009722 	 100.000000
   72 	 -1.000000 	 84.984722 	 100.000000
   73 	 -1.000000 	 74.984722 	 100.000000
   74 	 -1.000000 	 84.976389 	 100.000000
   75 	 -1.000000 	 78.259722 	 100.000000
   76 	 -1.000000 	 78.323611 	 100.000000
   77 	 -1.000000 	 80.009722 	 100.000000
   78 	 -1.000000 	 86.640278 	 100.000000
   79 	 -1.000000 	 74.933333 	 100.000000
 