   0 	 -1.000000 	 4.965979 	 100.000000
    1 	 -1.000000 	 56.635813 	 100.000000
    2 	 -1.000000 	 33.322460 	 100.000000
    3 	 -1.000000 	 48.300278 	 100.000000
    4 	 -1.000000 	 36.711389 	 100.000000
    5 	 -1.000000 	 43.298452 	 100.000000
    6 	 -1.000000 	 21.665139 	 100.000000
    7 	 -1.000000 	 48.392341 	 100.000000
    8 	 -1.000000 	 36.723333 	 100.000000
    9 	 -1.000000 	 46.713056 	 100.000000
   10 	 -1.000000 	 63.361111 	 100.000000
   11 	 -1.000000 	 51.763889 	 100.000000
   12 	 -1.000000 	 64.989167 	 100.000000
   13 	 -1.000000 	 61.682500 	 100.000000
   14 	 -1.000000 	 58.284325 	 100.000000
   15 	 -1.000000 	 59.983611 	 100.000000
   16 	 -1.000000 	 54.960556 	 100.000000
   17 	 -1.000000 	 71.711944 	 100.000000
   18 	 -1.000000 	 76.673889 	 100.000000
   19 	 -1.000000 	 73.331944 	 100.000000
   20 	 -0.500000 	 78.402222 	 100.000000
   21 	 -0.500000 	 88.375833 	 100.000000
   22 	 -1.000000 	 78.340675 	 100.000000
   23 	 -1.000000 	 86.691667 	 100.000000
   24 	 -1.000000 	 83.366111 	 100.000000
   25 	 -0.500000 	 81.711944 	 100.000000
   26 	 -1.000000 	 85.051389 	 100.000000
   27 	 -0.333333 	 85.051389 	 100.000000
   28 	 -1.000000 	 81.702222 	 100.000000
   29 	 -0.500000 	 85.048611 	 100.000000
   30 	 -1.000000 	 81.678611 	 100.000000
   31 	 -1.000000 	 81.713889 	 100.000000
   32 	 -0.250000 	 88.379167 	 100.000000
   33 	 -0.333333 	 83.367500 	 100.000000
   34 	 -0.333333 	 86.684722 	 100.000000
   35 	 -0.333333 	 90.066667 	 100.000000
   36 	 -1.000000 	 81.657778 	 100.000000
   37 	 -1.000000 	 78.419444 	 100.000000
   38 	 -1.000000 	 78.441667 	 100.000000
   39 	 -0.333333 	 78.465278 	 100.000000
   40 	 -1.000000 	 80.038889 	 100.000000
   41 	 -1.000000 	 86.679444 	 100.000000
   42 	 -0.500000 	 85.061111 	 100.000000
   43 	 -1.000000 	 76.730000 	 100.000000
   44 	 -1.000000 	 86.677778 	 100.000000
   45 	 -1.000000 	 81.694444 	 100.000000
   46 	 -1.000000 	 81.671667 	 100.000000
   47 	 -1.000000 	 71.756944 	 100.000000
   48 	 -0.500000 	 76.694444 	 100.000000
   49 	 -1.000000 	 88.354167 	 100.000000
   50 	 -1.000000 	 86.658611 	 100.000000
   51 	 -0.333333 	 80.066111 	 100.000000
   52 	 -1.000000 	 86.673611 	 100.000000
   53 	 -0.500000 	 80.075000 	 100.000000
   54 	 -1.000000 	 88.356944 	 100.000000
   55 	 -1.000000 	 78.293056 	 100.000000
   56 	 -0.166667 	 90.072222 	 100.000000
   57 	 -1.000000 	 84.995833 	 100.000000
   58 	 -0.500000 	 81.738333 	 100.000000
   59 	 -0.500000 	 85.064444 	 100.000000
   60 	 -1.000000 	 84.986389 	 100.000000
   61 	 -0.500000 	 83.374444 	 100.000000
   62 	 -1.000000 	 73.365278 	 100.000000
   63 	 -1.000000 	 76.691111 	 100.000000
   64 	 -1.000000 	 88.346601 	 100.000000
   65 	 -1.000000 	 93.319444 	 100.000000
   66 	 -0.333333 	 95.005556 	 100.000000
   67 	 -0.500000 	 78.378611 	 100.000000
   68 	 -1.000000 	 78.341944 	 100.000000
   69 	 -1.000000 	 88.322361 	 100.000000
   70 	 -1.000000 	 86.688333 	 100.000000
   71 	 -1.000000 	 88.350833 	 100.000000
   72 	 -1.000000 	 81.691667 	 100.000000
   73 	 -1.000000 	 78.343056 	 100.000000
   74 	 -1.000000 	 85.013889 	 100.000000
   75 	 -1.000000 	 80.023056 	 100.000000
   76 	 -1.000000 	 80.031548 	 100.000000
   77 	 -0.500000 	 88.361111 	 100.000000
   78 	 -1.000000 	 86.701389 	 100.000000
   79 	 -0.333333 	 81.793056 	 100.000000
 