   0 	 -1.000000 	 5.036263 	 100.000000
    1 	 -1.000000 	 39.965278 	 100.000000
    2 	 -1.000000 	 31.633889 	 100.000000
    3 	 -1.000000 	 46.650833 	 100.000000
    4 	 -1.000000 	 51.761679 	 100.000000
    5 	 -1.000000 	 46.667639 	 100.000000
    6 	 -1.000000 	 51.747063 	 100.000000
    7 	 -1.000000 	 75.015278 	 100.000000
    8 	 -1.000000 	 73.340278 	 100.000000
    9 	 -1.000000 	 76.674167 	 100.000000
   10 	 -0.500000 	 85.046825 	 100.000000
   11 	 -1.000000 	 85.009722 	 100.000000
   12 	 -1.000000 	 63.426389 	 100.000000
   13 	 -1.000000 	 84.981944 	 100.000000
   14 	 -1.000000 	 84.970833 	 100.000000
   15 	 -1.000000 	 76.736111 	 100.000000
   16 	 -1.000000 	 78.465278 	 100.000000
   17 	 -1.000000 	 88.347222 	 100.000000
   18 	 -1.000000 	 73.269444 	 100.000000
   19 	 -0.500000 	 85.052778 	 100.000000
   20 	 -1.000000 	 89.944881 	 100.000000
   21 	 -1.000000 	 73.372222 	 100.000000
   22 	 -1.000000 	 73.397222 	 100.000000
   23 	 -1.000000 	 81.714722 	 100.000000
   24 	 -0.500000 	 76.720833 	 100.000000
   25 	 -1.000000 	 78.342500 	 100.000000
   26 	 -1.000000 	 76.730556 	 100.000000
   27 	 -0.250000 	 80.070833 	 100.000000
   28 	 -1.000000 	 91.695833 	 100.000000
   29 	 -1.000000 	 90.034722 	 100.000000
   30 	 -1.000000 	 81.711111 	 100.000000
   31 	 -1.000000 	 83.304444 	 100.000000
   32 	 -1.000000 	 79.947222 	 100.000000
   33 	 -1.000000 	 88.326389 	 100.000000
   34 	 -1.000000 	 81.693750 	 100.000000
   35 	 -1.000000 	 76.684722 	 100.000000
   36 	 -1.000000 	 81.737500 	 100.000000
   37 	 -0.500000 	 83.369444 	 100.000000
   38 	 -1.000000 	 66.719444 	 100.000000
   39 	 -1.000000 	 89.968056 	 100.000000
   40 	 -0.500000 	 83.345833 	 100.000000
   41 	 -1.000000 	 85.001389 	 100.000000
   42 	 -1.000000 	 81.706944 	 100.000000
   43 	 -1.000000 	 81.665278 	 100.000000
   44 	 -1.000000 	 70.020833 	 100.000000
   45 	 -1.000000 	 91.663333 	 100.000000
   46 	 -1.000000 	 81.655556 	 100.000000
   47 	 -0.250000 	 81.738889 	 100.000000
   48 	 -1.000000 	 88.337500 	 100.000000
   49 	 -1.000000 	 81.716667 	 100.000000
   50 	 -1.000000 	 90.012500 	 100.000000
   51 	 -1.000000 	 79.938889 	 100.000000
   52 	 -1.000000 	 81.718889 	 100.000000
   53 	 -0.250000 	 86.730556 	 100.000000
   54 	 -1.000000 	 78.376944 	 100.000000
   55 	 -1.000000 	 81.629167 	 100.000000
   56 	 -0.250000 	 83.421667 	 100.000000
   57 	 -1.000000 	 83.334722 	 100.000000
   58 	 -1.000000 	 86.706389 	 100.000000
   59 	 -1.000000 	 80.019444 	 100.000000
   60 	 -0.500000 	 93.354167 	 100.000000
   61 	 -1.000000 	 78.356389 	 100.000000
   62 	 -1.000000 	 73.356944 	 100.000000
   63 	 -1.000000 	 75.031389 	 100.000000
   64 	 -1.000000 	 83.334722 	 100.000000
   65 	 -0.500000 	 81.738333 	 100.000000
   66 	 -0.250000 	 81.771667 	 100.000000
   67 	 -1.000000 	 80.024444 	 100.000000
   68 	 -1.000000 	 83.364722 	 100.000000
   69 	 -1.000000 	 76.658333 	 100.000000
   70 	 -1.000000 	 83.343889 	 100.000000
   71 	 -1.000000 	 79.945714 	 100.000000
   72 	 -1.000000 	 91.683333 	 100.000000
   73 	 -1.000000 	 81.752778 	 100.000000
   74 	 -1.000000 	 83.341111 	 100.000000
   75 	 -0.500000 	 91.671667 	 100.000000
   76 	 -0.250000 	 85.084722 	 100.000000
   77 	 -1.000000 	 78.384722 	 100.000000
   78 	 -1.000000 	 80.041667 	 100.000000
   79 	 -1.000000 	 76.619167 	 100.000000
 