   0 	 -1.000000 	 10.009437 	 100.000000
    1 	 -1.000000 	 28.355298 	 100.000000
    2 	 -1.000000 	 38.374325 	 100.000000
    3 	 -1.000000 	 26.721151 	 100.000000
    4 	 -1.000000 	 46.706964 	 100.000000
    5 	 -1.000000 	 53.249861 	 100.000000
    6 	 -1.000000 	 83.310833 	 100.000000
    7 	 -1.000000 	 79.955556 	 100.000000
    8 	 -1.000000 	 78.340278 	 100.000000
    9 	 -1.000000 	 78.379722 	 100.000000
   10 	 -1.000000 	 83.308333 	 100.000000
   11 	 -1.000000 	 69.997222 	 100.000000
   12 	 -1.000000 	 76.611944 	 100.000000
   13 	 -0.500000 	 85.033333 	 100.000000
   14 	 -1.000000 	 86.629167 	 100.000000
   15 	 -1.000000 	 86.658333 	 100.000000
   16 	 -1.000000 	 80.020833 	 100.000000
   17 	 -1.000000 	 84.952778 	 100.000000
   18 	 -1.000000 	 83.349167 	 100.000000
   19 	 -1.000000 	 83.313889 	 100.000000
   20 	 -1.000000 	 74.976389 	 100.000000
   21 	 -1.000000 	 84.952222 	 100.000000
   22 	 -1.000000 	 83.343056 	 100.000000
   23 	 -1.000000 	 78.315278 	 100.000000
   24 	 -1.000000 	 85.051389 	 100.000000
   25 	 -1.000000 	 73.331944 	 100.000000
   26 	 -1.000000 	 83.309722 	 100.000000
   27 	 -1.000000 	 86.659167 	 100.000000
   28 	 -1.000000 	 74.988889 	 100.000000
   29 	 -1.000000 	 76.613889 	 100.000000
   30 	 -1.000000 	 86.600000 	 100.000000
   31 	 -1.000000 	 76.663889 	 100.000000
   32 	 -1.000000 	 83.283333 	 100.000000
   33 	 -1.000000 	 76.686806 	 100.000000
   34 	 -1.000000 	 79.854167 	 100.000000
   35 	 -1.000000 	 78.306944 	 100.000000
   36 	 -1.000000 	 86.638889 	 100.000000
   37 	 -1.000000 	 74.997222 	 100.000000
   38 	 -1.000000 	 81.631944 	 100.000000
   39 	 -1.000000 	 78.293056 	 100.000000
   40 	 -1.000000 	 73.355556 	 100.000000
   41 	 -1.000000 	 90.041667 	 100.000000
   42 	 -1.000000 	 83.345833 	 100.000000
   43 	 -1.000000 	 75.011111 	 100.000000
   44 	 -1.000000 	 78.261111 	 100.000000
   45 	 -1.000000 	 80.054167 	 100.000000
   46 	 -1.000000 	 86.651389 	 100.000000
   47 	 -1.000000 	 69.973611 	 100.000000
   48 	 -1.000000 	 88.383333 	 100.000000
   49 	 -1.000000 	 84.991667 	 100.000000
   50 	 -1.000000 	 78.330556 	 100.000000
   51 	 -1.000000 	 78.363889 	 100.000000
   52 	 -0.500000 	 88.388889 	 100.000000
   53 	 -1.000000 	 83.343056 	 100.000000
   54 	 -1.000000 	 79.968056 	 100.000000
   55 	 -1.000000 	 88.333333 	 100.000000
   56 	 -1.000000 	 75.067500 	 100.000000
   57 	 -1.000000 	 88.355556 	 100.000000
   58 	 -1.000000 	 71.776389 	 100.000000
   59 	 -1.000000 	 79.938333 	 100.000000
   60 	 -1.000000 	 63.358333 	 100.000000
   61 	 -1.000000 	 79.961944 	 100.000000
   62 	 -1.000000 	 81.597222 	 100.000000
   63 	 -1.000000 	 76.636111 	 100.000000
   64 	 -1.000000 	 89.985278 	 100.000000
   65 	 -1.000000 	 81.666667 	 100.000000
   66 	 -0.500000 	 85.013889 	 100.000000
   67 	 -1.000000 	 78.316667 	 100.000000
   68 	 -1.000000 	 78.293056 	 100.000000
   69 	 -1.000000 	 79.968056 	 100.000000
   70 	 0.250000 	 90.068056 	 100.000000
   71 	 -1.000000 	 84.995833 	 100.000000
   72 	 -1.000000 	 84.977778 	 100.000000
   73 	 -1.000000 	 74.955556 	 100.000000
   74 	 -1.000000 	 81.602222 	 100.000000
   75 	 0.250000 	 81.779167 	 100.000000
   76 	 -1.000000 	 78.230556 	 100.000000
   77 	 -1.000000 	 86.600000 	 100.000000
   78 	 -1.000000 	 83.287500 	 100.000000
   79 	 -1.000000 	 79.998611 	 100.000000
 