   0 	 -1.000000 	 1.597128 	 100.000000
    1 	 -1.000000 	 76.698611 	 100.000000
    2 	 -1.000000 	 78.250000 	 100.000000
    3 	 -1.000000 	 80.005556 	 100.000000
    4 	 -1.000000 	 79.979167 	 100.000000
    5 	 -0.250000 	 90.038889 	 100.000000
    6 	 -1.000000 	 78.345833 	 100.000000
    7 	 -1.000000 	 83.288889 	 100.000000
    8 	 -1.000000 	 88.362500 	 100.000000
    9 	 -1.000000 	 73.262500 	 100.000000
   10 	 -0.500000 	 76.744444 	 100.000000
   11 	 -1.000000 	 91.641667 	 100.000000
   12 	 -1.000000 	 78.315833 	 100.000000
   13 	 -1.000000 	 80.013889 	 100.000000
   14 	 -1.000000 	 71.651389 	 100.000000
   15 	 -1.000000 	 85.013889 	 100.000000
   16 	 -1.000000 	 80.030000 	 100.000000
   17 	 -1.000000 	 83.330556 	 100.000000
   18 	 -1.000000 	 74.956944 	 100.000000
   19 	 -1.000000 	 81.600000 	 100.000000
   20 	 -1.000000 	 70.084722 	 100.000000
   21 	 -1.000000 	 85.005556 	 100.000000
   22 	 -1.000000 	 76.670833 	 100.000000
   23 	 -1.000000 	 78.373611 	 100.000000
   24 	 -1.000000 	 78.304167 	 100.000000
   25 	 -1.000000 	 83.331389 	 100.000000
   26 	 -1.000000 	 79.905556 	 100.000000
   27 	 -1.000000 	 79.943056 	 100.000000
   28 	 -1.000000 	 75.000833 	 100.000000
   29 	 -1.000000 	 76.652778 	 100.000000
   30 	 -1.000000 	 78.376389 	 100.000000
   31 	 -1.000000 	 74.989722 	 100.000000
   32 	 -1.000000 	 86.643056 	 100.000000
   33 	 -1.000000 	 83.280556 	 100.000000
   34 	 -0.500000 	 81.730556 	 100.000000
   35 	 -0.500000 	 85.059722 	 100.000000
   36 	 -1.000000 	 86.654167 	 100.000000
   37 	 -1.000000 	 68.441667 	 100.000000
   38 	 -1.000000 	 81.718056 	 100.000000
   39 	 -1.000000 	 69.969444 	 100.000000
   40 	 -1.000000 	 81.630556 	 100.000000
   41 	 -1.000000 	 79.998214 	 100.000000
   42 	 -0.500000 	 85.050000 	 100.000000
   43 	 -1.000000 	 73.400000 	 100.000000
   44 	 -1.000000 	 86.668056 	 100.000000
   45 	 -1.000000 	 81.659722 	 100.000000
   46 	 -1.000000 	 73.318056 	 100.000000
   47 	 -1.000000 	 85.006944 	 100.000000
   48 	 -0.500000 	 71.702778 	 100.000000
   49 	 -1.000000 	 71.627778 	 100.000000
   50 	 -0.500000 	 78.352778 	 100.000000
   51 	 -1.000000 	 76.677778 	 100.000000
   52 	 -1.000000 	 76.708333 	 100.000000
   53 	 -1.000000 	 84.963889 	 100.000000
   54 	 -1.000000 	 76.663889 	 100.000000
   55 	 -1.000000 	 73.320833 	 100.000000
   56 	 -1.000000 	 84.963889 	 100.000000
   57 	 -1.000000 	 78.352778 	 100.000000
   58 	 -1.000000 	 80.029167 	 100.000000
   59 	 -0.500000 	 80.038889 	 100.000000
   60 	 -1.000000 	 76.733889 	 100.000000
   61 	 -1.000000 	 90.037500 	 100.000000
   62 	 -1.000000 	 85.047222 	 100.000000
   63 	 -1.000000 	 79.927778 	 100.000000
   64 	 -1.000000 	 83.373611 	 100.000000
   65 	 -1.000000 	 76.641667 	 100.000000
   66 	 -1.000000 	 78.316667 	 100.000000
   67 	 -1.000000 	 83.359722 	 100.000000
   68 	 -1.000000 	 81.687500 	 100.000000
   69 	 -1.000000 	 89.993056 	 100.000000
   70 	 -1.000000 	 76.659722 	 100.000000
   71 	 -1.000000 	 84.947222 	 100.000000
   72 	 -1.000000 	 71.666204 	 100.000000
   73 	 -1.000000 	 76.750833 	 100.000000
   74 	 -1.000000 	 79.976389 	 100.000000
   75 	 -1.000000 	 69.969444 	 100.000000
   76 	 -1.000000 	 76.594444 	 100.000000
   77 	 -1.000000 	 83.352778 	 100.000000
   78 	 -1.000000 	 86.680556 	 100.000000
   79 	 -1.000000 	 69.959722 	 100.000000
 