   0 	 -1.000000 	 10.010580 	 100.000000
    1 	 -1.000000 	 43.284259 	 100.000000
    2 	 -1.000000 	 23.292659 	 100.000000
    3 	 -1.000000 	 23.316197 	 100.000000
    4 	 -1.000000 	 36.722520 	 100.000000
    5 	 -1.000000 	 54.980582 	 100.000000
    6 	 -1.000000 	 33.349008 	 100.000000
    7 	 -1.000000 	 46.664444 	 100.000000
    8 	 -1.000000 	 36.713036 	 100.000000
    9 	 -1.000000 	 44.989583 	 100.000000
   10 	 -1.000000 	 29.971667 	 100.000000
   11 	 -1.000000 	 46.673056 	 100.000000
   12 	 -1.000000 	 61.712222 	 100.000000
   13 	 -1.000000 	 55.030000 	 100.000000
   14 	 -1.000000 	 48.333056 	 100.000000
   15 	 -1.000000 	 56.658611 	 100.000000
   16 	 -1.000000 	 53.341111 	 100.000000
   17 	 -1.000000 	 48.345417 	 100.000000
   18 	 -1.000000 	 76.610556 	 100.000000
   19 	 -1.000000 	 79.968889 	 100.000000
   20 	 -1.000000 	 84.975833 	 100.000000
   21 	 -1.000000 	 73.311944 	 100.000000
   22 	 -1.000000 	 74.984861 	 100.000000
   23 	 -1.000000 	 81.620278 	 100.000000
   24 	 -1.000000 	 83.340139 	 100.000000
   25 	 -1.000000 	 83.280000 	 100.000000
   26 	 -0.200000 	 90.053611 	 100.000000
   27 	 -1.000000 	 89.973056 	 100.000000
   28 	 -1.000000 	 81.676389 	 100.000000
   29 	 -0.250000 	 88.380000 	 100.000000
   30 	 -1.000000 	 86.646667 	 100.000000
   31 	 -1.000000 	 76.665278 	 100.000000
   32 	 -1.000000 	 74.957222 	 100.000000
   33 	 -0.250000 	 86.687500 	 100.000000
   34 	 -1.000000 	 85.034167 	 100.000000
   35 	 -1.000000 	 84.970278 	 100.000000
   36 	 -1.000000 	 83.363333 	 100.000000
   37 	 -1.000000 	 91.625000 	 100.000000
   38 	 -1.000000 	 88.362639 	 100.000000
   39 	 -0.500000 	 83.357778 	 100.000000
   40 	 -0.333333 	 86.682778 	 100.000000
   41 	 -1.000000 	 86.716667 	 100.000000
   42 	 -1.000000 	 83.322222 	 100.000000
   43 	 -1.000000 	 89.963333 	 100.000000
   44 	 -1.000000 	 78.329444 	 100.000000
   45 	 -0.500000 	 91.673056 	 100.000000
   46 	 -1.000000 	 74.955000 	 100.000000
   47 	 -1.000000 	 78.297222 	 100.000000
   48 	 -1.000000 	 88.351667 	 100.000000
   49 	 -1.000000 	 85.007778 	 100.000000
   50 	 -1.000000 	 81.664722 	 100.000000
   51 	 -1.000000 	 81.673889 	 100.000000
   52 	 -1.000000 	 86.678611 	 100.000000
   53 	 -1.000000 	 88.336111 	 100.000000
   54 	 -1.000000 	 91.661111 	 100.000000
   55 	 -1.000000 	 85.015278 	 100.000000
   56 	 -1.000000 	 76.703611 	 100.000000
   57 	 -1.000000 	 76.660093 	 100.000000
   58 	 -0.333333 	 86.688333 	 100.000000
   59 	 -1.000000 	 86.636944 	 100.000000
   60 	 -1.000000 	 83.295833 	 100.000000
   61 	 -0.250000 	 95.008333 	 100.000000
   62 	 -1.000000 	 83.294444 	 100.000000
   63 	 -1.000000 	 86.661111 	 100.000000
   64 	 -0.500000 	 85.045833 	 100.000000
   65 	 -1.000000 	 85.044444 	 100.000000
   66 	 -1.000000 	 89.986111 	 100.000000
   67 	 -1.000000 	 81.649444 	 100.000000
   68 	 -1.000000 	 76.595833 	 100.000000
   69 	 -0.333333 	 86.648611 	 100.000000
   70 	 -0.500000 	 89.998611 	 100.000000
   71 	 -1.000000 	 89.961111 	 100.000000
   72 	 -1.000000 	 86.670833 	 100.000000
   73 	 -1.000000 	 86.662870 	 100.000000
   74 	 -1.000000 	 86.641667 	 100.000000
   75 	 -0.500000 	 91.673056 	 100.000000
   76 	 -1.000000 	 85.062500 	 100.000000
   77 	 -1.000000 	 86.613333 	 100.000000
   78 	 -1.000000 	 83.305000 	 100.000000
   79 	 -1.000000 	 84.967500 	 100.000000
 