   0 	 -1.000000 	 8.316700 	 100.000000
    1 	 -1.000000 	 38.390860 	 100.000000
    2 	 -1.000000 	 41.632507 	 100.000000
    3 	 -1.000000 	 51.704583 	 100.000000
    4 	 -1.000000 	 35.024140 	 100.000000
    5 	 -1.000000 	 55.011679 	 100.000000
    6 	 -1.000000 	 38.331806 	 100.000000
    7 	 -1.000000 	 56.730556 	 100.000000
    8 	 -1.000000 	 76.700000 	 100.000000
    9 	 -1.000000 	 69.986111 	 100.000000
   10 	 -1.000000 	 76.695278 	 100.000000
   11 	 -1.000000 	 73.429167 	 100.000000
   12 	 -1.000000 	 80.041389 	 100.000000
   13 	 -0.500000 	 86.691667 	 100.000000
   14 	 -1.000000 	 81.621667 	 100.000000
   15 	 -1.000000 	 80.020833 	 100.000000
   16 	 -1.000000 	 86.641667 	 100.000000
   17 	 -1.000000 	 88.340278 	 100.000000
   18 	 -1.000000 	 83.351389 	 100.000000
   19 	 -1.000000 	 78.300000 	 100.000000
   20 	 -1.000000 	 74.999167 	 100.000000
   21 	 -0.500000 	 86.661111 	 100.000000
   22 	 -1.000000 	 73.419444 	 100.000000
   23 	 -1.000000 	 68.365278 	 100.000000
   24 	 -1.000000 	 76.666667 	 100.000000
   25 	 -0.500000 	 73.381111 	 100.000000
   26 	 -0.333333 	 86.731944 	 100.000000
   27 	 -1.000000 	 80.027778 	 100.000000
   28 	 -1.000000 	 83.371230 	 100.000000
   29 	 -0.500000 	 85.020833 	 100.000000
   30 	 -0.500000 	 83.373611 	 100.000000
   31 	 -1.000000 	 71.731944 	 100.000000
   32 	 -1.000000 	 80.002778 	 100.000000
   33 	 -0.500000 	 83.420833 	 100.000000
   34 	 -0.500000 	 80.073611 	 100.000000
   35 	 -1.000000 	 80.009722 	 100.000000
   36 	 -1.000000 	 80.039286 	 100.000000
   37 	 -0.500000 	 80.013056 	 100.000000
   38 	 -1.000000 	 83.324167 	 100.000000
   39 	 -1.000000 	 88.277778 	 100.000000
   40 	 -1.000000 	 70.011111 	 100.000000
   41 	 -1.000000 	 81.711667 	 100.000000
   42 	 -1.000000 	 83.356944 	 100.000000
   43 	 -1.000000 	 86.686111 	 100.000000
   44 	 -1.000000 	 86.722222 	 100.000000
   45 	 -1.000000 	 83.314286 	 100.000000
   46 	 -0.500000 	 90.054167 	 100.000000
   47 	 -1.000000 	 81.694444 	 100.000000
   48 	 -0.500000 	 78.376389 	 100.000000
   49 	 -0.333333 	 81.713889 	 100.000000
   50 	 -1.000000 	 76.680952 	 100.000000
   51 	 -1.000000 	 90.009722 	 100.000000
   52 	 -1.000000 	 90.011111 	 100.000000
   53 	 -0.500000 	 85.050000 	 100.000000
   54 	 -0.333333 	 83.436111 	 100.000000
   55 	 -0.500000 	 81.730556 	 100.000000
   56 	 -1.000000 	 83.386111 	 100.000000
   57 	 -0.500000 	 85.033333 	 100.000000
   58 	 -1.000000 	 83.347778 	 100.000000
   59 	 -1.000000 	 83.355556 	 100.000000
   60 	 -1.000000 	 85.037500 	 100.000000
   61 	 -1.000000 	 85.033333 	 100.000000
   62 	 -1.000000 	 75.011667 	 100.000000
   63 	 -0.333333 	 81.729722 	 100.000000
   64 	 -1.000000 	 78.348611 	 100.000000
   65 	 -0.500000 	 81.661111 	 100.000000
   66 	 -0.333333 	 75.109722 	 100.000000
   67 	 -1.000000 	 76.662500 	 100.000000
   68 	 -1.000000 	 83.343056 	 100.000000
   69 	 -1.000000 	 76.731389 	 100.000000
   70 	 -1.000000 	 71.789881 	 100.000000
   71 	 -0.500000 	 76.755556 	 100.000000
   72 	 -1.000000 	 83.325000 	 100.000000
   73 	 -1.000000 	 79.934722 	 100.000000
   74 	 -1.000000 	 89.969444 	 100.000000
   75 	 -1.000000 	 78.339722 	 100.000000
   76 	 -1.000000 	 76.697222 	 100.000000
   77 	 -0.333333 	 88.351389 	 100.000000
   78 	 -0.333333 	 81.737500 	 100.000000
   79 	 -1.000000 	 86.658333 	 100.000000
 