   0 	 -1.000000 	 1.683318 	 100.000000
    1 	 -0.500000 	 75.059980 	 100.000000
    2 	 -1.000000 	 79.983333 	 100.000000
    3 	 -1.000000 	 81.662103 	 100.000000
    4 	 -1.000000 	 83.343056 	 100.000000
    5 	 -1.000000 	 88.333333 	 100.000000
    6 	 -0.500000 	 83.354167 	 100.000000
    7 	 -1.000000 	 83.284722 	 100.000000
    8 	 -1.000000 	 83.313889 	 100.000000
    9 	 -1.000000 	 84.930556 	 100.000000
   10 	 -0.250000 	 80.123611 	 100.000000
   11 	 -1.000000 	 78.297917 	 100.000000
   12 	 -0.500000 	 75.044444 	 100.000000
   13 	 -1.000000 	 81.677778 	 100.000000
   14 	 -1.000000 	 80.009722 	 100.000000
   15 	 -1.000000 	 79.958770 	 100.000000
   16 	 -1.000000 	 84.975000 	 100.000000
   17 	 -0.500000 	 83.375000 	 100.000000
   18 	 -0.500000 	 83.356944 	 100.000000
   19 	 -0.500000 	 79.990278 	 100.000000
   20 	 -0.333333 	 80.039722 	 100.000000
   21 	 -1.000000 	 91.637500 	 100.000000
   22 	 -0.250000 	 88.332500 	 100.000000
   23 	 -1.000000 	 84.954167 	 100.000000
   24 	 -1.000000 	 81.687037 	 100.000000
   25 	 -1.000000 	 88.293730 	 100.000000
   26 	 -0.500000 	 83.362500 	 100.000000
   27 	 -1.000000 	 83.336111 	 100.000000
   28 	 -0.500000 	 81.761111 	 100.000000
   29 	 -1.000000 	 76.706944 	 100.000000
   30 	 -1.000000 	 84.966667 	 100.000000
   31 	 -0.250000 	 86.695833 	 100.000000
   32 	 -1.000000 	 75.012500 	 100.000000
   33 	 -1.000000 	 84.981944 	 100.000000
   34 	 -1.000000 	 76.640278 	 100.000000
   35 	 -1.000000 	 89.987500 	 100.000000
   36 	 -0.500000 	 88.358333 	 100.000000
   37 	 -1.000000 	 81.663056 	 100.000000
   38 	 -1.000000 	 78.322222 	 100.000000
   39 	 -1.000000 	 85.026389 	 100.000000
   40 	 -1.000000 	 84.998611 	 100.000000
   41 	 -0.500000 	 88.333333 	 100.000000
   42 	 -0.500000 	 83.393056 	 100.000000
   43 	 -0.500000 	 88.370833 	 100.000000
   44 	 -0.333333 	 86.683333 	 100.000000
   45 	 -1.000000 	 78.306944 	 100.000000
   46 	 -1.000000 	 78.331944 	 100.000000
   47 	 -1.000000 	 79.984722 	 100.000000
   48 	 -1.000000 	 83.297222 	 100.000000
   49 	 -1.000000 	 84.987500 	 100.000000
   50 	 -1.000000 	 71.611111 	 100.000000
   51 	 -0.500000 	 81.711111 	 100.000000
   52 	 -1.000000 	 78.311944 	 100.000000
   53 	 -1.000000 	 81.622222 	 100.000000
   54 	 -1.000000 	 78.363889 	 100.000000
   55 	 -1.000000 	 83.331944 	 100.000000
   56 	 -1.000000 	 86.675000 	 100.000000
   57 	 -1.000000 	 73.336111 	 100.000000
   58 	 -1.000000 	 76.685278 	 100.000000
   59 	 -1.000000 	 79.997222 	 100.000000
   60 	 -1.000000 	 81.636508 	 100.000000
   61 	 -1.000000 	 89.990278 	 100.000000
   62 	 -0.333333 	 85.017500 	 100.000000
   63 	 -1.000000 	 83.369444 	 100.000000
   64 	 -1.000000 	 78.384722 	 100.000000
   65 	 -1.000000 	 73.227778 	 100.000000
   66 	 -1.000000 	 71.650000 	 100.000000
   67 	 -1.000000 	 84.976389 	 100.000000
   68 	 0.250000 	 88.398611 	 100.000000
   69 	 -1.000000 	 80.022222 	 100.000000
   70 	 -1.000000 	 78.309167 	 100.000000
   71 	 -1.000000 	 89.976389 	 100.000000
   72 	 -1.000000 	 86.675556 	 100.000000
   73 	 -1.000000 	 79.993056 	 100.000000
   74 	 -1.000000 	 89.970278 	 100.000000
   75 	 -1.000000 	 80.021667 	 100.000000
   76 	 -1.000000 	 76.709722 	 100.000000
   77 	 -1.000000 	 76.625437 	 100.000000
   78 	 -1.000000 	 83.288889 	 100.000000
   79 	 -1.000000 	 81.706944 	 100.000000
 