   0 	 -1.000000 	 3.249884 	 100.000000
    1 	 -1.000000 	 51.660119 	 100.000000
    2 	 -1.000000 	 48.321971 	 100.000000
    3 	 -1.000000 	 46.650675 	 100.000000
    4 	 -1.000000 	 55.030833 	 100.000000
    5 	 -1.000000 	 69.944444 	 100.000000
    6 	 -1.000000 	 66.679167 	 100.000000
    7 	 -1.000000 	 80.000833 	 100.000000
    8 	 -1.000000 	 71.602778 	 100.000000
    9 	 -1.000000 	 68.297222 	 100.000000
   10 	 -1.000000 	 78.309722 	 100.000000
   11 	 -1.000000 	 88.306944 	 100.000000
   12 	 -1.000000 	 89.986111 	 100.000000
   13 	 -1.000000 	 81.616667 	 100.000000
   14 	 -1.000000 	 74.975000 	 100.000000
   15 	 -1.000000 	 76.537500 	 100.000000
   16 	 -1.000000 	 78.225000 	 100.000000
   17 	 -1.000000 	 75.036111 	 100.000000
   18 	 -1.000000 	 76.650000 	 100.000000
   19 	 -1.000000 	 69.905556 	 100.000000
   20 	 -1.000000 	 68.241270 	 100.000000
   21 	 -1.000000 	 83.261111 	 100.000000
   22 	 -1.000000 	 78.252222 	 100.000000
   23 	 -1.000000 	 76.566111 	 100.000000
   24 	 -1.000000 	 89.941667 	 100.000000
   25 	 -1.000000 	 74.962500 	 100.000000
   26 	 -1.000000 	 71.588056 	 100.000000
   27 	 -1.000000 	 81.637500 	 100.000000
   28 	 -1.000000 	 84.976389 	 100.000000
   29 	 -1.000000 	 78.262500 	 100.000000
   30 	 -1.000000 	 69.883333 	 100.000000
   31 	 -1.000000 	 88.272222 	 100.000000
   32 	 -1.000000 	 83.340278 	 100.000000
   33 	 -1.000000 	 89.952778 	 100.000000
   34 	 -1.000000 	 83.269444 	 100.000000
   35 	 -1.000000 	 86.583333 	 100.000000
   36 	 -1.000000 	 84.946825 	 100.000000
   37 	 -1.000000 	 86.625000 	 100.000000
   38 	 -1.000000 	 86.609722 	 100.000000
   39 	 -1.000000 	 81.586944 	 100.000000
   40 	 -1.000000 	 79.966667 	 100.000000
   41 	 -1.000000 	 83.247222 	 100.000000
   42 	 -1.000000 	 76.541111 	 100.000000
   43 	 -1.000000 	 86.641667 	 100.000000
   44 	 -1.000000 	 79.970139 	 100.000000
   45 	 -1.000000 	 78.186111 	 100.000000
   46 	 -1.000000 	 83.276944 	 100.000000
   47 	 -1.000000 	 73.250000 	 100.000000
   48 	 -1.000000 	 79.963889 	 100.000000
   49 	 -1.000000 	 83.268056 	 100.000000
   50 	 -1.000000 	 74.900000 	 100.000000
   51 	 -1.000000 	 79.933333 	 100.000000
   52 	 -1.000000 	 79.930556 	 100.000000
   53 	 -1.000000 	 71.595437 	 100.000000
   54 	 -1.000000 	 83.287500 	 100.000000
   55 	 -0.500000 	 85.009722 	 100.000000
   56 	 -1.000000 	 89.991667 	 100.000000
   57 	 -1.000000 	 83.269444 	 100.000000
   58 	 -1.000000 	 76.565278 	 100.000000
   59 	 -1.000000 	 89.938889 	 100.000000
   60 	 -1.000000 	 79.952778 	 100.000000
   61 	 -1.000000 	 83.241667 	 100.000000
   62 	 -1.000000 	 74.875000 	 100.000000
   63 	 -1.000000 	 81.600833 	 100.000000
   64 	 -1.000000 	 83.230556 	 100.000000
   65 	 -1.000000 	 84.994444 	 100.000000
   66 	 -1.000000 	 79.959722 	 100.000000
   67 	 -1.000000 	 81.612500 	 100.000000
   68 	 -1.000000 	 81.554167 	 100.000000
   69 	 -1.000000 	 74.920833 	 100.000000
   70 	 -1.000000 	 76.602778 	 100.000000
   71 	 -1.000000 	 78.325000 	 100.000000
   72 	 -1.000000 	 86.677778 	 100.000000
   73 	 -1.000000 	 83.319444 	 100.000000
   74 	 -1.000000 	 83.306944 	 100.000000
   75 	 -1.000000 	 88.295833 	 100.000000
   76 	 -1.000000 	 68.229167 	 100.000000
   77 	 -1.000000 	 76.611111 	 100.000000
   78 	 -1.000000 	 86.646667 	 100.000000
   79 	 -1.000000 	 78.325000 	 100.000000
 