   0 	 -1.000000 	 8.252533 	 100.000000
    1 	 -1.000000 	 40.111104 	 100.000000
    2 	 -1.000000 	 25.034815 	 100.000000
    3 	 -1.000000 	 41.678472 	 100.000000
    4 	 -1.000000 	 45.004444 	 100.000000
    5 	 -1.000000 	 46.617500 	 100.000000
    6 	 -1.000000 	 45.029325 	 100.000000
    7 	 -1.000000 	 43.385972 	 100.000000
    8 	 -1.000000 	 50.045119 	 100.000000
    9 	 -1.000000 	 66.634722 	 100.000000
   10 	 -1.000000 	 63.402778 	 100.000000
   11 	 -1.000000 	 75.000000 	 100.000000
   12 	 -1.000000 	 76.694444 	 100.000000
   13 	 -1.000000 	 76.642222 	 100.000000
   14 	 -0.500000 	 83.379167 	 100.000000
   15 	 -1.000000 	 86.650000 	 100.000000
   16 	 -1.000000 	 90.011111 	 100.000000
   17 	 -1.000000 	 88.348611 	 100.000000
   18 	 -1.000000 	 84.963889 	 100.000000
   19 	 -1.000000 	 83.291667 	 100.000000
   20 	 -1.000000 	 81.650000 	 100.000000
   21 	 -1.000000 	 89.984722 	 100.000000
   22 	 -1.000000 	 85.019444 	 100.000000
   23 	 -1.000000 	 86.684722 	 100.000000
   24 	 -0.333333 	 95.002778 	 100.000000
   25 	 -1.000000 	 88.344444 	 100.000000
   26 	 0.250000 	 93.376389 	 100.000000
   27 	 -1.000000 	 79.993056 	 100.000000
   28 	 -0.500000 	 85.019444 	 100.000000
   29 	 -1.000000 	 69.984722 	 100.000000
   30 	 -0.250000 	 88.376389 	 100.000000
   31 	 -1.000000 	 83.320278 	 100.000000
   32 	 -1.000000 	 83.350000 	 100.000000
   33 	 -1.000000 	 83.350000 	 100.000000
   34 	 -1.000000 	 78.320833 	 100.000000
   35 	 -1.000000 	 84.958333 	 100.000000
   36 	 -1.000000 	 79.997222 	 100.000000
   37 	 -1.000000 	 86.662500 	 100.000000
   38 	 -1.000000 	 84.981944 	 100.000000
   39 	 -0.500000 	 83.347222 	 100.000000
   40 	 -1.000000 	 93.331944 	 100.000000
   41 	 -1.000000 	 73.329167 	 100.000000
   42 	 -1.000000 	 78.277778 	 100.000000
   43 	 -1.000000 	 91.620833 	 100.000000
   44 	 -1.000000 	 88.351786 	 100.000000
   45 	 -1.000000 	 81.655556 	 100.000000
   46 	 -1.000000 	 89.975000 	 100.000000
   47 	 -1.000000 	 86.648611 	 100.000000
   48 	 -1.000000 	 83.287500 	 100.000000
   49 	 -1.000000 	 91.634722 	 100.000000
   50 	 -1.000000 	 78.222222 	 100.000000
   51 	 -1.000000 	 86.716667 	 100.000000
   52 	 -1.000000 	 78.344444 	 100.000000
   53 	 -1.000000 	 86.613056 	 100.000000
   54 	 -1.000000 	 86.633333 	 100.000000
   55 	 -1.000000 	 85.011111 	 100.000000
   56 	 -1.000000 	 76.654861 	 100.000000
   57 	 -0.500000 	 80.064722 	 100.000000
   58 	 -1.000000 	 86.701389 	 100.000000
   59 	 -1.000000 	 86.705000 	 100.000000
   60 	 -1.000000 	 81.584722 	 100.000000
   61 	 -1.000000 	 83.362500 	 100.000000
   62 	 -1.000000 	 78.330556 	 100.000000
   63 	 -1.000000 	 84.994444 	 100.000000
   64 	 -0.500000 	 83.362500 	 100.000000
   65 	 -1.000000 	 85.015278 	 100.000000
   66 	 -1.000000 	 80.037500 	 100.000000
   67 	 -0.500000 	 85.013889 	 100.000000
   68 	 -1.000000 	 81.705556 	 100.000000
   69 	 -1.000000 	 80.000000 	 100.000000
   70 	 -1.000000 	 86.669444 	 100.000000
   71 	 -1.000000 	 83.337500 	 100.000000
   72 	 -1.000000 	 84.998611 	 100.000000
   73 	 -1.000000 	 81.659722 	 100.000000
   74 	 -0.500000 	 89.986111 	 100.000000
   75 	 -1.000000 	 88.291667 	 100.000000
   76 	 -1.000000 	 81.636111 	 100.000000
   77 	 -0.500000 	 91.690278 	 100.000000
   78 	 -1.000000 	 76.638333 	 100.000000
   79 	 -1.000000 	 76.708333 	 100.000000
 