   0 	 -1.000000 	 4.984810 	 100.000000
    1 	 -1.000000 	 28.275556 	 100.000000
    2 	 -1.000000 	 36.723307 	 100.000000
    3 	 -1.000000 	 56.608333 	 100.000000
    4 	 -1.000000 	 33.331111 	 100.000000
    5 	 -1.000000 	 39.989325 	 100.000000
    6 	 -1.000000 	 46.673611 	 100.000000
    7 	 -1.000000 	 36.637599 	 100.000000
    8 	 -1.000000 	 46.670139 	 100.000000
    9 	 -1.000000 	 60.121389 	 100.000000
   10 	 -1.000000 	 58.368056 	 100.000000
   11 	 -1.000000 	 73.318056 	 100.000000
   12 	 -1.000000 	 70.081944 	 100.000000
   13 	 -1.000000 	 75.038889 	 100.000000
   14 	 -1.000000 	 75.057937 	 100.000000
   15 	 -1.000000 	 79.959259 	 100.000000
   16 	 -1.000000 	 81.700000 	 100.000000
   17 	 -1.000000 	 83.368889 	 100.000000
   18 	 -1.000000 	 81.719444 	 100.000000
   19 	 -1.000000 	 81.650000 	 100.000000
   20 	 -0.500000 	 85.056944 	 100.000000
   21 	 -1.000000 	 75.047222 	 100.000000
   22 	 -1.000000 	 80.016270 	 100.000000
   23 	 -0.500000 	 80.075000 	 100.000000
   24 	 -1.000000 	 88.343056 	 100.000000
   25 	 -1.000000 	 90.020833 	 100.000000
   26 	 -1.000000 	 83.377778 	 100.000000
   27 	 -1.000000 	 86.695833 	 100.000000
   28 	 -1.000000 	 84.954167 	 100.000000
   29 	 -1.000000 	 86.711111 	 100.000000
   30 	 -1.000000 	 83.358333 	 100.000000
   31 	 -1.000000 	 71.656944 	 100.000000
   32 	 -1.000000 	 78.315833 	 100.000000
   33 	 -1.000000 	 83.354167 	 100.000000
   34 	 -1.000000 	 81.685714 	 100.000000
   35 	 -1.000000 	 78.433333 	 100.000000
   36 	 -1.000000 	 76.647222 	 100.000000
   37 	 -1.000000 	 78.369444 	 100.000000
   38 	 -0.500000 	 85.019444 	 100.000000
   39 	 -1.000000 	 80.023611 	 100.000000
   40 	 -0.250000 	 90.018056 	 100.000000
   41 	 -0.500000 	 91.705556 	 100.000000
   42 	 -1.000000 	 84.983333 	 100.000000
   43 	 -1.000000 	 80.016667 	 100.000000
   44 	 -1.000000 	 75.012500 	 100.000000
   45 	 -1.000000 	 83.375833 	 100.000000
   46 	 -0.500000 	 83.300833 	 100.000000
   47 	 -1.000000 	 78.289881 	 100.000000
   48 	 -0.500000 	 93.345833 	 100.000000
   49 	 -1.000000 	 86.687500 	 100.000000
   50 	 -1.000000 	 81.654444 	 100.000000
   51 	 -1.000000 	 68.326389 	 100.000000
   52 	 -1.000000 	 76.689722 	 100.000000
   53 	 -1.000000 	 84.925000 	 100.000000
   54 	 -1.000000 	 90.037500 	 100.000000
   55 	 -1.000000 	 79.908333 	 100.000000
   56 	 -1.000000 	 81.622222 	 100.000000
   57 	 -1.000000 	 76.644444 	 100.000000
   58 	 -1.000000 	 83.312500 	 100.000000
   59 	 -1.000000 	 85.022222 	 100.000000
   60 	 -1.000000 	 68.305556 	 100.000000
   61 	 -1.000000 	 81.605556 	 100.000000
   62 	 -1.000000 	 88.362500 	 100.000000
   63 	 -1.000000 	 75.038889 	 100.000000
   64 	 -1.000000 	 75.066667 	 100.000000
   65 	 -1.000000 	 84.935417 	 100.000000
   66 	 -1.000000 	 86.612500 	 100.000000
   67 	 -1.000000 	 83.297222 	 100.000000
   68 	 -1.000000 	 78.355556 	 100.000000
   69 	 -1.000000 	 88.308333 	 100.000000
   70 	 -1.000000 	 80.014167 	 100.000000
   71 	 -0.500000 	 88.352778 	 100.000000
   72 	 -1.000000 	 84.988889 	 100.000000
   73 	 -1.000000 	 83.322222 	 100.000000
   74 	 -1.000000 	 84.997222 	 100.000000
   75 	 -1.000000 	 85.001944 	 100.000000
   76 	 -0.500000 	 85.030556 	 100.000000
   77 	 -1.000000 	 81.743056 	 100.000000
   78 	 -1.000000 	 86.679167 	 100.000000
   79 	 -0.500000 	 86.727778 	 100.000000
 