   0 	 -1.000000 	 10.017441 	 100.000000
    1 	 -1.000000 	 33.379352 	 100.000000
    2 	 -1.000000 	 38.346131 	 100.000000
    3 	 -1.000000 	 31.698770 	 100.000000
    4 	 -1.000000 	 36.711667 	 100.000000
    5 	 -1.000000 	 60.007500 	 100.000000
    6 	 -1.000000 	 79.948611 	 100.000000
    7 	 -1.000000 	 71.696389 	 100.000000
    8 	 -0.333333 	 76.766111 	 100.000000
    9 	 -1.000000 	 83.395833 	 100.000000
   10 	 -1.000000 	 78.348611 	 100.000000
   11 	 -1.000000 	 78.320833 	 100.000000
   12 	 -1.000000 	 83.392500 	 100.000000
   13 	 -1.000000 	 80.033333 	 100.000000
   14 	 -1.000000 	 78.357778 	 100.000000
   15 	 -1.000000 	 78.408333 	 100.000000
   16 	 -1.000000 	 81.695833 	 100.000000
   17 	 -1.000000 	 85.013333 	 100.000000
   18 	 -1.000000 	 75.045833 	 100.000000
   19 	 -1.000000 	 83.341667 	 100.000000
   20 	 -1.000000 	 75.062500 	 100.000000
   21 	 -1.000000 	 78.403472 	 100.000000
   22 	 -0.500000 	 76.718056 	 100.000000
   23 	 -1.000000 	 88.333333 	 100.000000
   24 	 -0.500000 	 85.053611 	 100.000000
   25 	 -1.000000 	 73.380000 	 100.000000
   26 	 -1.000000 	 88.306389 	 100.000000
   27 	 -1.000000 	 76.725000 	 100.000000
   28 	 -1.000000 	 68.365278 	 100.000000
   29 	 -1.000000 	 84.919444 	 100.000000
   30 	 -1.000000 	 84.979167 	 100.000000
   31 	 -1.000000 	 75.025833 	 100.000000
   32 	 -1.000000 	 81.612500 	 100.000000
   33 	 -1.000000 	 74.961111 	 100.000000
   34 	 -1.000000 	 84.997222 	 100.000000
   35 	 -1.000000 	 73.333730 	 100.000000
   36 	 -1.000000 	 81.625833 	 100.000000
   37 	 -1.000000 	 83.377778 	 100.000000
   38 	 -1.000000 	 80.110556 	 100.000000
   39 	 -1.000000 	 79.986944 	 100.000000
   40 	 -1.000000 	 88.350000 	 100.000000
   41 	 -1.000000 	 79.977778 	 100.000000
   42 	 -1.000000 	 76.684167 	 100.000000
   43 	 -1.000000 	 78.331944 	 100.000000
   44 	 -0.500000 	 83.373056 	 100.000000
   45 	 -1.000000 	 79.962500 	 100.000000
   46 	 -1.000000 	 81.741667 	 100.000000
   47 	 -1.000000 	 80.012500 	 100.000000
   48 	 -1.000000 	 76.654167 	 100.000000
   49 	 -1.000000 	 84.945833 	 100.000000
   50 	 -1.000000 	 80.048611 	 100.000000
   51 	 -1.000000 	 80.011111 	 100.000000
   52 	 -1.000000 	 83.399167 	 100.000000
   53 	 -0.500000 	 78.366667 	 100.000000
   54 	 -1.000000 	 75.022222 	 100.000000
   55 	 -1.000000 	 83.352778 	 100.000000
   56 	 -1.000000 	 79.966667 	 100.000000
   57 	 -0.500000 	 80.095833 	 100.000000
   58 	 -1.000000 	 80.022222 	 100.000000
   59 	 -1.000000 	 78.443056 	 100.000000
   60 	 -1.000000 	 78.353175 	 100.000000
   61 	 -1.000000 	 81.677222 	 100.000000
   62 	 -1.000000 	 68.365278 	 100.000000
   63 	 -1.000000 	 80.055000 	 100.000000
   64 	 -0.500000 	 85.092500 	 100.000000
   65 	 -1.000000 	 81.675000 	 100.000000
   66 	 -1.000000 	 78.341667 	 100.000000
   67 	 -1.000000 	 66.640675 	 100.000000
   68 	 -1.000000 	 73.350833 	 100.000000
   69 	 -1.000000 	 78.328611 	 100.000000
   70 	 -1.000000 	 80.055556 	 100.000000
   71 	 -1.000000 	 81.612500 	 100.000000
   72 	 -1.000000 	 86.701389 	 100.000000
   73 	 -1.000000 	 84.970833 	 100.000000
   74 	 -1.000000 	 83.398611 	 100.000000
   75 	 -1.000000 	 76.692500 	 100.000000
   76 	 -1.000000 	 86.706944 	 100.000000
   77 	 -1.000000 	 89.981944 	 100.000000
   78 	 -1.000000 	 76.626389 	 100.000000
   79 	 -1.000000 	 78.353333 	 100.000000
 