   0 	 -1.000000 	 5.021870 	 100.000000
    1 	 -1.000000 	 45.029259 	 100.000000
    2 	 -1.000000 	 39.952341 	 100.000000
    3 	 -1.000000 	 41.716389 	 100.000000
    4 	 -1.000000 	 34.949167 	 100.000000
    5 	 -1.000000 	 49.960556 	 100.000000
    6 	 -1.000000 	 60.001389 	 100.000000
    7 	 -1.000000 	 80.000000 	 100.000000
    8 	 -1.000000 	 63.206389 	 100.000000
    9 	 -1.000000 	 73.374444 	 100.000000
   10 	 -1.000000 	 80.054167 	 100.000000
   11 	 -1.000000 	 83.370833 	 100.000000
   12 	 -1.000000 	 74.991667 	 100.000000
   13 	 -1.000000 	 71.641111 	 100.000000
   14 	 -1.000000 	 73.343056 	 100.000000
   15 	 -1.000000 	 80.019722 	 100.000000
   16 	 -1.000000 	 73.349444 	 100.000000
   17 	 -1.000000 	 81.637500 	 100.000000
   18 	 -1.000000 	 74.930556 	 100.000000
   19 	 -1.000000 	 83.306389 	 100.000000
   20 	 -1.000000 	 83.370833 	 100.000000
   21 	 -1.000000 	 76.694444 	 100.000000
   22 	 -1.000000 	 76.610556 	 100.000000
   23 	 -1.000000 	 78.330000 	 100.000000
   24 	 -1.000000 	 74.934167 	 100.000000
   25 	 -1.000000 	 81.656944 	 100.000000
   26 	 -1.000000 	 79.952222 	 100.000000
   27 	 -0.200000 	 93.360556 	 100.000000
   28 	 -1.000000 	 85.035278 	 100.000000
   29 	 -1.000000 	 83.269318 	 100.000000
   30 	 -1.000000 	 83.313426 	 100.000000
   31 	 -1.000000 	 83.347222 	 100.000000
   32 	 -1.000000 	 88.334722 	 100.000000
   33 	 -1.000000 	 74.984722 	 100.000000
   34 	 -1.000000 	 88.350833 	 100.000000
   35 	 -1.000000 	 78.361806 	 100.000000
   36 	 -1.000000 	 86.675000 	 100.000000
   37 	 -1.000000 	 84.993889 	 100.000000
   38 	 -1.000000 	 83.250000 	 100.000000
   39 	 -1.000000 	 83.327222 	 100.000000
   40 	 -1.000000 	 85.010556 	 100.000000
   41 	 -0.250000 	 86.722222 	 100.000000
   42 	 -1.000000 	 80.026389 	 100.000000
   43 	 -1.000000 	 79.952778 	 100.000000
   44 	 -0.500000 	 91.675833 	 100.000000
   45 	 -1.000000 	 84.967222 	 100.000000
   46 	 -1.000000 	 78.366667 	 100.000000
   47 	 -1.000000 	 76.620833 	 100.000000
   48 	 -1.000000 	 85.018056 	 100.000000
   49 	 -1.000000 	 83.287500 	 100.000000
   50 	 -1.000000 	 78.315278 	 100.000000
   51 	 -1.000000 	 80.005556 	 100.000000
   52 	 -1.000000 	 91.625000 	 100.000000
   53 	 -1.000000 	 83.309722 	 100.000000
   54 	 -1.000000 	 78.422222 	 100.000000
   55 	 -1.000000 	 84.975000 	 100.000000
   56 	 -0.250000 	 81.755556 	 100.000000
   57 	 -1.000000 	 91.655556 	 100.000000
   58 	 -1.000000 	 79.943056 	 100.000000
   59 	 -1.000000 	 83.315278 	 100.000000
   60 	 -0.333333 	 93.345833 	 100.000000
   61 	 -1.000000 	 83.340278 	 100.000000
   62 	 -1.000000 	 83.322222 	 100.000000
   63 	 -1.000000 	 80.058333 	 100.000000
   64 	 -1.000000 	 80.036944 	 100.000000
   65 	 -1.000000 	 86.662500 	 100.000000
   66 	 -1.000000 	 81.697222 	 100.000000
   67 	 -1.000000 	 81.700000 	 100.000000
   68 	 -1.000000 	 78.284167 	 100.000000
   69 	 -1.000000 	 83.284722 	 100.000000
   70 	 -1.000000 	 81.693056 	 100.000000
   71 	 -1.000000 	 85.062500 	 100.000000
   72 	 -1.000000 	 80.001389 	 100.000000
   73 	 -1.000000 	 68.355556 	 100.000000
   74 	 -1.000000 	 81.670833 	 100.000000
   75 	 -1.000000 	 86.686111 	 100.000000
   76 	 -1.000000 	 73.329167 	 100.000000
   77 	 -1.000000 	 78.298214 	 100.000000
   78 	 -1.000000 	 84.954167 	 100.000000
   79 	 -1.000000 	 79.975000 	 100.000000
 