   0 	 -1.000000 	 -0.081397 	 1.000000
    1 	 -0.250000 	 -0.131614 	 -0.100000
    2 	 -0.250000 	 -0.127301 	 -0.076923
    3 	 -0.250000 	 -0.128419 	 -0.100000
    4 	 -0.333333 	 -0.131263 	 -0.100000
    5 	 -0.500000 	 -0.133096 	 -0.083333
    6 	 -0.200000 	 -0.095961 	 -0.066667
    7 	 -0.142857 	 -0.092651 	 -0.066667
    8 	 -0.200000 	 -0.093505 	 -0.066667
    9 	 -0.166667 	 -0.093376 	 -0.066667
   10 	 -0.166667 	 -0.092884 	 -0.066667
   11 	 -0.166667 	 -0.094169 	 -0.066667
   12 	 -0.200000 	 -0.093031 	 -0.076923
   13 	 -0.166667 	 -0.094805 	 -0.066667
   14 	 -0.166667 	 -0.091853 	 -0.066667
   15 	 -0.166667 	 -0.092149 	 -0.076923
   16 	 -0.142857 	 -0.093680 	 -0.066667
   17 	 -0.125000 	 -0.091486 	 -0.066667
   18 	 -0.200000 	 -0.097072 	 -0.076923
   19 	 -0.250000 	 -0.095258 	 -0.076923
   20 	 -0.200000 	 -0.105899 	 -0.083333
   21 	 -1.000000 	 -0.138407 	 -0.090909
   22 	 -0.166667 	 -0.105518 	 -0.083333
   23 	 -0.166667 	 -0.100896 	 -0.083333
   24 	 -0.142857 	 -0.101859 	 -0.076923
   25 	 -0.200000 	 -0.103011 	 -0.090909
   26 	 -0.125000 	 -0.098989 	 -0.071429
   27 	 -0.200000 	 -0.105815 	 -0.083333
   28 	 -0.166667 	 -0.103354 	 -0.071429
   29 	 -0.166667 	 -0.102999 	 -0.071429
   30 	 -0.166667 	 -0.104645 	 -0.090909
   31 	 -0.166667 	 -0.105986 	 -0.071429
   32 	 -0.250000 	 -0.130053 	 -0.083333
   33 	 -0.250000 	 1.533009 	 100.000000
   34 	 -1.000000 	 81.666667 	 100.000000
   35 	 -1.000000 	 89.943056 	 100.000000
   36 	 -1.000000 	 90.025000 	 100.000000
   37 	 -1.000000 	 89.979167 	 100.000000
   38 	 -1.000000 	 83.318056 	 100.000000
   39 	 -1.000000 	 86.670833 	 100.000000
   40 	 -1.000000 	 83.312500 	 100.000000
   41 	 -1.000000 	 79.975000 	 100.000000
   42 	 -1.000000 	 84.898611 	 100.000000
   43 	 -1.000000 	 89.956944 	 100.000000
   44 	 -1.000000 	 91.650000 	 100.000000
   45 	 -1.000000 	 79.941667 	 100.000000
   46 	 -1.000000 	 76.658333 	 100.000000
   47 	 -1.000000 	 81.616111 	 100.000000
   48 	 -1.000000 	 83.368056 	 100.000000
   49 	 -1.000000 	 79.934722 	 100.000000
   50 	 -1.000000 	 81.554167 	 100.000000
   51 	 -1.000000 	 81.672222 	 100.000000
   52 	 -1.000000 	 75.012500 	 100.000000
   53 	 -0.500000 	 93.351389 	 100.000000
   54 	 -1.000000 	 86.666667 	 100.000000
   55 	 -1.000000 	 79.959722 	 100.000000
   56 	 -1.000000 	 91.645833 	 100.000000
   57 	 -1.000000 	 79.933333 	 100.000000
   58 	 -1.000000 	 84.963889 	 100.000000
   59 	 -1.000000 	 81.645833 	 100.000000
   60 	 -1.000000 	 85.000000 	 100.000000
   61 	 -1.000000 	 84.950000 	 100.000000
   62 	 -0.500000 	 86.690278 	 100.000000
   63 	 -1.000000 	 83.281944 	 100.000000
   64 	 -1.000000 	 81.654167 	 100.000000
   65 	 -1.000000 	 83.354167 	 100.000000
   66 	 -1.000000 	 88.333333 	 100.000000
   67 	 -1.000000 	 84.962500 	 100.000000
   68 	 -1.000000 	 86.645833 	 100.000000
   69 	 -1.000000 	 76.606944 	 100.000000
   70 	 -1.000000 	 71.592063 	 100.000000
   71 	 -1.000000 	 79.980556 	 100.000000
   72 	 -1.000000 	 79.908611 	 100.000000
   73 	 -1.000000 	 79.960556 	 100.000000
   74 	 -1.000000 	 79.948611 	 100.000000
   75 	 -1.000000 	 83.284722 	 100.000000
   76 	 -1.000000 	 80.014722 	 100.000000
   77 	 -1.000000 	 76.588889 	 100.000000
   78 	 -1.000000 	 81.640278 	 100.000000
   79 	 -1.000000 	 84.895833 	 100.000000
 