   0 	 -1.000000 	 4.964715 	 100.000000
    1 	 -1.000000 	 50.005813 	 100.000000
    2 	 -1.000000 	 26.672395 	 100.000000
    3 	 -1.000000 	 46.714722 	 100.000000
    4 	 -1.000000 	 28.290999 	 100.000000
    5 	 -1.000000 	 40.007937 	 100.000000
    6 	 -1.000000 	 59.979722 	 100.000000
    7 	 -1.000000 	 50.035556 	 100.000000
    8 	 -1.000000 	 61.612500 	 100.000000
    9 	 -1.000000 	 70.016667 	 100.000000
   10 	 -1.000000 	 71.694167 	 100.000000
   11 	 -1.000000 	 83.337222 	 100.000000
   12 	 -1.000000 	 86.691667 	 100.000000
   13 	 -0.250000 	 86.743056 	 100.000000
   14 	 -0.500000 	 78.472778 	 100.000000
   15 	 -1.000000 	 78.313889 	 100.000000
   16 	 -1.000000 	 84.990000 	 100.000000
   17 	 -0.500000 	 83.367222 	 100.000000
   18 	 -1.000000 	 71.747778 	 100.000000
   19 	 -1.000000 	 81.620833 	 100.000000
   20 	 -1.000000 	 84.940278 	 100.000000
   21 	 -1.000000 	 78.276389 	 100.000000
   22 	 -1.000000 	 78.248611 	 100.000000
   23 	 -1.000000 	 83.295556 	 100.000000
   24 	 -1.000000 	 80.000000 	 100.000000
   25 	 -1.000000 	 74.994722 	 100.000000
   26 	 -1.000000 	 76.670000 	 100.000000
   27 	 -1.000000 	 66.724167 	 100.000000
   28 	 -1.000000 	 86.652778 	 100.000000
   29 	 -1.000000 	 85.037500 	 100.000000
   30 	 -1.000000 	 75.075556 	 100.000000
   31 	 -1.000000 	 79.991667 	 100.000000
   32 	 -1.000000 	 86.679167 	 100.000000
   33 	 -1.000000 	 86.600000 	 100.000000
   34 	 -1.000000 	 78.344444 	 100.000000
   35 	 -1.000000 	 81.601944 	 100.000000
   36 	 -1.000000 	 73.316389 	 100.000000
   37 	 -1.000000 	 80.036667 	 100.000000
   38 	 -0.250000 	 88.377222 	 100.000000
   39 	 -1.000000 	 83.395000 	 100.000000
   40 	 -0.500000 	 91.657500 	 100.000000
   41 	 -1.000000 	 73.284722 	 100.000000
   42 	 -1.000000 	 89.980556 	 100.000000
   43 	 -1.000000 	 85.029167 	 100.000000
   44 	 -1.000000 	 73.301548 	 100.000000
   45 	 -1.000000 	 76.708333 	 100.000000
   46 	 -1.000000 	 83.298611 	 100.000000
   47 	 -1.000000 	 71.658333 	 100.000000
   48 	 -1.000000 	 75.058333 	 100.000000
   49 	 -1.000000 	 78.304167 	 100.000000
   50 	 -1.000000 	 74.956944 	 100.000000
   51 	 -1.000000 	 83.313889 	 100.000000
   52 	 -1.000000 	 79.988452 	 100.000000
   53 	 -1.000000 	 85.020000 	 100.000000
   54 	 -1.000000 	 81.681944 	 100.000000
   55 	 -1.000000 	 80.002778 	 100.000000
   56 	 -1.000000 	 84.970000 	 100.000000
   57 	 -1.000000 	 79.969444 	 100.000000
   58 	 -0.250000 	 85.063056 	 100.000000
   59 	 -1.000000 	 91.649167 	 100.000000
   60 	 -1.000000 	 76.671389 	 100.000000
   61 	 -1.000000 	 76.713333 	 100.000000
   62 	 -1.000000 	 79.999167 	 100.000000
   63 	 -1.000000 	 76.629167 	 100.000000
   64 	 -1.000000 	 84.979167 	 100.000000
   65 	 -0.333333 	 88.369907 	 100.000000
   66 	 -1.000000 	 81.712500 	 100.000000
   67 	 -1.000000 	 85.050556 	 100.000000
   68 	 -1.000000 	 85.036111 	 100.000000
   69 	 -1.000000 	 81.673333 	 100.000000
   70 	 -1.000000 	 76.708889 	 100.000000
   71 	 -1.000000 	 85.015278 	 100.000000
   72 	 -0.500000 	 76.693056 	 100.000000
   73 	 -1.000000 	 81.696667 	 100.000000
   74 	 -1.000000 	 85.016667 	 100.000000
   75 	 -1.000000 	 83.365833 	 100.000000
   76 	 -1.000000 	 79.991667 	 100.000000
   77 	 -1.000000 	 81.734167 	 100.000000
   78 	 -1.000000 	 83.368611 	 100.000000
   79 	 -1.000000 	 81.681111 	 100.000000
 