   0 	 -1.000000 	 11.715667 	 100.000000
    1 	 -1.000000 	 26.606389 	 100.000000
    2 	 -1.000000 	 48.323333 	 100.000000
    3 	 -1.000000 	 36.656548 	 100.000000
    4 	 -1.000000 	 43.322639 	 100.000000
    5 	 -1.000000 	 34.943651 	 100.000000
    6 	 -1.000000 	 48.368056 	 100.000000
    7 	 -1.000000 	 40.003333 	 100.000000
    8 	 -1.000000 	 28.307639 	 100.000000
    9 	 -1.000000 	 43.319048 	 100.000000
   10 	 -1.000000 	 39.984325 	 100.000000
   11 	 -1.000000 	 41.647222 	 100.000000
   12 	 -1.000000 	 60.017222 	 100.000000
   13 	 -1.000000 	 44.992130 	 100.000000
   14 	 -1.000000 	 58.309974 	 100.000000
   15 	 -1.000000 	 46.698307 	 100.000000
   16 	 -1.000000 	 49.856627 	 100.000000
   17 	 -1.000000 	 56.655000 	 100.000000
   18 	 -1.000000 	 59.946667 	 100.000000
   19 	 -1.000000 	 58.303142 	 100.000000
   20 	 -1.000000 	 59.954167 	 100.000000
   21 	 -1.000000 	 68.298571 	 100.000000
   22 	 -1.000000 	 73.291111 	 100.000000
   23 	 -1.000000 	 61.650159 	 100.000000
   24 	 -1.000000 	 83.293056 	 100.000000
   25 	 -1.000000 	 91.615278 	 100.000000
   26 	 -1.000000 	 84.998611 	 100.000000
   27 	 -1.000000 	 86.588889 	 100.000000
   28 	 -1.000000 	 79.911111 	 100.000000
   29 	 -0.250000 	 86.674008 	 100.000000
   30 	 -1.000000 	 83.288889 	 100.000000
   31 	 -1.000000 	 78.298611 	 100.000000
   32 	 -1.000000 	 79.930556 	 100.000000
   33 	 -1.000000 	 91.629167 	 100.000000
   34 	 -1.000000 	 76.632778 	 100.000000
   35 	 -1.000000 	 93.300000 	 100.000000
   36 	 -1.000000 	 91.675000 	 100.000000
   37 	 -1.000000 	 86.620833 	 100.000000
   38 	 -1.000000 	 84.983333 	 100.000000
   39 	 -1.000000 	 81.631389 	 100.000000
   40 	 -0.333333 	 88.386111 	 100.000000
   41 	 -1.000000 	 85.040278 	 100.000000
   42 	 -1.000000 	 78.304167 	 100.000000
   43 	 -1.000000 	 90.003175 	 100.000000
   44 	 -0.250000 	 86.695833 	 100.000000
   45 	 -0.500000 	 88.350000 	 100.000000
   46 	 -1.000000 	 88.320833 	 100.000000
   47 	 -1.000000 	 93.319444 	 100.000000
   48 	 -1.000000 	 84.956944 	 100.000000
   49 	 -1.000000 	 83.327778 	 100.000000
   50 	 -1.000000 	 78.347222 	 100.000000
   51 	 -1.000000 	 81.711111 	 100.000000
   52 	 -1.000000 	 83.331944 	 100.000000
   53 	 -0.500000 	 86.688889 	 100.000000
   54 	 -1.000000 	 83.316111 	 100.000000
   55 	 -1.000000 	 74.975000 	 100.000000
   56 	 -1.000000 	 88.322222 	 100.000000
   57 	 -0.250000 	 86.704167 	 100.000000
   58 	 -0.500000 	 81.690278 	 100.000000
   59 	 -0.500000 	 85.027778 	 100.000000
   60 	 -0.250000 	 85.009722 	 100.000000
   61 	 -1.000000 	 83.334722 	 100.000000
   62 	 -1.000000 	 79.987500 	 100.000000
   63 	 -0.333333 	 93.333333 	 100.000000
   64 	 -1.000000 	 75.012500 	 100.000000
   65 	 -0.500000 	 90.006389 	 100.000000
   66 	 -0.333333 	 91.698611 	 100.000000
   67 	 -1.000000 	 89.995833 	 100.000000
   68 	 -1.000000 	 85.025000 	 100.000000
   69 	 -1.000000 	 84.987500 	 100.000000
   70 	 -0.500000 	 86.690278 	 100.000000
   71 	 -1.000000 	 84.995833 	 100.000000
   72 	 -1.000000 	 86.669444 	 100.000000
   73 	 -0.333333 	 85.017500 	 100.000000
   74 	 -1.000000 	 88.313889 	 100.000000
   75 	 -1.000000 	 81.637500 	 100.000000
   76 	 -1.000000 	 89.933333 	 100.000000
   77 	 -1.000000 	 86.641667 	 100.000000
   78 	 -0.500000 	 70.013194 	 100.000000
   79 	 -1.000000 	 74.981786 	 100.000000
 