   0 	 -1.000000 	 11.694511 	 100.000000
    1 	 -1.000000 	 35.001667 	 100.000000
    2 	 -1.000000 	 35.019187 	 100.000000
    3 	 -1.000000 	 28.393657 	 100.000000
    4 	 -1.000000 	 28.344444 	 100.000000
    5 	 -1.000000 	 41.683889 	 100.000000
    6 	 -1.000000 	 29.976766 	 100.000000
    7 	 -1.000000 	 46.607619 	 100.000000
    8 	 -1.000000 	 49.974960 	 100.000000
    9 	 -1.000000 	 68.313889 	 100.000000
   10 	 -1.000000 	 68.370833 	 100.000000
   11 	 -1.000000 	 78.315675 	 100.000000
   12 	 -1.000000 	 58.292460 	 100.000000
   13 	 -1.000000 	 58.284563 	 100.000000
   14 	 -1.000000 	 68.240278 	 100.000000
   15 	 -1.000000 	 81.654167 	 100.000000
   16 	 -1.000000 	 63.312778 	 100.000000
   17 	 -1.000000 	 76.635556 	 100.000000
   18 	 -0.500000 	 81.670833 	 100.000000
   19 	 -1.000000 	 71.617500 	 100.000000
   20 	 -1.000000 	 81.622222 	 100.000000
   21 	 -1.000000 	 84.980556 	 100.000000
   22 	 -1.000000 	 78.294444 	 100.000000
   23 	 -1.000000 	 81.600992 	 100.000000
   24 	 -1.000000 	 83.295833 	 100.000000
   25 	 -1.000000 	 71.530714 	 100.000000
   26 	 -1.000000 	 89.991667 	 100.000000
   27 	 -1.000000 	 81.583333 	 100.000000
   28 	 -1.000000 	 79.968889 	 100.000000
   29 	 -1.000000 	 88.311111 	 100.000000
   30 	 -1.000000 	 93.295833 	 100.000000
   31 	 -1.000000 	 79.963333 	 100.000000
   32 	 -1.000000 	 76.588889 	 100.000000
   33 	 -1.000000 	 83.345833 	 100.000000
   34 	 -1.000000 	 84.952222 	 100.000000
   35 	 -1.000000 	 79.979167 	 100.000000
   36 	 -1.000000 	 86.644444 	 100.000000
   37 	 -1.000000 	 78.293056 	 100.000000
   38 	 -1.000000 	 80.034722 	 100.000000
   39 	 -1.000000 	 83.298611 	 100.000000
   40 	 -1.000000 	 83.302778 	 100.000000
   41 	 -1.000000 	 79.934722 	 100.000000
   42 	 -1.000000 	 78.304167 	 100.000000
   43 	 -1.000000 	 81.619444 	 100.000000
   44 	 -1.000000 	 83.275000 	 100.000000
   45 	 -1.000000 	 74.986111 	 100.000000
   46 	 -1.000000 	 84.958333 	 100.000000
   47 	 -1.000000 	 74.923611 	 100.000000
   48 	 -1.000000 	 74.930556 	 100.000000
   49 	 -1.000000 	 83.265278 	 100.000000
   50 	 -1.000000 	 76.600000 	 100.000000
   51 	 -0.333333 	 88.348611 	 100.000000
   52 	 -1.000000 	 84.984028 	 100.000000
   53 	 -1.000000 	 84.936111 	 100.000000
   54 	 -1.000000 	 88.333333 	 100.000000
   55 	 -1.000000 	 76.594444 	 100.000000
   56 	 -1.000000 	 76.644444 	 100.000000
   57 	 -1.000000 	 76.628770 	 100.000000
   58 	 -1.000000 	 73.293056 	 100.000000
   59 	 -1.000000 	 81.584722 	 100.000000
   60 	 -1.000000 	 78.329167 	 100.000000
   61 	 -1.000000 	 73.234722 	 100.000000
   62 	 -1.000000 	 78.231944 	 100.000000
   63 	 -1.000000 	 79.928333 	 100.000000
   64 	 -1.000000 	 89.995833 	 100.000000
   65 	 -1.000000 	 81.565278 	 100.000000
   66 	 -1.000000 	 69.883611 	 100.000000
   67 	 -1.000000 	 73.265278 	 100.000000
   68 	 -1.000000 	 79.930556 	 100.000000
   69 	 -1.000000 	 71.595833 	 100.000000
   70 	 -1.000000 	 76.638889 	 100.000000
   71 	 -1.000000 	 86.650000 	 100.000000
   72 	 -1.000000 	 83.279167 	 100.000000
   73 	 -1.000000 	 81.590278 	 100.000000
   74 	 -1.000000 	 79.940278 	 100.000000
   75 	 -1.000000 	 76.615278 	 100.000000
   76 	 -1.000000 	 78.281944 	 100.000000
   77 	 -1.000000 	 81.615278 	 100.000000
   78 	 -1.000000 	 74.945833 	 100.000000
   79 	 -0.500000 	 86.701389 	 100.000000
 