   0 	 -1.000000 	 6.704131 	 100.000000
    1 	 -1.000000 	 43.315880 	 100.000000
    2 	 -1.000000 	 38.288075 	 100.000000
    3 	 -1.000000 	 46.652619 	 100.000000
    4 	 -1.000000 	 36.656786 	 100.000000
    5 	 -1.000000 	 46.674306 	 100.000000
    6 	 -1.000000 	 41.691019 	 100.000000
    7 	 -1.000000 	 54.999444 	 100.000000
    8 	 -1.000000 	 54.943611 	 100.000000
    9 	 -1.000000 	 48.311806 	 100.000000
   10 	 -1.000000 	 63.299167 	 100.000000
   11 	 -1.000000 	 61.698770 	 100.000000
   12 	 -1.000000 	 48.371693 	 100.000000
   13 	 -1.000000 	 69.945741 	 100.000000
   14 	 -1.000000 	 61.664881 	 100.000000
   15 	 -1.000000 	 81.673611 	 100.000000
   16 	 -1.000000 	 74.974603 	 100.000000
   17 	 -1.000000 	 83.298611 	 100.000000
   18 	 -1.000000 	 81.711111 	 100.000000
   19 	 -1.000000 	 81.578611 	 100.000000
   20 	 -0.500000 	 85.020833 	 100.000000
   21 	 -1.000000 	 81.649167 	 100.000000
   22 	 -0.500000 	 91.672222 	 100.000000
   23 	 -1.000000 	 81.647222 	 100.000000
   24 	 -1.000000 	 73.377778 	 100.000000
   25 	 -1.000000 	 84.978333 	 100.000000
   26 	 -0.500000 	 85.033333 	 100.000000
   27 	 -1.000000 	 83.320833 	 100.000000
   28 	 -1.000000 	 74.915278 	 100.000000
   29 	 -1.000000 	 76.631111 	 100.000000
   30 	 -1.000000 	 79.961111 	 100.000000
   31 	 -1.000000 	 83.336111 	 100.000000
   32 	 -1.000000 	 81.614722 	 100.000000
   33 	 -1.000000 	 83.344444 	 100.000000
   34 	 -1.000000 	 80.016667 	 100.000000
   35 	 -1.000000 	 83.295833 	 100.000000
   36 	 -1.000000 	 89.944444 	 100.000000
   37 	 -1.000000 	 86.663889 	 100.000000
   38 	 -1.000000 	 89.980556 	 100.000000
   39 	 -1.000000 	 71.757500 	 100.000000
   40 	 -1.000000 	 86.631944 	 100.000000
   41 	 -1.000000 	 79.908333 	 100.000000
   42 	 -0.500000 	 91.666667 	 100.000000
   43 	 -0.500000 	 86.647222 	 100.000000
   44 	 -1.000000 	 81.618056 	 100.000000
   45 	 -1.000000 	 88.348611 	 100.000000
   46 	 -1.000000 	 84.981944 	 100.000000
   47 	 -1.000000 	 76.661111 	 100.000000
   48 	 -1.000000 	 71.645278 	 100.000000
   49 	 -1.000000 	 81.638889 	 100.000000
   50 	 -1.000000 	 76.622917 	 100.000000
   51 	 -1.000000 	 81.623611 	 100.000000
   52 	 -1.000000 	 74.990278 	 100.000000
   53 	 -1.000000 	 83.318056 	 100.000000
   54 	 -1.000000 	 83.322222 	 100.000000
   55 	 -1.000000 	 74.972917 	 100.000000
   56 	 -1.000000 	 79.983333 	 100.000000
   57 	 -1.000000 	 78.281944 	 100.000000
   58 	 -1.000000 	 81.630556 	 100.000000
   59 	 -1.000000 	 78.298611 	 100.000000
   60 	 -1.000000 	 79.995278 	 100.000000
   61 	 -1.000000 	 83.322222 	 100.000000
   62 	 -1.000000 	 79.987500 	 100.000000
   63 	 -1.000000 	 84.958333 	 100.000000
   64 	 -1.000000 	 78.315278 	 100.000000
   65 	 -1.000000 	 81.609583 	 100.000000
   66 	 -1.000000 	 89.955556 	 100.000000
   67 	 -1.000000 	 79.977778 	 100.000000
   68 	 -1.000000 	 75.008333 	 100.000000
   69 	 -1.000000 	 81.701944 	 100.000000
   70 	 -1.000000 	 83.279167 	 100.000000
   71 	 -1.000000 	 73.293056 	 100.000000
   72 	 -1.000000 	 78.306944 	 100.000000
   73 	 -1.000000 	 73.258333 	 100.000000
   74 	 -1.000000 	 78.306548 	 100.000000
   75 	 -1.000000 	 79.979722 	 100.000000
   76 	 -1.000000 	 88.283333 	 100.000000
   77 	 -1.000000 	 84.983333 	 100.000000
   78 	 -0.500000 	 80.048611 	 100.000000
   79 	 -1.000000 	 83.288056 	 100.000000
 