   0 	 -1.000000 	 9.976414 	 100.000000
    1 	 -1.000000 	 40.045960 	 100.000000
    2 	 -1.000000 	 33.374907 	 100.000000
    3 	 -1.000000 	 33.365317 	 100.000000
    4 	 -1.000000 	 31.676316 	 100.000000
    5 	 -1.000000 	 33.317500 	 100.000000
    6 	 -1.000000 	 54.940972 	 100.000000
    7 	 -1.000000 	 60.054861 	 100.000000
    8 	 -1.000000 	 50.058333 	 100.000000
    9 	 -1.000000 	 48.307500 	 100.000000
   10 	 -1.000000 	 68.361481 	 100.000000
   11 	 -0.500000 	 75.078175 	 100.000000
   12 	 -1.000000 	 79.937639 	 100.000000
   13 	 -0.333333 	 80.075000 	 100.000000
   14 	 -1.000000 	 76.716111 	 100.000000
   15 	 -1.000000 	 85.018056 	 100.000000
   16 	 -1.000000 	 76.741111 	 100.000000
   17 	 -1.000000 	 81.689722 	 100.000000
   18 	 -1.000000 	 76.752778 	 100.000000
   19 	 -0.333333 	 83.434722 	 100.000000
   20 	 -1.000000 	 70.045833 	 100.000000
   21 	 -1.000000 	 89.997222 	 100.000000
   22 	 -1.000000 	 83.315000 	 100.000000
   23 	 -0.333333 	 78.418056 	 100.000000
   24 	 -0.333333 	 80.070278 	 100.000000
   25 	 -1.000000 	 86.670833 	 100.000000
   26 	 -1.000000 	 89.980000 	 100.000000
   27 	 -1.000000 	 81.672222 	 100.000000
   28 	 -1.000000 	 89.991667 	 100.000000
   29 	 -1.000000 	 83.370278 	 100.000000
   30 	 -1.000000 	 80.004167 	 100.000000
   31 	 -1.000000 	 78.366667 	 100.000000
   32 	 -1.000000 	 83.338889 	 100.000000
   33 	 -1.000000 	 84.991667 	 100.000000
   34 	 -0.500000 	 76.711806 	 100.000000
   35 	 -0.500000 	 83.404167 	 100.000000
   36 	 -0.333333 	 78.355000 	 100.000000
   37 	 -1.000000 	 81.677778 	 100.000000
   38 	 -1.000000 	 81.682500 	 100.000000
   39 	 -1.000000 	 91.640278 	 100.000000
   40 	 -1.000000 	 80.058333 	 100.000000
   41 	 -1.000000 	 76.707639 	 100.000000
   42 	 -1.000000 	 89.986111 	 100.000000
   43 	 -1.000000 	 74.976389 	 100.000000
   44 	 -1.000000 	 74.963056 	 100.000000
   45 	 -1.000000 	 86.687500 	 100.000000
   46 	 -0.250000 	 85.070833 	 100.000000
   47 	 -0.250000 	 81.758333 	 100.000000
   48 	 -1.000000 	 86.711111 	 100.000000
   49 	 -0.500000 	 86.680556 	 100.000000
   50 	 -1.000000 	 86.668056 	 100.000000
   51 	 -1.000000 	 86.650000 	 100.000000
   52 	 -0.500000 	 83.394444 	 100.000000
   53 	 -0.250000 	 86.756944 	 100.000000
   54 	 -1.000000 	 83.325833 	 100.000000
   55 	 -0.250000 	 81.725833 	 100.000000
   56 	 -1.000000 	 86.704167 	 100.000000
   57 	 -1.000000 	 79.952778 	 100.000000
   58 	 -1.000000 	 85.059722 	 100.000000
   59 	 -1.000000 	 79.962500 	 100.000000
   60 	 -1.000000 	 76.724881 	 100.000000
   61 	 -1.000000 	 75.053611 	 100.000000
   62 	 -1.000000 	 83.322222 	 100.000000
   63 	 -1.000000 	 80.019444 	 100.000000
   64 	 -1.000000 	 79.977778 	 100.000000
   65 	 -1.000000 	 91.675000 	 100.000000
   66 	 -1.000000 	 85.051389 	 100.000000
   67 	 -1.000000 	 78.375298 	 100.000000
   68 	 -0.250000 	 86.698056 	 100.000000
   69 	 -1.000000 	 89.999167 	 100.000000
   70 	 -1.000000 	 81.674603 	 100.000000
   71 	 -1.000000 	 71.720370 	 100.000000
   72 	 -0.500000 	 86.689722 	 100.000000
   73 	 -0.250000 	 81.729167 	 100.000000
   74 	 -0.250000 	 86.759722 	 100.000000
   75 	 -1.000000 	 88.362500 	 100.000000
   76 	 -0.500000 	 85.034167 	 100.000000
   77 	 -0.500000 	 86.708333 	 100.000000
   78 	 -1.000000 	 80.065278 	 100.000000
   79 	 -0.250000 	 86.729167 	 100.000000
 