   0 	 -1.000000 	 9.962215 	 100.000000
    1 	 -1.000000 	 33.281111 	 100.000000
    2 	 -1.000000 	 36.672937 	 100.000000
    3 	 -1.000000 	 31.624405 	 100.000000
    4 	 -1.000000 	 28.346640 	 100.000000
    5 	 -1.000000 	 45.009656 	 100.000000
    6 	 -1.000000 	 38.383677 	 100.000000
    7 	 -1.000000 	 66.568056 	 100.000000
    8 	 -0.500000 	 65.015278 	 100.000000
    9 	 -0.500000 	 83.350000 	 100.000000
   10 	 -1.000000 	 78.341111 	 100.000000
   11 	 -1.000000 	 88.329167 	 100.000000
   12 	 -0.500000 	 88.305556 	 100.000000
   13 	 -1.000000 	 81.643056 	 100.000000
   14 	 -1.000000 	 86.613889 	 100.000000
   15 	 -1.000000 	 79.963889 	 100.000000
   16 	 -1.000000 	 84.912500 	 100.000000
   17 	 -1.000000 	 73.275000 	 100.000000
   18 	 -1.000000 	 83.341667 	 100.000000
   19 	 -1.000000 	 78.350000 	 100.000000
   20 	 -1.000000 	 83.342063 	 100.000000
   21 	 -1.000000 	 81.634722 	 100.000000
   22 	 -1.000000 	 83.255556 	 100.000000
   23 	 -1.000000 	 78.275000 	 100.000000
   24 	 -1.000000 	 78.270833 	 100.000000
   25 	 -1.000000 	 74.990278 	 100.000000
   26 	 -1.000000 	 81.625000 	 100.000000
   27 	 -1.000000 	 83.297222 	 100.000000
   28 	 -1.000000 	 81.586111 	 100.000000
   29 	 -1.000000 	 84.993056 	 100.000000
   30 	 -1.000000 	 76.645833 	 100.000000
   31 	 -1.000000 	 79.956944 	 100.000000
   32 	 -1.000000 	 78.241667 	 100.000000
   33 	 -1.000000 	 84.973611 	 100.000000
   34 	 -1.000000 	 83.355556 	 100.000000
   35 	 -1.000000 	 88.273611 	 100.000000
   36 	 -1.000000 	 91.633333 	 100.000000
   37 	 -1.000000 	 91.655556 	 100.000000
   38 	 -1.000000 	 86.650000 	 100.000000
   39 	 -1.000000 	 90.018056 	 100.000000
   40 	 0.500000 	 96.683333 	 100.000000
   41 	 -1.000000 	 89.954167 	 100.000000
   42 	 -1.000000 	 86.606944 	 100.000000
   43 	 -1.000000 	 86.641667 	 100.000000
   44 	 -1.000000 	 88.316667 	 100.000000
   45 	 -1.000000 	 85.025000 	 100.000000
   46 	 -1.000000 	 83.358333 	 100.000000
   47 	 -1.000000 	 84.964722 	 100.000000
   48 	 -1.000000 	 74.883333 	 100.000000
   49 	 -1.000000 	 78.254167 	 100.000000
   50 	 -1.000000 	 83.276389 	 100.000000
   51 	 -1.000000 	 79.895833 	 100.000000
   52 	 -1.000000 	 88.309167 	 100.000000
   53 	 -1.000000 	 81.705000 	 100.000000
   54 	 -1.000000 	 84.943056 	 100.000000
   55 	 -1.000000 	 81.633333 	 100.000000
   56 	 -1.000000 	 88.318056 	 100.000000
   57 	 -1.000000 	 81.573611 	 100.000000
   58 	 -1.000000 	 86.649603 	 100.000000
   59 	 -1.000000 	 88.316667 	 100.000000
   60 	 -1.000000 	 84.987500 	 100.000000
   61 	 -1.000000 	 84.995833 	 100.000000
   62 	 -1.000000 	 85.029167 	 100.000000
   63 	 -1.000000 	 81.595833 	 100.000000
   64 	 -1.000000 	 84.940278 	 100.000000
   65 	 -1.000000 	 74.941667 	 100.000000
   66 	 -1.000000 	 83.298611 	 100.000000
   67 	 -1.000000 	 84.962500 	 100.000000
   68 	 -1.000000 	 86.634722 	 100.000000
   69 	 -1.000000 	 81.656944 	 100.000000
   70 	 -1.000000 	 73.216667 	 100.000000
   71 	 -1.000000 	 86.630556 	 100.000000
   72 	 -0.500000 	 91.670833 	 100.000000
   73 	 -1.000000 	 83.237500 	 100.000000
   74 	 -1.000000 	 76.576389 	 100.000000
   75 	 -1.000000 	 81.626389 	 100.000000
   76 	 -1.000000 	 88.308333 	 100.000000
   77 	 -1.000000 	 81.645278 	 100.000000
   78 	 -1.000000 	 84.941667 	 100.000000
   79 	 -1.000000 	 86.606944 	 100.000000
 