   0 	 -0.500000 	 13.287078 	 100.000000
    1 	 -1.000000 	 28.331323 	 100.000000
    2 	 -1.000000 	 31.728677 	 100.000000
    3 	 -1.000000 	 20.016250 	 100.000000
    4 	 -1.000000 	 38.343380 	 100.000000
    5 	 -1.000000 	 43.350397 	 100.000000
    6 	 -1.000000 	 65.025000 	 100.000000
    7 	 -1.000000 	 48.406389 	 100.000000
    8 	 -1.000000 	 66.680952 	 100.000000
    9 	 -1.000000 	 65.110556 	 100.000000
   10 	 -1.000000 	 61.713333 	 100.000000
   11 	 -1.000000 	 63.333333 	 100.000000
   12 	 -1.000000 	 63.452222 	 100.000000
   13 	 -1.000000 	 50.041111 	 100.000000
   14 	 -1.000000 	 79.983333 	 100.000000
   15 	 -1.000000 	 56.749444 	 100.000000
   16 	 -1.000000 	 69.978611 	 100.000000
   17 	 -1.000000 	 61.751389 	 100.000000
   18 	 -1.000000 	 64.976508 	 100.000000
   19 	 -1.000000 	 70.004167 	 100.000000
   20 	 -1.000000 	 68.376389 	 100.000000
   21 	 -1.000000 	 73.363333 	 100.000000
   22 	 -1.000000 	 63.334722 	 100.000000
   23 	 -1.000000 	 70.048056 	 100.000000
   24 	 -1.000000 	 73.352500 	 100.000000
   25 	 -1.000000 	 73.359167 	 100.000000
   26 	 -1.000000 	 61.799167 	 100.000000
   27 	 -1.000000 	 75.037500 	 100.000000
   28 	 -1.000000 	 80.045278 	 100.000000
   29 	 -1.000000 	 79.995833 	 100.000000
   30 	 -1.000000 	 68.320833 	 100.000000
   31 	 -1.000000 	 80.013889 	 100.000000
   32 	 -1.000000 	 73.326389 	 100.000000
   33 	 -1.000000 	 78.379444 	 100.000000
   34 	 -1.000000 	 71.707778 	 100.000000
   35 	 -1.000000 	 81.738889 	 100.000000
   36 	 -1.000000 	 88.305556 	 100.000000
   37 	 -1.000000 	 80.077778 	 100.000000
   38 	 -1.000000 	 81.688333 	 100.000000
   39 	 -0.500000 	 83.408333 	 100.000000
   40 	 -1.000000 	 76.697222 	 100.000000
   41 	 -1.000000 	 78.392500 	 100.000000
   42 	 -1.000000 	 73.368611 	 100.000000
   43 	 -1.000000 	 85.045833 	 100.000000
   44 	 -1.000000 	 85.045833 	 100.000000
   45 	 -1.000000 	 68.368611 	 100.000000
   46 	 -0.500000 	 88.379167 	 100.000000
   47 	 -1.000000 	 90.020833 	 100.000000
   48 	 -0.500000 	 80.066667 	 100.000000
   49 	 -1.000000 	 81.685000 	 100.000000
   50 	 -1.000000 	 85.013333 	 100.000000
   51 	 -1.000000 	 83.359167 	 100.000000
   52 	 -1.000000 	 76.763889 	 100.000000
   53 	 -0.333333 	 83.405952 	 100.000000
   54 	 -1.000000 	 78.458333 	 100.000000
   55 	 -0.500000 	 79.979167 	 100.000000
   56 	 -1.000000 	 85.011111 	 100.000000
   57 	 -1.000000 	 73.388889 	 100.000000
   58 	 -1.000000 	 75.065278 	 100.000000
   59 	 -1.000000 	 78.331250 	 100.000000
   60 	 -1.000000 	 71.613056 	 100.000000
   61 	 -1.000000 	 75.062500 	 100.000000
   62 	 -1.000000 	 78.365278 	 100.000000
   63 	 -1.000000 	 86.662500 	 100.000000
   64 	 -1.000000 	 86.686111 	 100.000000
   65 	 -1.000000 	 76.783333 	 100.000000
   66 	 -1.000000 	 86.654167 	 100.000000
   67 	 -1.000000 	 76.725000 	 100.000000
   68 	 -1.000000 	 71.709722 	 100.000000
   69 	 -1.000000 	 71.658333 	 100.000000
   70 	 -1.000000 	 61.692500 	 100.000000
   71 	 -1.000000 	 83.350000 	 100.000000
   72 	 -1.000000 	 71.670139 	 100.000000
   73 	 0.333333 	 93.380556 	 100.000000
   74 	 -0.500000 	 78.387500 	 100.000000
   75 	 -1.000000 	 73.334722 	 100.000000
   76 	 -1.000000 	 71.691667 	 100.000000
   77 	 -1.000000 	 73.393056 	 100.000000
   78 	 -1.000000 	 73.400000 	 100.000000
   79 	 -0.333333 	 85.059167 	 100.000000
 