   0 	 -1.000000 	 1.610105 	 100.000000
    1 	 -1.000000 	 84.941667 	 100.000000
    2 	 -1.000000 	 78.358333 	 100.000000
    3 	 -1.000000 	 79.936111 	 100.000000
    4 	 -1.000000 	 79.936111 	 100.000000
    5 	 -1.000000 	 68.276389 	 100.000000
    6 	 -1.000000 	 78.291111 	 100.000000
    7 	 -1.000000 	 76.669444 	 100.000000
    8 	 -1.000000 	 78.350000 	 100.000000
    9 	 -1.000000 	 83.328611 	 100.000000
   10 	 -1.000000 	 80.036111 	 100.000000
   11 	 -1.000000 	 84.999444 	 100.000000
   12 	 -1.000000 	 73.244444 	 100.000000
   13 	 -1.000000 	 86.683730 	 100.000000
   14 	 -1.000000 	 86.645278 	 100.000000
   15 	 -1.000000 	 71.665278 	 100.000000
   16 	 -1.000000 	 81.562500 	 100.000000
   17 	 -1.000000 	 88.273611 	 100.000000
   18 	 -1.000000 	 86.584722 	 100.000000
   19 	 -1.000000 	 78.318056 	 100.000000
   20 	 -1.000000 	 83.276389 	 100.000000
   21 	 -1.000000 	 81.705556 	 100.000000
   22 	 -1.000000 	 84.990278 	 100.000000
   23 	 -1.000000 	 88.292500 	 100.000000
   24 	 -1.000000 	 80.009722 	 100.000000
   25 	 -1.000000 	 81.727778 	 100.000000
   26 	 -1.000000 	 80.023611 	 100.000000
   27 	 -1.000000 	 79.987500 	 100.000000
   28 	 -1.000000 	 74.918056 	 100.000000
   29 	 -1.000000 	 83.331944 	 100.000000
   30 	 -1.000000 	 84.927778 	 100.000000
   31 	 -1.000000 	 75.030556 	 100.000000
   32 	 -1.000000 	 84.994444 	 100.000000
   33 	 -1.000000 	 78.331944 	 100.000000
   34 	 -1.000000 	 78.318750 	 100.000000
   35 	 -1.000000 	 91.591667 	 100.000000
   36 	 -1.000000 	 81.618056 	 100.000000
   37 	 -1.000000 	 86.662500 	 100.000000
   38 	 -1.000000 	 81.619444 	 100.000000
   39 	 -1.000000 	 84.980556 	 100.000000
   40 	 -0.500000 	 80.018056 	 100.000000
   41 	 -1.000000 	 73.306944 	 100.000000
   42 	 -0.500000 	 80.063889 	 100.000000
   43 	 -1.000000 	 76.611111 	 100.000000
   44 	 -0.500000 	 90.021667 	 100.000000
   45 	 -1.000000 	 83.329167 	 100.000000
   46 	 -1.000000 	 78.272222 	 100.000000
   47 	 -1.000000 	 78.286111 	 100.000000
   48 	 -1.000000 	 84.971667 	 100.000000
   49 	 -1.000000 	 89.983333 	 100.000000
   50 	 -1.000000 	 79.995278 	 100.000000
   51 	 -1.000000 	 76.613889 	 100.000000
   52 	 -1.000000 	 81.665278 	 100.000000
   53 	 -1.000000 	 80.008333 	 100.000000
   54 	 -1.000000 	 76.616667 	 100.000000
   55 	 -1.000000 	 73.300000 	 100.000000
   56 	 -1.000000 	 81.612500 	 100.000000
   57 	 -0.500000 	 88.350000 	 100.000000
   58 	 -1.000000 	 71.591667 	 100.000000
   59 	 -1.000000 	 78.286111 	 100.000000
   60 	 -0.500000 	 84.998611 	 100.000000
   61 	 -1.000000 	 86.604167 	 100.000000
   62 	 -1.000000 	 84.966667 	 100.000000
   63 	 -1.000000 	 80.037500 	 100.000000
   64 	 -1.000000 	 78.284722 	 100.000000
   65 	 -1.000000 	 79.992500 	 100.000000
   66 	 -1.000000 	 79.962500 	 100.000000
   67 	 -1.000000 	 81.642500 	 100.000000
   68 	 -1.000000 	 83.319444 	 100.000000
   69 	 -1.000000 	 83.336111 	 100.000000
   70 	 -1.000000 	 79.944444 	 100.000000
   71 	 -1.000000 	 88.295833 	 100.000000
   72 	 -1.000000 	 79.994444 	 100.000000
   73 	 -1.000000 	 84.959722 	 100.000000
   74 	 -1.000000 	 71.652778 	 100.000000
   75 	 -1.000000 	 74.979167 	 100.000000
   76 	 -1.000000 	 79.933333 	 100.000000
   77 	 -1.000000 	 73.259722 	 100.000000
   78 	 -1.000000 	 74.938889 	 100.000000
   79 	 -1.000000 	 76.683333 	 100.000000
 