   0 	 -1.000000 	 6.626250 	 100.000000
    1 	 -1.000000 	 23.286944 	 100.000000
    2 	 -1.000000 	 35.007778 	 100.000000
    3 	 -1.000000 	 63.338056 	 100.000000
    4 	 -1.000000 	 53.423611 	 100.000000
    5 	 -1.000000 	 56.693056 	 100.000000
    6 	 -1.000000 	 53.366825 	 100.000000
    7 	 -1.000000 	 69.977778 	 100.000000
    8 	 -1.000000 	 83.287500 	 100.000000
    9 	 -1.000000 	 71.715278 	 100.000000
   10 	 -1.000000 	 79.968056 	 100.000000
   11 	 -1.000000 	 71.736111 	 100.000000
   12 	 -1.000000 	 66.631389 	 100.000000
   13 	 -1.000000 	 81.731944 	 100.000000
   14 	 -1.000000 	 80.005556 	 100.000000
   15 	 -0.500000 	 80.065278 	 100.000000
   16 	 -1.000000 	 81.696230 	 100.000000
   17 	 -1.000000 	 80.019444 	 100.000000
   18 	 -1.000000 	 78.320833 	 100.000000
   19 	 -1.000000 	 68.333333 	 100.000000
   20 	 -0.333333 	 80.015278 	 100.000000
   21 	 -0.500000 	 90.015278 	 100.000000
   22 	 -0.500000 	 86.738889 	 100.000000
   23 	 -1.000000 	 74.994444 	 100.000000
   24 	 -1.000000 	 76.623611 	 100.000000
   25 	 -1.000000 	 85.041667 	 100.000000
   26 	 -1.000000 	 85.041667 	 100.000000
   27 	 -1.000000 	 81.635278 	 100.000000
   28 	 -1.000000 	 88.348611 	 100.000000
   29 	 -1.000000 	 76.631944 	 100.000000
   30 	 -1.000000 	 81.699167 	 100.000000
   31 	 -1.000000 	 76.636111 	 100.000000
   32 	 -1.000000 	 80.041111 	 100.000000
   33 	 -1.000000 	 86.689583 	 100.000000
   34 	 -1.000000 	 78.473750 	 100.000000
   35 	 -1.000000 	 85.016667 	 100.000000
   36 	 -1.000000 	 73.344444 	 100.000000
   37 	 -1.000000 	 81.712500 	 100.000000
   38 	 -1.000000 	 85.070000 	 100.000000
   39 	 -1.000000 	 76.683333 	 100.000000
   40 	 -1.000000 	 73.327778 	 100.000000
   41 	 -1.000000 	 81.618889 	 100.000000
   42 	 -1.000000 	 83.304167 	 100.000000
   43 	 -1.000000 	 76.705556 	 100.000000
   44 	 -1.000000 	 80.015278 	 100.000000
   45 	 -1.000000 	 78.400000 	 100.000000
   46 	 -0.500000 	 83.354722 	 100.000000
   47 	 -1.000000 	 79.984722 	 100.000000
   48 	 -1.000000 	 89.995833 	 100.000000
   49 	 -1.000000 	 75.040278 	 100.000000
   50 	 -0.500000 	 85.048611 	 100.000000
   51 	 -1.000000 	 81.726389 	 100.000000
   52 	 -0.333333 	 90.031111 	 100.000000
   53 	 -1.000000 	 71.697222 	 100.000000
   54 	 -0.500000 	 88.356944 	 100.000000
   55 	 -1.000000 	 78.362500 	 100.000000
   56 	 -1.000000 	 88.329167 	 100.000000
   57 	 -1.000000 	 83.331944 	 100.000000
   58 	 -1.000000 	 93.286111 	 100.000000
   59 	 -1.000000 	 86.662500 	 100.000000
   60 	 -1.000000 	 73.319444 	 100.000000
   61 	 -1.000000 	 83.369444 	 100.000000
   62 	 -1.000000 	 81.700000 	 100.000000
   63 	 -1.000000 	 86.618056 	 100.000000
   64 	 -1.000000 	 78.408333 	 100.000000
   65 	 -0.500000 	 85.029167 	 100.000000
   66 	 -1.000000 	 83.339444 	 100.000000
   67 	 -1.000000 	 88.366667 	 100.000000
   68 	 -0.500000 	 80.037500 	 100.000000
   69 	 -1.000000 	 74.941667 	 100.000000
   70 	 -1.000000 	 81.664583 	 100.000000
   71 	 -1.000000 	 80.029167 	 100.000000
   72 	 -1.000000 	 83.325000 	 100.000000
   73 	 -0.500000 	 83.301389 	 100.000000
   74 	 -1.000000 	 81.675000 	 100.000000
   75 	 -1.000000 	 88.309722 	 100.000000
   76 	 -1.000000 	 78.359722 	 100.000000
   77 	 -1.000000 	 71.708333 	 100.000000
   78 	 -1.000000 	 81.750000 	 100.000000
   79 	 -1.000000 	 83.354167 	 100.000000
 