   0 	 0.001911 	 0.004710 	 0.010810
    1 	 0.001976 	 0.005131 	 0.013322
    2 	 0.001976 	 0.005466 	 0.013303
    3 	 0.001973 	 0.006364 	 0.011465
    4 	 0.002537 	 0.007197 	 0.016513
    5 	 0.003169 	 0.008097 	 0.027205
    6 	 0.003860 	 0.009423 	 0.027525
    7 	 0.004296 	 0.010409 	 0.026626
    8 	 0.004483 	 0.012531 	 0.021243
    9 	 0.006005 	 0.014061 	 0.022947
   10 	 0.008247 	 0.015684 	 0.022177
   11 	 0.006812 	 0.016249 	 0.027289
   12 	 0.007241 	 0.016801 	 0.027013
   13 	 0.008007 	 0.017686 	 0.031323
   14 	 0.010245 	 0.018842 	 0.035471
   15 	 0.012152 	 0.019990 	 0.035370
   16 	 0.012273 	 0.020874 	 0.033586
   17 	 0.010169 	 0.020719 	 0.041153
   18 	 0.009091 	 0.021327 	 0.038697
   19 	 0.009043 	 0.022773 	 0.039344
   20 	 0.011616 	 0.026290 	 0.045858
   21 	 0.011310 	 0.027950 	 0.047018
   22 	 0.012940 	 0.030731 	 0.046442
   23 	 0.013000 	 0.030989 	 0.047054
   24 	 0.014459 	 0.033222 	 0.045997
   25 	 0.010346 	 0.035424 	 0.055244
   26 	 0.010250 	 0.037390 	 0.066224
   27 	 0.010262 	 0.037589 	 0.063080
   28 	 0.020642 	 0.039816 	 0.062081
   29 	 0.013633 	 0.041286 	 0.069540
   30 	 0.013587 	 0.043187 	 0.065444
   31 	 0.024546 	 0.045870 	 0.063814
   32 	 0.017470 	 0.048565 	 0.070454
   33 	 0.017322 	 0.048237 	 0.073627
   34 	 0.024624 	 0.051557 	 0.073952
   35 	 0.012128 	 0.052230 	 0.067739
   36 	 0.016004 	 0.053244 	 0.068745
   37 	 0.015824 	 0.051737 	 0.072189
   38 	 0.028430 	 0.053575 	 0.072012
   39 	 0.016167 	 0.053119 	 0.077128
   40 	 0.016947 	 0.052448 	 0.068859
   41 	 0.021633 	 0.054706 	 0.069736
   42 	 0.013933 	 0.054137 	 0.072221
   43 	 0.007445 	 0.055496 	 0.071405
   44 	 0.011260 	 0.055476 	 0.073044
   45 	 0.014337 	 0.058087 	 0.072938
   46 	 0.017589 	 0.058551 	 0.073882
   47 	 0.020387 	 0.057944 	 0.072015
   48 	 0.012237 	 0.058832 	 0.071233
   49 	 0.016000 	 0.057254 	 0.068702
   50 	 0.012259 	 0.056081 	 0.068677
   51 	 0.012057 	 0.057246 	 0.069287
   52 	 0.011776 	 0.058314 	 0.075215
   53 	 0.016943 	 0.057788 	 0.069280
   54 	 0.015391 	 0.057238 	 0.068509
   55 	 0.016559 	 0.058060 	 0.071987
   56 	 0.019146 	 0.056747 	 0.087614
   57 	 0.013210 	 0.060852 	 0.086076
   58 	 0.011575 	 0.062385 	 0.083729
   59 	 0.015737 	 0.061592 	 0.090350
   60 	 0.025865 	 0.062835 	 0.091503
   61 	 0.029308 	 0.066650 	 0.090779
   62 	 0.028850 	 0.064620 	 0.092127
   63 	 0.016974 	 0.062854 	 0.095065
   64 	 0.012663 	 0.063283 	 0.096457
   65 	 0.014149 	 0.065431 	 0.097101
   66 	 0.018266 	 0.071053 	 0.098507
   67 	 0.016560 	 0.064192 	 0.092995
   68 	 0.029779 	 0.067903 	 0.100892
   69 	 0.014738 	 0.068022 	 0.095714
   70 	 0.014143 	 0.070014 	 0.098461
   71 	 0.028091 	 0.072036 	 0.097142
   72 	 0.011796 	 0.072563 	 0.097332
   73 	 0.016902 	 0.072896 	 0.097478
   74 	 0.036798 	 0.077996 	 0.099846
   75 	 0.026156 	 0.079001 	 0.102854
   76 	 0.013281 	 0.076955 	 0.113957
   77 	 0.011850 	 0.078554 	 0.114187
   78 	 0.023689 	 0.079728 	 0.131260
   79 	 0.012364 	 0.081706 	 0.122030
 