   0 	 0.002878 	 0.004814 	 0.012097
    1 	 0.002712 	 0.005533 	 0.015077
    2 	 0.003175 	 0.006198 	 0.014977
    3 	 0.003178 	 0.006548 	 0.014985
    4 	 0.003516 	 0.008278 	 0.021447
    5 	 0.003812 	 0.010618 	 0.022186
    6 	 0.004506 	 0.012626 	 0.022291
    7 	 0.005024 	 0.014357 	 0.023262
    8 	 0.005086 	 0.015785 	 0.025923
    9 	 0.006749 	 0.017297 	 0.031955
   10 	 0.007854 	 0.018663 	 0.033178
   11 	 0.011106 	 0.020811 	 0.038741
   12 	 0.011334 	 0.022211 	 0.037174
   13 	 0.011266 	 0.021912 	 0.040611
   14 	 0.010408 	 0.024369 	 0.041132
   15 	 0.009710 	 0.026672 	 0.049637
   16 	 0.010964 	 0.028647 	 0.049701
   17 	 0.012259 	 0.030142 	 0.049193
   18 	 0.012213 	 0.031245 	 0.058638
   19 	 0.012268 	 0.034609 	 0.062404
   20 	 0.017694 	 0.034998 	 0.063945
   21 	 0.014430 	 0.035212 	 0.065373
   22 	 0.018467 	 0.036740 	 0.065954
   23 	 0.013395 	 0.035831 	 0.067133
   24 	 0.020509 	 0.040788 	 0.068318
   25 	 0.015196 	 0.040745 	 0.068928
   26 	 0.018610 	 0.042959 	 0.068495
   27 	 0.014656 	 0.041169 	 0.065616
   28 	 0.016907 	 0.040658 	 0.063302
   29 	 0.017336 	 0.041683 	 0.067817
   30 	 0.017895 	 0.044711 	 0.070623
   31 	 0.015712 	 0.047318 	 0.068366
   32 	 0.014946 	 0.048525 	 0.069759
   33 	 0.013743 	 0.044895 	 0.076021
   34 	 0.013662 	 0.049975 	 0.098076
   35 	 0.018099 	 0.051192 	 0.101086
   36 	 0.021008 	 0.056298 	 0.101154
   37 	 0.030677 	 0.062922 	 0.099767
   38 	 0.015478 	 0.062033 	 0.099549
   39 	 0.018604 	 0.064001 	 0.124757
   40 	 0.023164 	 0.069024 	 0.123230
   41 	 0.034527 	 0.070715 	 0.115933
   42 	 0.033923 	 0.074351 	 0.140150
   43 	 0.021991 	 0.074617 	 0.106499
   44 	 0.020545 	 0.076890 	 0.110354
   45 	 0.035483 	 0.081120 	 0.113009
   46 	 0.042361 	 0.084565 	 0.130564
   47 	 0.021543 	 0.086645 	 0.143736
   48 	 0.030558 	 0.093443 	 0.132886
   49 	 0.023718 	 0.095842 	 0.132328
   50 	 0.017383 	 0.092264 	 0.130433
   51 	 0.031208 	 0.094521 	 0.133799
   52 	 0.028563 	 0.100452 	 0.133581
   53 	 0.022424 	 0.101424 	 0.150059
   54 	 0.022523 	 0.102233 	 0.158509
   55 	 0.021526 	 0.097824 	 0.149040
   56 	 0.022565 	 0.097934 	 0.146902
   57 	 0.028025 	 0.106302 	 0.144895
   58 	 0.022713 	 0.107343 	 0.150231
   59 	 0.047772 	 0.111351 	 0.148249
   60 	 0.032036 	 0.117061 	 0.165912
   61 	 0.030895 	 0.115753 	 0.156075
   62 	 0.024389 	 0.117456 	 0.154819
   63 	 0.025112 	 0.120339 	 0.162596
   64 	 0.019117 	 0.118256 	 0.195753
   65 	 0.018540 	 0.120934 	 0.208349
   66 	 0.018748 	 0.128189 	 0.197082
   67 	 0.026785 	 0.114957 	 0.202669
   68 	 0.032097 	 0.119820 	 0.184365
   69 	 0.049893 	 0.130591 	 0.210126
   70 	 0.025010 	 0.140818 	 0.212200
   71 	 0.049766 	 0.151540 	 0.199493
   72 	 0.045926 	 0.155329 	 0.230670
   73 	 0.020553 	 0.161118 	 0.228745
   74 	 0.055064 	 0.171592 	 0.217612
   75 	 0.019183 	 0.162783 	 0.227976
   76 	 0.055841 	 0.174098 	 0.227005
   77 	 0.032979 	 0.177702 	 0.224753
   78 	 0.026146 	 0.171480 	 0.233070
   79 	 0.033971 	 0.177781 	 0.248971
 