   0 	 0.002620 	 0.004985 	 0.010447
    1 	 0.003035 	 0.005552 	 0.009759
    2 	 0.003605 	 0.005999 	 0.013235
    3 	 0.003823 	 0.006560 	 0.015435
    4 	 0.003917 	 0.007074 	 0.019115
    5 	 0.004048 	 0.008655 	 0.021078
    6 	 0.004185 	 0.009801 	 0.028586
    7 	 0.004279 	 0.012187 	 0.030528
    8 	 0.004799 	 0.015102 	 0.037785
    9 	 0.004777 	 0.018712 	 0.038551
   10 	 0.009367 	 0.024369 	 0.040912
   11 	 0.008401 	 0.024489 	 0.038265
   12 	 0.011027 	 0.025549 	 0.040205
   13 	 0.012006 	 0.025873 	 0.043925
   14 	 0.012084 	 0.026103 	 0.041488
   15 	 0.012095 	 0.028411 	 0.047448
   16 	 0.012088 	 0.029719 	 0.061900
   17 	 0.011169 	 0.032044 	 0.063592
   18 	 0.017911 	 0.035550 	 0.065987
   19 	 0.018543 	 0.039597 	 0.064222
   20 	 0.013349 	 0.044680 	 0.066812
   21 	 0.013384 	 0.046550 	 0.072476
   22 	 0.026743 	 0.048828 	 0.073724
   23 	 0.019489 	 0.048703 	 0.072915
   24 	 0.010224 	 0.049242 	 0.073984
   25 	 0.021240 	 0.049025 	 0.070605
   26 	 0.016375 	 0.048657 	 0.074554
   27 	 0.018214 	 0.052132 	 0.090162
   28 	 0.026576 	 0.055398 	 0.087741
   29 	 0.025756 	 0.056811 	 0.087958
   30 	 0.026235 	 0.057152 	 0.090399
   31 	 0.013572 	 0.059253 	 0.093358
   32 	 0.020160 	 0.065546 	 0.099488
   33 	 0.024054 	 0.068239 	 0.095049
   34 	 0.013313 	 0.067333 	 0.097751
   35 	 0.019063 	 0.070249 	 0.102691
   36 	 0.023858 	 0.070515 	 0.100942
   37 	 0.015933 	 0.072364 	 0.107353
   38 	 0.031548 	 0.077679 	 0.113112
   39 	 0.020395 	 0.077683 	 0.100843
   40 	 0.026770 	 0.080355 	 0.107369
   41 	 0.016349 	 0.080834 	 0.116371
   42 	 0.030725 	 0.081424 	 0.115294
   43 	 0.052567 	 0.085513 	 0.114476
   44 	 0.031982 	 0.090550 	 0.117269
   45 	 0.038923 	 0.091428 	 0.122334
   46 	 0.031891 	 0.091983 	 0.128302
   47 	 0.051815 	 0.094370 	 0.145254
   48 	 0.055764 	 0.097436 	 0.154474
   49 	 0.016703 	 0.091788 	 0.142380
   50 	 0.023732 	 0.095992 	 0.138480
   51 	 0.058159 	 0.099407 	 0.141429
   52 	 0.034056 	 0.100629 	 0.145611
   53 	 0.022499 	 0.104308 	 0.151927
   54 	 0.035410 	 0.105709 	 0.149121
   55 	 0.035155 	 0.112830 	 0.158354
   56 	 0.021350 	 0.110838 	 0.156139
   57 	 0.023267 	 0.118151 	 0.164056
   58 	 0.023395 	 0.116901 	 0.169861
   59 	 0.016488 	 0.121428 	 0.170922
   60 	 0.052495 	 0.128838 	 0.195250
   61 	 0.035613 	 0.126685 	 0.207900
   62 	 0.032135 	 0.130589 	 0.180870
   63 	 0.024118 	 0.132299 	 0.182143
   64 	 0.020894 	 0.137483 	 0.198848
   65 	 0.018502 	 0.144874 	 0.197029
   66 	 0.025345 	 0.147275 	 0.203154
   67 	 0.016563 	 0.144810 	 0.207913
   68 	 0.020676 	 0.141320 	 0.205670
   69 	 0.051346 	 0.151025 	 0.205866
   70 	 0.041174 	 0.147188 	 0.212572
   71 	 0.015043 	 0.154486 	 0.237214
   72 	 0.020866 	 0.154934 	 0.221126
   73 	 0.015525 	 0.149383 	 0.221612
   74 	 0.014213 	 0.159084 	 0.235597
   75 	 0.015750 	 0.167217 	 0.261035
   76 	 0.044194 	 0.165048 	 0.271336
   77 	 0.043306 	 0.167523 	 0.274376
   78 	 0.065527 	 0.169795 	 0.277068
   79 	 0.069257 	 0.170356 	 0.257507
 