   0 	 0.002374 	 0.004717 	 0.009989
    1 	 0.002375 	 0.004851 	 0.008281
    2 	 0.002841 	 0.005206 	 0.010564
    3 	 0.003083 	 0.005468 	 0.010511
    4 	 0.003176 	 0.005695 	 0.012062
    5 	 0.003179 	 0.006396 	 0.012870
    6 	 0.003059 	 0.006517 	 0.014716
    7 	 0.004270 	 0.007835 	 0.018621
    8 	 0.004390 	 0.008313 	 0.019604
    9 	 0.004556 	 0.009702 	 0.027736
   10 	 0.004093 	 0.010769 	 0.027502
   11 	 0.004649 	 0.011901 	 0.028167
   12 	 0.004664 	 0.012574 	 0.026212
   13 	 0.005217 	 0.013316 	 0.031929
   14 	 0.005797 	 0.014184 	 0.029393
   15 	 0.006980 	 0.015545 	 0.034908
   16 	 0.007002 	 0.017790 	 0.036152
   17 	 0.009175 	 0.022350 	 0.042619
   18 	 0.008125 	 0.022966 	 0.037205
   19 	 0.008121 	 0.025393 	 0.039954
   20 	 0.009914 	 0.027076 	 0.045595
   21 	 0.010705 	 0.029221 	 0.058885
   22 	 0.013910 	 0.034458 	 0.062724
   23 	 0.008646 	 0.035445 	 0.066426
   24 	 0.011582 	 0.038170 	 0.066258
   25 	 0.011591 	 0.043601 	 0.068592
   26 	 0.011810 	 0.047454 	 0.073063
   27 	 0.011355 	 0.050418 	 0.080718
   28 	 0.021551 	 0.051926 	 0.084878
   29 	 0.012045 	 0.048011 	 0.084474
   30 	 0.019593 	 0.051085 	 0.081745
   31 	 0.027432 	 0.055218 	 0.087440
   32 	 0.011188 	 0.054154 	 0.082912
   33 	 0.013102 	 0.058574 	 0.083838
   34 	 0.023838 	 0.061614 	 0.084594
   35 	 0.020727 	 0.061594 	 0.089083
   36 	 0.023524 	 0.064738 	 0.107149
   37 	 0.020470 	 0.068690 	 0.115854
   38 	 0.012261 	 0.075991 	 0.116799
   39 	 0.016453 	 0.079063 	 0.114801
   40 	 0.025412 	 0.080257 	 0.121961
   41 	 0.013391 	 0.084835 	 0.115771
   42 	 0.043071 	 0.089401 	 0.121298
   43 	 0.042854 	 0.091037 	 0.115610
   44 	 0.026687 	 0.092748 	 0.115949
   45 	 0.020295 	 0.094022 	 0.123324
   46 	 0.026327 	 0.094920 	 0.130450
   47 	 0.023271 	 0.092598 	 0.130754
   48 	 0.027787 	 0.095156 	 0.130885
   49 	 0.011416 	 0.099213 	 0.142154
   50 	 0.032745 	 0.102606 	 0.129342
   51 	 0.038753 	 0.103995 	 0.143660
   52 	 0.020911 	 0.100278 	 0.144117
   53 	 0.021008 	 0.099656 	 0.150658
   54 	 0.027258 	 0.101927 	 0.135790
   55 	 0.027454 	 0.105406 	 0.139708
   56 	 0.013698 	 0.107010 	 0.145948
   57 	 0.013831 	 0.105962 	 0.144890
   58 	 0.035791 	 0.110000 	 0.151744
   59 	 0.030928 	 0.111780 	 0.166095
   60 	 0.022614 	 0.112784 	 0.157509
   61 	 0.026155 	 0.112419 	 0.183143
   62 	 0.053596 	 0.118065 	 0.167664
   63 	 0.047168 	 0.117801 	 0.163008
   64 	 0.027568 	 0.118891 	 0.164312
   65 	 0.030554 	 0.121079 	 0.168990
   66 	 0.017178 	 0.118272 	 0.163185
   67 	 0.027318 	 0.126424 	 0.170004
   68 	 0.045095 	 0.131045 	 0.179144
   69 	 0.029088 	 0.128368 	 0.167944
   70 	 0.025755 	 0.129233 	 0.175073
   71 	 0.027036 	 0.131835 	 0.180114
   72 	 0.043998 	 0.130179 	 0.184639
   73 	 0.042899 	 0.136431 	 0.173772
   74 	 0.015130 	 0.130776 	 0.170786
   75 	 0.031202 	 0.127860 	 0.177331
   76 	 0.032653 	 0.134594 	 0.176303
   77 	 0.027282 	 0.138184 	 0.190533
   78 	 0.027439 	 0.139473 	 0.198551
   79 	 0.023930 	 0.137523 	 0.208203
 