   0 	 0.002362 	 0.004316 	 0.007854
    1 	 0.002800 	 0.004738 	 0.008741
    2 	 0.002844 	 0.004867 	 0.010316
    3 	 0.002841 	 0.005265 	 0.008925
    4 	 0.002897 	 0.005990 	 0.012766
    5 	 0.002860 	 0.006918 	 0.016183
    6 	 0.002913 	 0.007732 	 0.019672
    7 	 0.005103 	 0.009101 	 0.019765
    8 	 0.005548 	 0.010025 	 0.019244
    9 	 0.005605 	 0.011040 	 0.019177
   10 	 0.005561 	 0.011720 	 0.020923
   11 	 0.005648 	 0.012278 	 0.020750
   12 	 0.005676 	 0.013389 	 0.022639
   13 	 0.006667 	 0.013595 	 0.025489
   14 	 0.007344 	 0.014832 	 0.025878
   15 	 0.007054 	 0.015311 	 0.025943
   16 	 0.007197 	 0.015486 	 0.026565
   17 	 0.006651 	 0.016770 	 0.026466
   18 	 0.008824 	 0.017871 	 0.026408
   19 	 0.008205 	 0.017595 	 0.026387
   20 	 0.009993 	 0.018677 	 0.029904
   21 	 0.009750 	 0.019560 	 0.030966
   22 	 0.009069 	 0.020491 	 0.030805
   23 	 0.009025 	 0.020281 	 0.030875
   24 	 0.009981 	 0.021717 	 0.032023
   25 	 0.009967 	 0.022303 	 0.032130
   26 	 0.009630 	 0.021987 	 0.033757
   27 	 0.009670 	 0.021851 	 0.033602
   28 	 0.007491 	 0.023212 	 0.034771
   29 	 0.007504 	 0.025083 	 0.050511
   30 	 0.010019 	 0.028066 	 0.064010
   31 	 0.010090 	 0.029746 	 0.066895
   32 	 0.009391 	 0.033202 	 0.067801
   33 	 0.016122 	 0.037070 	 0.075107
   34 	 0.013656 	 0.039273 	 0.070908
   35 	 0.016910 	 0.041239 	 0.073231
   36 	 0.016762 	 0.047989 	 0.075481
   37 	 0.017183 	 0.049340 	 0.075484
   38 	 0.021849 	 0.053502 	 0.088663
   39 	 0.012963 	 0.054953 	 0.085860
   40 	 0.016789 	 0.062346 	 0.097139
   41 	 0.016484 	 0.064641 	 0.130268
   42 	 0.034731 	 0.067401 	 0.125890
   43 	 0.008673 	 0.071334 	 0.125020
   44 	 0.017267 	 0.076331 	 0.135712
   45 	 0.016408 	 0.077694 	 0.122900
   46 	 0.016427 	 0.081834 	 0.155737
   47 	 0.047185 	 0.088106 	 0.154653
   48 	 0.041405 	 0.092468 	 0.147148
   49 	 0.020245 	 0.092571 	 0.153300
   50 	 0.014374 	 0.095660 	 0.159113
   51 	 0.016378 	 0.101229 	 0.160147
   52 	 0.015709 	 0.106662 	 0.176072
   53 	 0.019343 	 0.110324 	 0.220526
   54 	 0.024132 	 0.114216 	 0.212774
   55 	 0.021281 	 0.117210 	 0.216233
   56 	 0.028380 	 0.129325 	 0.231907
   57 	 0.044382 	 0.133834 	 0.222652
   58 	 0.072129 	 0.142208 	 0.243065
   59 	 0.022375 	 0.144571 	 0.238120
   60 	 0.037382 	 0.146823 	 0.238889
   61 	 0.044196 	 0.154473 	 0.244180
   62 	 0.026141 	 0.157729 	 0.287397
   63 	 0.090050 	 0.174031 	 0.293908
   64 	 0.017001 	 0.170831 	 0.279134
   65 	 0.019704 	 0.182874 	 0.272029
   66 	 0.024485 	 0.184099 	 0.285989
   67 	 0.054803 	 0.207555 	 0.298184
   68 	 0.031241 	 0.206005 	 0.304316
   69 	 0.019540 	 0.213065 	 0.315839
   70 	 0.020770 	 0.217182 	 0.304893
   71 	 0.033069 	 0.222571 	 0.313015
   72 	 0.082750 	 0.235627 	 0.336137
   73 	 0.038894 	 0.226463 	 0.327332
   74 	 0.028866 	 0.225791 	 0.331627
   75 	 0.025434 	 0.223805 	 0.316931
   76 	 0.026653 	 0.234781 	 0.327424
   77 	 0.025577 	 0.233932 	 0.340857
   78 	 0.040459 	 0.241870 	 0.346025
   79 	 0.020867 	 0.246027 	 0.347314
 