   0 	 0.002406 	 0.004501 	 0.011721
    1 	 0.002786 	 0.004794 	 0.009217
    2 	 0.002785 	 0.004814 	 0.009172
    3 	 0.003099 	 0.005176 	 0.010120
    4 	 0.003107 	 0.005333 	 0.009191
    5 	 0.003548 	 0.005863 	 0.012629
    6 	 0.003171 	 0.006474 	 0.012834
    7 	 0.003821 	 0.007289 	 0.014871
    8 	 0.004279 	 0.007445 	 0.011550
    9 	 0.004307 	 0.007831 	 0.013217
   10 	 0.004162 	 0.007938 	 0.013169
   11 	 0.004376 	 0.008635 	 0.014235
   12 	 0.004368 	 0.009178 	 0.015978
   13 	 0.004666 	 0.009332 	 0.018309
   14 	 0.005375 	 0.010023 	 0.018619
   15 	 0.005579 	 0.011261 	 0.024377
   16 	 0.006521 	 0.012754 	 0.029498
   17 	 0.006187 	 0.013460 	 0.030062
   18 	 0.006305 	 0.015912 	 0.035672
   19 	 0.006531 	 0.017465 	 0.036750
   20 	 0.007808 	 0.018691 	 0.032363
   21 	 0.009675 	 0.018809 	 0.032881
   22 	 0.010612 	 0.020071 	 0.042612
   23 	 0.008132 	 0.021788 	 0.037143
   24 	 0.010363 	 0.025064 	 0.044260
   25 	 0.011964 	 0.026636 	 0.045746
   26 	 0.010915 	 0.029326 	 0.052049
   27 	 0.010003 	 0.030503 	 0.051890
   28 	 0.016722 	 0.032804 	 0.051059
   29 	 0.011644 	 0.033962 	 0.055680
   30 	 0.021886 	 0.035463 	 0.059873
   31 	 0.019823 	 0.037744 	 0.057211
   32 	 0.017329 	 0.039858 	 0.069037
   33 	 0.011730 	 0.040513 	 0.059793
   34 	 0.020162 	 0.042054 	 0.066396
   35 	 0.021308 	 0.044191 	 0.076381
   36 	 0.012485 	 0.042474 	 0.091930
   37 	 0.021870 	 0.045702 	 0.092864
   38 	 0.012514 	 0.046395 	 0.089705
   39 	 0.021555 	 0.050587 	 0.086990
   40 	 0.018431 	 0.050894 	 0.090002
   41 	 0.012736 	 0.053819 	 0.111061
   42 	 0.017716 	 0.057379 	 0.120790
   43 	 0.016794 	 0.056007 	 0.115204
   44 	 0.011394 	 0.060861 	 0.121896
   45 	 0.012374 	 0.063819 	 0.122530
   46 	 0.014767 	 0.071432 	 0.122543
   47 	 0.029621 	 0.075560 	 0.114699
   48 	 0.013930 	 0.080783 	 0.118386
   49 	 0.018137 	 0.080519 	 0.125122
   50 	 0.023285 	 0.078775 	 0.115528
   51 	 0.033402 	 0.084142 	 0.115908
   52 	 0.035478 	 0.087831 	 0.118930
   53 	 0.018341 	 0.085789 	 0.118578
   54 	 0.024263 	 0.091722 	 0.120831
   55 	 0.018937 	 0.090187 	 0.121202
   56 	 0.025582 	 0.100736 	 0.149634
   57 	 0.019532 	 0.103562 	 0.151366
   58 	 0.012672 	 0.106195 	 0.146968
   59 	 0.071693 	 0.110880 	 0.147444
   60 	 0.041896 	 0.110469 	 0.155899
   61 	 0.024917 	 0.107577 	 0.152440
   62 	 0.020669 	 0.109171 	 0.154762
   63 	 0.012911 	 0.106948 	 0.161221
   64 	 0.014808 	 0.102862 	 0.162928
   65 	 0.033074 	 0.109520 	 0.169741
   66 	 0.041424 	 0.112056 	 0.159156
   67 	 0.041388 	 0.114740 	 0.166504
   68 	 0.048156 	 0.113875 	 0.168789
   69 	 0.028221 	 0.115974 	 0.169572
   70 	 0.028457 	 0.120659 	 0.176618
   71 	 0.051502 	 0.131087 	 0.181078
   72 	 0.014543 	 0.125925 	 0.175547
   73 	 0.027854 	 0.131939 	 0.206784
   74 	 0.032588 	 0.135580 	 0.200400
   75 	 0.033928 	 0.136442 	 0.204466
   76 	 0.034669 	 0.142535 	 0.193645
   77 	 0.015357 	 0.140012 	 0.227566
   78 	 0.015273 	 0.149633 	 0.199853
   79 	 0.035695 	 0.155069 	 0.216136
 