   0 	 0.002231 	 0.004929 	 0.011448
    1 	 0.003320 	 0.005602 	 0.009166
    2 	 0.003430 	 0.006164 	 0.009390
    3 	 0.003739 	 0.006516 	 0.011202
    4 	 0.003437 	 0.007093 	 0.011250
    5 	 0.003435 	 0.007443 	 0.012122
    6 	 0.003760 	 0.007946 	 0.012925
    7 	 0.004914 	 0.008312 	 0.012774
    8 	 0.005017 	 0.008495 	 0.012806
    9 	 0.004950 	 0.009126 	 0.022215
   10 	 0.005306 	 0.010530 	 0.023025
   11 	 0.004320 	 0.012356 	 0.025056
   12 	 0.005589 	 0.014645 	 0.024701
   13 	 0.007351 	 0.015514 	 0.023729
   14 	 0.007633 	 0.017205 	 0.029097
   15 	 0.009239 	 0.017985 	 0.028843
   16 	 0.008301 	 0.019823 	 0.047598
   17 	 0.011184 	 0.021981 	 0.047110
   18 	 0.010368 	 0.023543 	 0.046336
   19 	 0.011240 	 0.025938 	 0.046090
   20 	 0.012591 	 0.026755 	 0.048065
   21 	 0.014688 	 0.027688 	 0.047619
   22 	 0.012781 	 0.028249 	 0.051897
   23 	 0.008927 	 0.030893 	 0.048155
   24 	 0.016591 	 0.035429 	 0.055007
   25 	 0.016469 	 0.037350 	 0.054024
   26 	 0.011498 	 0.036791 	 0.055171
   27 	 0.018021 	 0.037056 	 0.052589
   28 	 0.020684 	 0.039038 	 0.052164
   29 	 0.023189 	 0.039993 	 0.050809
   30 	 0.017211 	 0.040218 	 0.052012
   31 	 0.016925 	 0.040522 	 0.052512
   32 	 0.017330 	 0.041201 	 0.052264
   33 	 0.018190 	 0.041286 	 0.054673
   34 	 0.018255 	 0.041957 	 0.053844
   35 	 0.016182 	 0.039679 	 0.055458
   36 	 0.016156 	 0.038445 	 0.056636
   37 	 0.009682 	 0.041994 	 0.057503
   38 	 0.018488 	 0.045287 	 0.058850
   39 	 0.022376 	 0.044924 	 0.057946
   40 	 0.024653 	 0.045763 	 0.058018
   41 	 0.026381 	 0.045320 	 0.056132
   42 	 0.017843 	 0.046565 	 0.054985
   43 	 0.018435 	 0.046292 	 0.056691
   44 	 0.027108 	 0.046338 	 0.057580
   45 	 0.026328 	 0.046122 	 0.058138
   46 	 0.016997 	 0.046667 	 0.059700
   47 	 0.023368 	 0.045683 	 0.059612
   48 	 0.023373 	 0.046267 	 0.060026
   49 	 0.015551 	 0.046350 	 0.059073
   50 	 0.018522 	 0.046633 	 0.056934
   51 	 0.018269 	 0.047087 	 0.057572
   52 	 0.013556 	 0.047277 	 0.058464
   53 	 0.024346 	 0.047543 	 0.058889
   54 	 0.012480 	 0.047418 	 0.060612
   55 	 0.012397 	 0.048034 	 0.057519
   56 	 0.026303 	 0.049451 	 0.057626
   57 	 0.028147 	 0.049317 	 0.058602
   58 	 0.013349 	 0.047390 	 0.058114
   59 	 0.010531 	 0.048270 	 0.063560
   60 	 0.014258 	 0.050527 	 0.067420
   61 	 0.041215 	 0.052181 	 0.072266
   62 	 0.024476 	 0.052395 	 0.077786
   63 	 0.013640 	 0.053104 	 0.077379
   64 	 0.013458 	 0.053782 	 0.079600
   65 	 0.014991 	 0.054678 	 0.072773
   66 	 0.014990 	 0.053135 	 0.075814
   67 	 0.019593 	 0.052958 	 0.077058
   68 	 0.018555 	 0.056503 	 0.084043
   69 	 0.018644 	 0.054437 	 0.074105
   70 	 0.023590 	 0.055151 	 0.087358
   71 	 0.024135 	 0.056056 	 0.086678
   72 	 0.014854 	 0.055796 	 0.085713
   73 	 0.018104 	 0.056870 	 0.089277
   74 	 0.029111 	 0.058210 	 0.086463
   75 	 0.026279 	 0.057258 	 0.088636
   76 	 0.018808 	 0.061240 	 0.086762
   77 	 0.028453 	 0.065459 	 0.086361
   78 	 0.028490 	 0.066047 	 0.099514
   79 	 0.021288 	 0.068727 	 0.099034
 