   0 	 0.002829 	 0.004835 	 0.009378
    1 	 0.002833 	 0.005054 	 0.010891
    2 	 0.002481 	 0.005474 	 0.010831
    3 	 0.003067 	 0.005790 	 0.010463
    4 	 0.003453 	 0.006189 	 0.010603
    5 	 0.003405 	 0.006553 	 0.010310
    6 	 0.004107 	 0.006985 	 0.016363
    7 	 0.004702 	 0.007609 	 0.016827
    8 	 0.004607 	 0.008373 	 0.016813
    9 	 0.005148 	 0.010434 	 0.020882
   10 	 0.005597 	 0.012125 	 0.020980
   11 	 0.004759 	 0.014585 	 0.024719
   12 	 0.004765 	 0.015561 	 0.028427
   13 	 0.005995 	 0.017317 	 0.038538
   14 	 0.007309 	 0.019869 	 0.040119
   15 	 0.009152 	 0.023835 	 0.051584
   16 	 0.010053 	 0.027205 	 0.062573
   17 	 0.010052 	 0.031618 	 0.055459
   18 	 0.008922 	 0.032070 	 0.059366
   19 	 0.014471 	 0.033969 	 0.049336
   20 	 0.010189 	 0.034924 	 0.045467
   21 	 0.016982 	 0.035566 	 0.044917
   22 	 0.015678 	 0.036641 	 0.054244
   23 	 0.018641 	 0.037656 	 0.056760
   24 	 0.010338 	 0.037537 	 0.058356
   25 	 0.014705 	 0.039247 	 0.058179
   26 	 0.017715 	 0.037916 	 0.071954
   27 	 0.017418 	 0.041827 	 0.075248
   28 	 0.011135 	 0.044249 	 0.096491
   29 	 0.016724 	 0.046299 	 0.079846
   30 	 0.019415 	 0.045205 	 0.083513
   31 	 0.025412 	 0.050993 	 0.086004
   32 	 0.025663 	 0.055388 	 0.118785
   33 	 0.027357 	 0.059129 	 0.123159
   34 	 0.029757 	 0.065137 	 0.118438
   35 	 0.019404 	 0.071000 	 0.127018
   36 	 0.011115 	 0.077335 	 0.127897
   37 	 0.035442 	 0.089375 	 0.122680
   38 	 0.034296 	 0.095922 	 0.128534
   39 	 0.024754 	 0.094057 	 0.126295
   40 	 0.023179 	 0.099917 	 0.129399
   41 	 0.018481 	 0.101147 	 0.125819
   42 	 0.064461 	 0.107073 	 0.129197
   43 	 0.019329 	 0.103562 	 0.126264
   44 	 0.021566 	 0.101449 	 0.128670
   45 	 0.018228 	 0.100599 	 0.126097
   46 	 0.023909 	 0.105321 	 0.125660
   47 	 0.024022 	 0.105402 	 0.138578
   48 	 0.021242 	 0.105990 	 0.139310
   49 	 0.021182 	 0.108755 	 0.154673
   50 	 0.017254 	 0.107697 	 0.151253
   51 	 0.017372 	 0.110905 	 0.151745
   52 	 0.035828 	 0.115983 	 0.147885
   53 	 0.027553 	 0.113570 	 0.150307
   54 	 0.030871 	 0.115278 	 0.151670
   55 	 0.014976 	 0.109522 	 0.156345
   56 	 0.021649 	 0.113925 	 0.164415
   57 	 0.044052 	 0.119570 	 0.151022
   58 	 0.037800 	 0.121914 	 0.191159
   59 	 0.035528 	 0.120709 	 0.154908
   60 	 0.041752 	 0.124963 	 0.174782
   61 	 0.024121 	 0.123150 	 0.166609
   62 	 0.042377 	 0.125303 	 0.177452
   63 	 0.019929 	 0.122169 	 0.189920
   64 	 0.024155 	 0.123825 	 0.184707
   65 	 0.029648 	 0.121169 	 0.210301
   66 	 0.073790 	 0.131556 	 0.192819
   67 	 0.020708 	 0.127192 	 0.199238
   68 	 0.021021 	 0.130619 	 0.223639
   69 	 0.042969 	 0.138077 	 0.205462
   70 	 0.042294 	 0.136750 	 0.226498
   71 	 0.043139 	 0.147135 	 0.225732
   72 	 0.039239 	 0.147401 	 0.220141
   73 	 0.081760 	 0.151335 	 0.209342
   74 	 0.082608 	 0.154321 	 0.216267
   75 	 0.019841 	 0.148259 	 0.221330
   76 	 0.019718 	 0.149878 	 0.217662
   77 	 0.019514 	 0.149492 	 0.212897
   78 	 0.040649 	 0.155152 	 0.229089
   79 	 0.019564 	 0.154530 	 0.249331
 