   0 	 0.002458 	 0.004946 	 0.010471
    1 	 0.002360 	 0.004744 	 0.010541
    2 	 0.002764 	 0.005221 	 0.012056
    3 	 0.002134 	 0.006135 	 0.014956
    4 	 0.002144 	 0.007024 	 0.021456
    5 	 0.003473 	 0.006908 	 0.013395
    6 	 0.003769 	 0.007956 	 0.017066
    7 	 0.004127 	 0.008741 	 0.021229
    8 	 0.005265 	 0.009724 	 0.021142
    9 	 0.004915 	 0.010477 	 0.021344
   10 	 0.004950 	 0.011772 	 0.022032
   11 	 0.005789 	 0.012733 	 0.021433
   12 	 0.005599 	 0.014095 	 0.024170
   13 	 0.006849 	 0.015928 	 0.025702
   14 	 0.009967 	 0.017664 	 0.033629
   15 	 0.008203 	 0.018768 	 0.033443
   16 	 0.009149 	 0.019353 	 0.031966
   17 	 0.007039 	 0.020449 	 0.032345
   18 	 0.009209 	 0.022451 	 0.033253
   19 	 0.010091 	 0.024071 	 0.036878
   20 	 0.011183 	 0.025202 	 0.036689
   21 	 0.012758 	 0.026489 	 0.036693
   22 	 0.013817 	 0.026375 	 0.047965
   23 	 0.013773 	 0.025881 	 0.053783
   24 	 0.012272 	 0.028157 	 0.060306
   25 	 0.010722 	 0.030353 	 0.061392
   26 	 0.010539 	 0.033600 	 0.062425
   27 	 0.010475 	 0.035005 	 0.062761
   28 	 0.011623 	 0.036943 	 0.065001
   29 	 0.013130 	 0.038786 	 0.063958
   30 	 0.019140 	 0.043196 	 0.064737
   31 	 0.014608 	 0.044016 	 0.064536
   32 	 0.012390 	 0.051298 	 0.066166
   33 	 0.012391 	 0.052808 	 0.071856
   34 	 0.012480 	 0.052259 	 0.064635
   35 	 0.027442 	 0.052908 	 0.074661
   36 	 0.021911 	 0.054306 	 0.075286
   37 	 0.010935 	 0.054209 	 0.079704
   38 	 0.010562 	 0.052897 	 0.093997
   39 	 0.012424 	 0.057198 	 0.083959
   40 	 0.011679 	 0.054958 	 0.089396
   41 	 0.027877 	 0.058944 	 0.085666
   42 	 0.018547 	 0.054852 	 0.081552
   43 	 0.030365 	 0.057231 	 0.078640
   44 	 0.024025 	 0.056915 	 0.080339
   45 	 0.023347 	 0.057133 	 0.086250
   46 	 0.022462 	 0.056546 	 0.082654
   47 	 0.016789 	 0.058039 	 0.081441
   48 	 0.010895 	 0.058602 	 0.080394
   49 	 0.016824 	 0.060371 	 0.081628
   50 	 0.017796 	 0.062817 	 0.087169
   51 	 0.037165 	 0.065335 	 0.089020
   52 	 0.032889 	 0.066512 	 0.087497
   53 	 0.016469 	 0.067388 	 0.088287
   54 	 0.009074 	 0.067208 	 0.088917
   55 	 0.028199 	 0.070298 	 0.087407
   56 	 0.019881 	 0.073454 	 0.094565
   57 	 0.016714 	 0.073011 	 0.089161
   58 	 0.027111 	 0.071902 	 0.090290
   59 	 0.011738 	 0.070741 	 0.085151
   60 	 0.011013 	 0.070286 	 0.088077
   61 	 0.020972 	 0.074688 	 0.090697
   62 	 0.021173 	 0.075660 	 0.090095
   63 	 0.020806 	 0.076277 	 0.095450
   64 	 0.020713 	 0.074027 	 0.092813
   65 	 0.017195 	 0.074190 	 0.096515
   66 	 0.038365 	 0.075844 	 0.104061
   67 	 0.026824 	 0.074740 	 0.102449
   68 	 0.034168 	 0.074845 	 0.099561
   69 	 0.020534 	 0.077603 	 0.106395
   70 	 0.013267 	 0.077474 	 0.107412
   71 	 0.022756 	 0.079641 	 0.105644
   72 	 0.013030 	 0.079471 	 0.127454
   73 	 0.028868 	 0.077632 	 0.118813
   74 	 0.028202 	 0.080252 	 0.139375
   75 	 0.047437 	 0.083109 	 0.116749
   76 	 0.043581 	 0.083788 	 0.120492
   77 	 0.027893 	 0.079949 	 0.105495
   78 	 0.026645 	 0.081260 	 0.114184
   79 	 0.025378 	 0.080596 	 0.120083
 