   0 	 0.002664 	 0.004328 	 0.007875
    1 	 0.002607 	 0.004540 	 0.007883
    2 	 0.002688 	 0.004648 	 0.009233
    3 	 0.002688 	 0.005258 	 0.009541
    4 	 0.003102 	 0.005899 	 0.011106
    5 	 0.003773 	 0.006622 	 0.011284
    6 	 0.002900 	 0.006564 	 0.010498
    7 	 0.002900 	 0.006898 	 0.012214
    8 	 0.003524 	 0.007239 	 0.011783
    9 	 0.003111 	 0.007631 	 0.015494
   10 	 0.005095 	 0.008262 	 0.015571
   11 	 0.004016 	 0.008503 	 0.016477
   12 	 0.004013 	 0.009249 	 0.018131
   13 	 0.003973 	 0.010245 	 0.028501
   14 	 0.004032 	 0.010708 	 0.019278
   15 	 0.004169 	 0.013023 	 0.033976
   16 	 0.005557 	 0.015577 	 0.034515
   17 	 0.006201 	 0.017234 	 0.034089
   18 	 0.008468 	 0.022132 	 0.044590
   19 	 0.010219 	 0.025036 	 0.051561
   20 	 0.013473 	 0.029176 	 0.051782
   21 	 0.013461 	 0.031012 	 0.052082
   22 	 0.012411 	 0.033444 	 0.052356
   23 	 0.015980 	 0.034970 	 0.052186
   24 	 0.012076 	 0.036449 	 0.052251
   25 	 0.009665 	 0.039087 	 0.057999
   26 	 0.009674 	 0.039627 	 0.069330
   27 	 0.016861 	 0.042970 	 0.089160
   28 	 0.017647 	 0.039859 	 0.077762
   29 	 0.016506 	 0.044075 	 0.076504
   30 	 0.021190 	 0.048088 	 0.082769
   31 	 0.031418 	 0.054306 	 0.096532
   32 	 0.019108 	 0.060333 	 0.095146
   33 	 0.027739 	 0.062735 	 0.084927
   34 	 0.020074 	 0.064295 	 0.086593
   35 	 0.012086 	 0.066004 	 0.086522
   36 	 0.014065 	 0.065587 	 0.085868
   37 	 0.014256 	 0.066893 	 0.117495
   38 	 0.028811 	 0.068835 	 0.106050
   39 	 0.027819 	 0.070258 	 0.107509
   40 	 0.011112 	 0.069660 	 0.112648
   41 	 0.017538 	 0.069753 	 0.096454
   42 	 0.035173 	 0.071277 	 0.109232
   43 	 0.015118 	 0.071599 	 0.109442
   44 	 0.017376 	 0.075477 	 0.114376
   45 	 0.010981 	 0.080614 	 0.113376
   46 	 0.037834 	 0.086678 	 0.143213
   47 	 0.025901 	 0.089429 	 0.167533
   48 	 0.015975 	 0.091144 	 0.170678
   49 	 0.031342 	 0.093085 	 0.183279
   50 	 0.028318 	 0.097735 	 0.184319
   51 	 0.014697 	 0.109691 	 0.222947
   52 	 0.015152 	 0.120608 	 0.215416
   53 	 0.034951 	 0.133955 	 0.243440
   54 	 0.023371 	 0.146668 	 0.246152
   55 	 0.032431 	 0.157288 	 0.265947
   56 	 0.033314 	 0.161517 	 0.248750
   57 	 0.097083 	 0.178863 	 0.249707
   58 	 0.042201 	 0.171971 	 0.242303
   59 	 0.053755 	 0.173674 	 0.241979
   60 	 0.051420 	 0.179228 	 0.241374
   61 	 0.050814 	 0.178836 	 0.249534
   62 	 0.044795 	 0.178067 	 0.241205
   63 	 0.016214 	 0.183074 	 0.248839
   64 	 0.050139 	 0.188136 	 0.259219
   65 	 0.026717 	 0.186603 	 0.260376
   66 	 0.047409 	 0.198363 	 0.265881
   67 	 0.019168 	 0.194452 	 0.290397
   68 	 0.016646 	 0.193225 	 0.285533
   69 	 0.019739 	 0.198346 	 0.309068
   70 	 0.019612 	 0.205131 	 0.285747
   71 	 0.012044 	 0.216771 	 0.284275
   72 	 0.069793 	 0.223186 	 0.326940
   73 	 0.012294 	 0.210327 	 0.287641
   74 	 0.063529 	 0.214455 	 0.340727
   75 	 0.029158 	 0.220372 	 0.334024
   76 	 0.029885 	 0.238197 	 0.323137
   77 	 0.048857 	 0.240185 	 0.335759
   78 	 0.016699 	 0.230267 	 0.323478
   79 	 0.036174 	 0.224427 	 0.320458
 