   0 	 0.001916 	 0.004553 	 0.009682
    1 	 0.001912 	 0.004911 	 0.010704
    2 	 0.002598 	 0.005346 	 0.010669
    3 	 0.003201 	 0.006420 	 0.013100
    4 	 0.003205 	 0.006869 	 0.013231
    5 	 0.002903 	 0.008033 	 0.013168
    6 	 0.002905 	 0.008675 	 0.017518
    7 	 0.005375 	 0.009229 	 0.017376
    8 	 0.006109 	 0.009961 	 0.017587
    9 	 0.006113 	 0.010890 	 0.017469
   10 	 0.005845 	 0.011178 	 0.017742
   11 	 0.007157 	 0.011738 	 0.019825
   12 	 0.007307 	 0.012640 	 0.020659
   13 	 0.007294 	 0.013191 	 0.022214
   14 	 0.007400 	 0.014023 	 0.028447
   15 	 0.007439 	 0.014406 	 0.028654
   16 	 0.007663 	 0.014822 	 0.022914
   17 	 0.007175 	 0.014977 	 0.028533
   18 	 0.007658 	 0.015607 	 0.031197
   19 	 0.007343 	 0.015277 	 0.031712
   20 	 0.007442 	 0.016113 	 0.033827
   21 	 0.009708 	 0.017577 	 0.040687
   22 	 0.009687 	 0.020932 	 0.041030
   23 	 0.011342 	 0.022170 	 0.040189
   24 	 0.011141 	 0.022519 	 0.044600
   25 	 0.009139 	 0.022912 	 0.051496
   26 	 0.008461 	 0.025765 	 0.061038
   27 	 0.011400 	 0.029193 	 0.062058
   28 	 0.011069 	 0.030020 	 0.059297
   29 	 0.010188 	 0.029388 	 0.061789
   30 	 0.011977 	 0.032318 	 0.060928
   31 	 0.014753 	 0.034212 	 0.062261
   32 	 0.010000 	 0.037987 	 0.064813
   33 	 0.020043 	 0.042148 	 0.064440
   34 	 0.020841 	 0.046368 	 0.067212
   35 	 0.010402 	 0.047858 	 0.068262
   36 	 0.023504 	 0.052556 	 0.066008
   37 	 0.026939 	 0.056064 	 0.065297
   38 	 0.020759 	 0.054477 	 0.072135
   39 	 0.013144 	 0.053095 	 0.072790
   40 	 0.024086 	 0.054455 	 0.066693
   41 	 0.018979 	 0.056136 	 0.068640
   42 	 0.026697 	 0.057219 	 0.066838
   43 	 0.026880 	 0.058247 	 0.066914
   44 	 0.033492 	 0.058719 	 0.066275
   45 	 0.031020 	 0.059655 	 0.067412
   46 	 0.020651 	 0.057676 	 0.067650
   47 	 0.045508 	 0.058475 	 0.064458
   48 	 0.020107 	 0.057464 	 0.068662
   49 	 0.013775 	 0.054088 	 0.067555
   50 	 0.019699 	 0.057373 	 0.071397
   51 	 0.016720 	 0.057481 	 0.071520
   52 	 0.028771 	 0.059425 	 0.071581
   53 	 0.028247 	 0.058163 	 0.070787
   54 	 0.027950 	 0.057273 	 0.069253
   55 	 0.028989 	 0.058497 	 0.074004
   56 	 0.026832 	 0.058616 	 0.074060
   57 	 0.026479 	 0.056842 	 0.077170
   58 	 0.031737 	 0.059159 	 0.074181
   59 	 0.025511 	 0.059131 	 0.071525
   60 	 0.031204 	 0.060542 	 0.070253
   61 	 0.020574 	 0.059053 	 0.075744
   62 	 0.024117 	 0.059357 	 0.073548
   63 	 0.015253 	 0.058344 	 0.074808
   64 	 0.026144 	 0.059952 	 0.073064
   65 	 0.028216 	 0.059028 	 0.074668
   66 	 0.028780 	 0.060145 	 0.073978
   67 	 0.030433 	 0.059698 	 0.076982
   68 	 0.029932 	 0.060501 	 0.074949
   69 	 0.039607 	 0.062430 	 0.075564
   70 	 0.019769 	 0.062016 	 0.085914
   71 	 0.024653 	 0.062913 	 0.088594
   72 	 0.029712 	 0.062967 	 0.090058
   73 	 0.029235 	 0.064313 	 0.091463
   74 	 0.015974 	 0.063864 	 0.090673
   75 	 0.013345 	 0.063588 	 0.084095
   76 	 0.015964 	 0.065986 	 0.087309
   77 	 0.031429 	 0.069065 	 0.092645
   78 	 0.025442 	 0.067291 	 0.090968
   79 	 0.034981 	 0.067661 	 0.087654
 