   0 	 0.002940 	 0.004870 	 0.009240
    1 	 0.003361 	 0.005298 	 0.008362
    2 	 0.003106 	 0.005487 	 0.008398
    3 	 0.002848 	 0.005889 	 0.017328
    4 	 0.003753 	 0.007342 	 0.017487
    5 	 0.003485 	 0.009104 	 0.021646
    6 	 0.003606 	 0.010571 	 0.022073
    7 	 0.004030 	 0.012886 	 0.022529
    8 	 0.004017 	 0.013971 	 0.022991
    9 	 0.006027 	 0.014834 	 0.025238
   10 	 0.006425 	 0.015618 	 0.025280
   11 	 0.006416 	 0.015683 	 0.026322
   12 	 0.007380 	 0.015933 	 0.025047
   13 	 0.008123 	 0.016407 	 0.027306
   14 	 0.007335 	 0.016379 	 0.023793
   15 	 0.007923 	 0.017189 	 0.025180
   16 	 0.010210 	 0.017338 	 0.028250
   17 	 0.010255 	 0.017836 	 0.029696
   18 	 0.012044 	 0.019722 	 0.033276
   19 	 0.011365 	 0.020560 	 0.032757
   20 	 0.011953 	 0.021598 	 0.032626
   21 	 0.012064 	 0.022198 	 0.042095
   22 	 0.010856 	 0.022819 	 0.040488
   23 	 0.015321 	 0.024734 	 0.046792
   24 	 0.014583 	 0.025683 	 0.046784
   25 	 0.014872 	 0.027401 	 0.047055
   26 	 0.016124 	 0.028619 	 0.080279
   27 	 0.014582 	 0.029660 	 0.084665
   28 	 0.017286 	 0.036236 	 0.096378
   29 	 0.013261 	 0.043566 	 0.084576
   30 	 0.010160 	 0.053187 	 0.085638
   31 	 0.021404 	 0.060170 	 0.095631
   32 	 0.021906 	 0.066490 	 0.096800
   33 	 0.021908 	 0.066655 	 0.099147
   34 	 0.021657 	 0.067389 	 0.101040
   35 	 0.017529 	 0.070948 	 0.109454
   36 	 0.023884 	 0.074843 	 0.122835
   37 	 0.043737 	 0.077782 	 0.121849
   38 	 0.020856 	 0.077166 	 0.114203
   39 	 0.019508 	 0.078992 	 0.108110
   40 	 0.043329 	 0.083337 	 0.108945
   41 	 0.024141 	 0.083449 	 0.108909
   42 	 0.029113 	 0.085576 	 0.115100
   43 	 0.035714 	 0.086879 	 0.119693
   44 	 0.031961 	 0.088419 	 0.117926
   45 	 0.031616 	 0.090238 	 0.148533
   46 	 0.035514 	 0.091651 	 0.128886
   47 	 0.043179 	 0.093983 	 0.131113
   48 	 0.035447 	 0.095466 	 0.127745
   49 	 0.034405 	 0.093974 	 0.119939
   50 	 0.042453 	 0.097275 	 0.127549
   51 	 0.042165 	 0.099696 	 0.129182
   52 	 0.049015 	 0.100611 	 0.136526
   53 	 0.024471 	 0.098458 	 0.145795
   54 	 0.031713 	 0.105076 	 0.141078
   55 	 0.029826 	 0.101189 	 0.136240
   56 	 0.025466 	 0.103920 	 0.141466
   57 	 0.030182 	 0.106164 	 0.142577
   58 	 0.048020 	 0.109222 	 0.147398
   59 	 0.034012 	 0.107684 	 0.148640
   60 	 0.015778 	 0.110152 	 0.149907
   61 	 0.038161 	 0.110825 	 0.157818
   62 	 0.037864 	 0.115655 	 0.151179
   63 	 0.055755 	 0.118281 	 0.157248
   64 	 0.040850 	 0.120957 	 0.159779
   65 	 0.034920 	 0.122700 	 0.172291
   66 	 0.027394 	 0.118029 	 0.171809
   67 	 0.016103 	 0.115507 	 0.161734
   68 	 0.026619 	 0.122493 	 0.161447
   69 	 0.026276 	 0.115294 	 0.173509
   70 	 0.027505 	 0.119261 	 0.184974
   71 	 0.023128 	 0.128192 	 0.175423
   72 	 0.018143 	 0.126262 	 0.176682
   73 	 0.050750 	 0.128709 	 0.187608
   74 	 0.073904 	 0.129035 	 0.189290
   75 	 0.035732 	 0.133551 	 0.192966
   76 	 0.055541 	 0.140755 	 0.189447
   77 	 0.086252 	 0.143359 	 0.185353
   78 	 0.034282 	 0.141127 	 0.199770
   79 	 0.102360 	 0.145688 	 0.180456
 