   0 	 0.002213 	 0.004768 	 0.010181
    1 	 0.002375 	 0.005163 	 0.012939
    2 	 0.002820 	 0.005161 	 0.012743
    3 	 0.002772 	 0.005944 	 0.011836
    4 	 0.003170 	 0.007101 	 0.014507
    5 	 0.003332 	 0.008495 	 0.013928
    6 	 0.004256 	 0.009578 	 0.018320
    7 	 0.004119 	 0.009993 	 0.015397
    8 	 0.004125 	 0.010449 	 0.019486
    9 	 0.004122 	 0.011221 	 0.022774
   10 	 0.004087 	 0.012007 	 0.029055
   11 	 0.005299 	 0.013157 	 0.028453
   12 	 0.006845 	 0.013706 	 0.024383
   13 	 0.007326 	 0.014504 	 0.024373
   14 	 0.007582 	 0.015488 	 0.024520
   15 	 0.008443 	 0.017424 	 0.037609
   16 	 0.008317 	 0.018473 	 0.036983
   17 	 0.008438 	 0.021061 	 0.044561
   18 	 0.010345 	 0.023845 	 0.041235
   19 	 0.013106 	 0.025794 	 0.039810
   20 	 0.015798 	 0.027187 	 0.043600
   21 	 0.010983 	 0.027081 	 0.042660
   22 	 0.012041 	 0.027563 	 0.043711
   23 	 0.013022 	 0.029299 	 0.041648
   24 	 0.009781 	 0.031815 	 0.053036
   25 	 0.009304 	 0.031132 	 0.051175
   26 	 0.009131 	 0.031518 	 0.055708
   27 	 0.008717 	 0.033123 	 0.056473
   28 	 0.014602 	 0.034158 	 0.059097
   29 	 0.011945 	 0.036638 	 0.059461
   30 	 0.012857 	 0.042850 	 0.080463
   31 	 0.014085 	 0.043678 	 0.075450
   32 	 0.013097 	 0.045653 	 0.074965
   33 	 0.024168 	 0.049962 	 0.080385
   34 	 0.014899 	 0.052556 	 0.138905
   35 	 0.020939 	 0.058498 	 0.148769
   36 	 0.020917 	 0.065123 	 0.148437
   37 	 0.015677 	 0.074496 	 0.150212
   38 	 0.015760 	 0.088390 	 0.177573
   39 	 0.016180 	 0.095473 	 0.193865
   40 	 0.041001 	 0.101970 	 0.210073
   41 	 0.016174 	 0.105873 	 0.187075
   42 	 0.021237 	 0.114337 	 0.194954
   43 	 0.016739 	 0.103454 	 0.187551
   44 	 0.028465 	 0.109117 	 0.219349
   45 	 0.031695 	 0.115619 	 0.202988
   46 	 0.039479 	 0.120836 	 0.200837
   47 	 0.057450 	 0.129279 	 0.201251
   48 	 0.026592 	 0.126924 	 0.206471
   49 	 0.020693 	 0.130612 	 0.202140
   50 	 0.015802 	 0.133722 	 0.209971
   51 	 0.021588 	 0.138462 	 0.229624
   52 	 0.012399 	 0.125247 	 0.206420
   53 	 0.016242 	 0.137034 	 0.201758
   54 	 0.029187 	 0.150448 	 0.212485
   55 	 0.014163 	 0.141038 	 0.228380
   56 	 0.030851 	 0.151459 	 0.221949
   57 	 0.034457 	 0.160085 	 0.223869
   58 	 0.031034 	 0.156286 	 0.218868
   59 	 0.030828 	 0.150961 	 0.221247
   60 	 0.016128 	 0.154415 	 0.218560
   61 	 0.016913 	 0.155666 	 0.263787
   62 	 0.016039 	 0.163747 	 0.242248
   63 	 0.037168 	 0.172109 	 0.258646
   64 	 0.040990 	 0.176856 	 0.240376
   65 	 0.016641 	 0.161273 	 0.251384
   66 	 0.017772 	 0.174364 	 0.270022
   67 	 0.072518 	 0.185594 	 0.273797
   68 	 0.016249 	 0.185175 	 0.254591
   69 	 0.017825 	 0.190906 	 0.265015
   70 	 0.017018 	 0.186913 	 0.265269
   71 	 0.028981 	 0.206054 	 0.312316
   72 	 0.017426 	 0.190547 	 0.260708
   73 	 0.033697 	 0.207462 	 0.310803
   74 	 0.019341 	 0.211501 	 0.306130
   75 	 0.017895 	 0.206240 	 0.314652
   76 	 0.043731 	 0.212515 	 0.328151
   77 	 0.056464 	 0.214914 	 0.307846
   78 	 0.031300 	 0.223807 	 0.312281
   79 	 0.036195 	 0.224062 	 0.330738
 