   0 	 0.001873 	 0.004380 	 0.011052
    1 	 0.002921 	 0.004927 	 0.011531
    2 	 0.002454 	 0.005260 	 0.011437
    3 	 0.003073 	 0.006063 	 0.013199
    4 	 0.003409 	 0.005982 	 0.010943
    5 	 0.003414 	 0.006383 	 0.011163
    6 	 0.003774 	 0.006518 	 0.011546
    7 	 0.003938 	 0.006978 	 0.012803
    8 	 0.004153 	 0.007351 	 0.016753
    9 	 0.004275 	 0.007966 	 0.017617
   10 	 0.004035 	 0.008820 	 0.027143
   11 	 0.005433 	 0.010221 	 0.029493
   12 	 0.005190 	 0.011790 	 0.027660
   13 	 0.006180 	 0.014293 	 0.029061
   14 	 0.007544 	 0.016677 	 0.034112
   15 	 0.007618 	 0.018752 	 0.031941
   16 	 0.007614 	 0.020716 	 0.031062
   17 	 0.007635 	 0.023481 	 0.034813
   18 	 0.008163 	 0.023572 	 0.034833
   19 	 0.011485 	 0.022366 	 0.034003
   20 	 0.010553 	 0.022158 	 0.035196
   21 	 0.010939 	 0.024009 	 0.036505
   22 	 0.012200 	 0.026652 	 0.039097
   23 	 0.011639 	 0.028072 	 0.043777
   24 	 0.012264 	 0.028713 	 0.042744
   25 	 0.013490 	 0.028912 	 0.038559
   26 	 0.011973 	 0.027025 	 0.042230
   27 	 0.012168 	 0.029131 	 0.060252
   28 	 0.011522 	 0.028787 	 0.044329
   29 	 0.011196 	 0.029634 	 0.045031
   30 	 0.011408 	 0.031901 	 0.051579
   31 	 0.016652 	 0.034014 	 0.046397
   32 	 0.010386 	 0.033557 	 0.047662
   33 	 0.010213 	 0.032509 	 0.048788
   34 	 0.010490 	 0.034393 	 0.053358
   35 	 0.013798 	 0.035959 	 0.054795
   36 	 0.014952 	 0.037908 	 0.054802
   37 	 0.012646 	 0.039965 	 0.069952
   38 	 0.017949 	 0.044176 	 0.075848
   39 	 0.017945 	 0.048215 	 0.079982
   40 	 0.018800 	 0.052982 	 0.082948
   41 	 0.016458 	 0.051448 	 0.077591
   42 	 0.016443 	 0.051115 	 0.077391
   43 	 0.019469 	 0.054461 	 0.090066
   44 	 0.017118 	 0.058441 	 0.089709
   45 	 0.016405 	 0.066030 	 0.168725
   46 	 0.017043 	 0.071488 	 0.167222
   47 	 0.016426 	 0.079336 	 0.169037
   48 	 0.028880 	 0.101764 	 0.181881
   49 	 0.021253 	 0.107112 	 0.201102
   50 	 0.019252 	 0.119582 	 0.192704
   51 	 0.019335 	 0.125894 	 0.198354
   52 	 0.017701 	 0.132872 	 0.190285
   53 	 0.026689 	 0.142550 	 0.240301
   54 	 0.024581 	 0.141934 	 0.281384
   55 	 0.048860 	 0.145220 	 0.282365
   56 	 0.028236 	 0.156945 	 0.281064
   57 	 0.050763 	 0.166145 	 0.268602
   58 	 0.024311 	 0.177059 	 0.268478
   59 	 0.012524 	 0.178682 	 0.283979
   60 	 0.022751 	 0.181604 	 0.283664
   61 	 0.035928 	 0.200508 	 0.290416
   62 	 0.025348 	 0.212778 	 0.299995
   63 	 0.135904 	 0.236134 	 0.297827
   64 	 0.038704 	 0.230702 	 0.293076
   65 	 0.035032 	 0.239679 	 0.302296
   66 	 0.018518 	 0.242935 	 0.311379
   67 	 0.034623 	 0.240635 	 0.300932
   68 	 0.016010 	 0.235737 	 0.306179
   69 	 0.032925 	 0.232495 	 0.298776
   70 	 0.033862 	 0.231295 	 0.307366
   71 	 0.025285 	 0.230830 	 0.297162
   72 	 0.022258 	 0.219084 	 0.301485
   73 	 0.025719 	 0.221155 	 0.300366
   74 	 0.021950 	 0.229703 	 0.301467
   75 	 0.017723 	 0.245490 	 0.305422
   76 	 0.038025 	 0.228146 	 0.303856
   77 	 0.093821 	 0.242431 	 0.316526
   78 	 0.034949 	 0.244510 	 0.319933
   79 	 0.028594 	 0.236703 	 0.316933
 