   0 	 0.002647 	 0.004687 	 0.009255
    1 	 0.002710 	 0.005237 	 0.010400
    2 	 0.002949 	 0.005956 	 0.010647
    3 	 0.003059 	 0.006515 	 0.012357
    4 	 0.003063 	 0.007051 	 0.012564
    5 	 0.004128 	 0.007827 	 0.014104
    6 	 0.004065 	 0.008881 	 0.018598
    7 	 0.005231 	 0.010058 	 0.018424
    8 	 0.005368 	 0.010069 	 0.018392
    9 	 0.004646 	 0.010685 	 0.018698
   10 	 0.004298 	 0.010661 	 0.015224
   11 	 0.005948 	 0.011030 	 0.017579
   12 	 0.006022 	 0.011550 	 0.017714
   13 	 0.006002 	 0.011850 	 0.021249
   14 	 0.005987 	 0.012080 	 0.017652
   15 	 0.006143 	 0.012634 	 0.033760
   16 	 0.006382 	 0.013151 	 0.033062
   17 	 0.006623 	 0.013691 	 0.033491
   18 	 0.006558 	 0.014299 	 0.032934
   19 	 0.007582 	 0.015305 	 0.033040
   20 	 0.009761 	 0.015286 	 0.027761
   21 	 0.010056 	 0.016221 	 0.028032
   22 	 0.009314 	 0.017303 	 0.028845
   23 	 0.008928 	 0.019011 	 0.030972
   24 	 0.010354 	 0.019666 	 0.037093
   25 	 0.011629 	 0.020826 	 0.036829
   26 	 0.010351 	 0.020788 	 0.036634
   27 	 0.011129 	 0.021282 	 0.043963
   28 	 0.014522 	 0.023327 	 0.042119
   29 	 0.012616 	 0.022998 	 0.042293
   30 	 0.012536 	 0.023643 	 0.045995
   31 	 0.012385 	 0.026300 	 0.059524
   32 	 0.010770 	 0.028890 	 0.057811
   33 	 0.010580 	 0.030106 	 0.059479
   34 	 0.010696 	 0.033634 	 0.061357
   35 	 0.009889 	 0.037001 	 0.062453
   36 	 0.021832 	 0.042418 	 0.062976
   37 	 0.012470 	 0.045934 	 0.101937
   38 	 0.013115 	 0.044684 	 0.062584
   39 	 0.013102 	 0.046836 	 0.083731
   40 	 0.023388 	 0.051158 	 0.100183
   41 	 0.024162 	 0.055490 	 0.110443
   42 	 0.013248 	 0.058404 	 0.109154
   43 	 0.021037 	 0.064923 	 0.106037
   44 	 0.015926 	 0.065085 	 0.121551
   45 	 0.025968 	 0.077404 	 0.130903
   46 	 0.016340 	 0.076949 	 0.134631
   47 	 0.019294 	 0.083253 	 0.134327
   48 	 0.028538 	 0.083931 	 0.135878
   49 	 0.015587 	 0.084357 	 0.124459
   50 	 0.026554 	 0.087487 	 0.119961
   51 	 0.029568 	 0.092657 	 0.123792
   52 	 0.025468 	 0.094101 	 0.123069
   53 	 0.015846 	 0.095873 	 0.165383
   54 	 0.026861 	 0.099749 	 0.151140
   55 	 0.022071 	 0.101837 	 0.135180
   56 	 0.022908 	 0.102683 	 0.130923
   57 	 0.032098 	 0.101054 	 0.151683
   58 	 0.019904 	 0.104643 	 0.158657
   59 	 0.020692 	 0.104662 	 0.153935
   60 	 0.023067 	 0.109265 	 0.199239
   61 	 0.036825 	 0.112042 	 0.212682
   62 	 0.011435 	 0.110664 	 0.154763
   63 	 0.033876 	 0.117033 	 0.147087
   64 	 0.023518 	 0.114144 	 0.157220
   65 	 0.017403 	 0.111288 	 0.142008
   66 	 0.034872 	 0.112737 	 0.166073
   67 	 0.031167 	 0.111022 	 0.151398
   68 	 0.030953 	 0.111472 	 0.195506
   69 	 0.031267 	 0.114780 	 0.160553
   70 	 0.023889 	 0.112770 	 0.212418
   71 	 0.011879 	 0.114997 	 0.185075
   72 	 0.015059 	 0.115196 	 0.193650
   73 	 0.023115 	 0.122348 	 0.194321
   74 	 0.029130 	 0.129849 	 0.219434
   75 	 0.024852 	 0.122616 	 0.218521
   76 	 0.074003 	 0.126581 	 0.196963
   77 	 0.019094 	 0.134672 	 0.203022
   78 	 0.019258 	 0.138278 	 0.207334
   79 	 0.028699 	 0.151988 	 0.213727
 