   0 	 0.002526 	 0.004827 	 0.013760
    1 	 0.002534 	 0.005833 	 0.013873
    2 	 0.002640 	 0.007693 	 0.018218
    3 	 0.003638 	 0.008736 	 0.016916
    4 	 0.004311 	 0.009296 	 0.017121
    5 	 0.004533 	 0.009998 	 0.018306
    6 	 0.005097 	 0.011193 	 0.022290
    7 	 0.006019 	 0.012260 	 0.020249
    8 	 0.006734 	 0.011808 	 0.018980
    9 	 0.005603 	 0.012810 	 0.022954
   10 	 0.007386 	 0.013208 	 0.024572
   11 	 0.006834 	 0.014673 	 0.023670
   12 	 0.007516 	 0.015121 	 0.025537
   13 	 0.006595 	 0.015379 	 0.025400
   14 	 0.007118 	 0.015982 	 0.030093
   15 	 0.005666 	 0.017273 	 0.031308
   16 	 0.009437 	 0.018057 	 0.030960
   17 	 0.009657 	 0.017960 	 0.030969
   18 	 0.009305 	 0.018212 	 0.027140
   19 	 0.009676 	 0.017989 	 0.029245
   20 	 0.009619 	 0.019113 	 0.030650
   21 	 0.008252 	 0.019700 	 0.026670
   22 	 0.008462 	 0.020084 	 0.027189
   23 	 0.007719 	 0.020283 	 0.027484
   24 	 0.009031 	 0.020765 	 0.029723
   25 	 0.009019 	 0.021938 	 0.035453
   26 	 0.009739 	 0.023562 	 0.034846
   27 	 0.014483 	 0.025139 	 0.045605
   28 	 0.014844 	 0.026911 	 0.045425
   29 	 0.015100 	 0.029140 	 0.045948
   30 	 0.013674 	 0.033724 	 0.062851
   31 	 0.016101 	 0.034340 	 0.061839
   32 	 0.021511 	 0.037046 	 0.065559
   33 	 0.013959 	 0.036730 	 0.067458
   34 	 0.008276 	 0.038354 	 0.066916
   35 	 0.021216 	 0.041906 	 0.064385
   36 	 0.014005 	 0.042414 	 0.064284
   37 	 0.011823 	 0.042954 	 0.064002
   38 	 0.016769 	 0.045473 	 0.068050
   39 	 0.013359 	 0.049006 	 0.101062
   40 	 0.016697 	 0.050707 	 0.100637
   41 	 0.017938 	 0.057747 	 0.126041
   42 	 0.027326 	 0.063939 	 0.109432
   43 	 0.014564 	 0.063265 	 0.107730
   44 	 0.032706 	 0.065675 	 0.114748
   45 	 0.023906 	 0.067539 	 0.115288
   46 	 0.013295 	 0.070421 	 0.116168
   47 	 0.029646 	 0.076108 	 0.120357
   48 	 0.030048 	 0.083184 	 0.118790
   49 	 0.015850 	 0.084945 	 0.129032
   50 	 0.023906 	 0.090066 	 0.138080
   51 	 0.032926 	 0.094233 	 0.146503
   52 	 0.028258 	 0.091457 	 0.149494
   53 	 0.028556 	 0.092996 	 0.167300
   54 	 0.042206 	 0.095419 	 0.171226
   55 	 0.029918 	 0.101582 	 0.182636
   56 	 0.014713 	 0.102642 	 0.166558
   57 	 0.034460 	 0.099572 	 0.147150
   58 	 0.039224 	 0.104080 	 0.160068
   59 	 0.024733 	 0.103206 	 0.164544
   60 	 0.026855 	 0.109438 	 0.169940
   61 	 0.027280 	 0.110786 	 0.158936
   62 	 0.024972 	 0.107952 	 0.152085
   63 	 0.037315 	 0.112450 	 0.145882
   64 	 0.039241 	 0.119534 	 0.170661
   65 	 0.012498 	 0.121751 	 0.182960
   66 	 0.020545 	 0.121076 	 0.225376
   67 	 0.020403 	 0.123606 	 0.234093
   68 	 0.031913 	 0.123721 	 0.182741
   69 	 0.030622 	 0.126908 	 0.216929
   70 	 0.025459 	 0.130892 	 0.202015
   71 	 0.057196 	 0.130762 	 0.184751
   72 	 0.044885 	 0.131126 	 0.205454
   73 	 0.012452 	 0.137059 	 0.265328
   74 	 0.015391 	 0.141622 	 0.249809
   75 	 0.015141 	 0.145151 	 0.275369
   76 	 0.014952 	 0.151837 	 0.291630
   77 	 0.029679 	 0.161692 	 0.282053
   78 	 0.017182 	 0.178192 	 0.306584
   79 	 0.085604 	 0.189636 	 0.298530
 