   0 	 0.002546 	 0.004567 	 0.008501
    1 	 0.002366 	 0.005181 	 0.010492
    2 	 0.002283 	 0.005494 	 0.010753
    3 	 0.002895 	 0.006492 	 0.010810
    4 	 0.003397 	 0.007384 	 0.011843
    5 	 0.003432 	 0.007822 	 0.014220
    6 	 0.003765 	 0.008451 	 0.018556
    7 	 0.004276 	 0.008904 	 0.013376
    8 	 0.004608 	 0.009606 	 0.016019
    9 	 0.005207 	 0.010135 	 0.019473
   10 	 0.004311 	 0.010768 	 0.022047
   11 	 0.004310 	 0.011907 	 0.030377
   12 	 0.006089 	 0.013096 	 0.030423
   13 	 0.006184 	 0.015788 	 0.033036
   14 	 0.007030 	 0.019426 	 0.035367
   15 	 0.008347 	 0.023061 	 0.040449
   16 	 0.009868 	 0.026613 	 0.041299
   17 	 0.010236 	 0.029133 	 0.047461
   18 	 0.011001 	 0.029387 	 0.048370
   19 	 0.014064 	 0.030273 	 0.048420
   20 	 0.011275 	 0.031679 	 0.049134
   21 	 0.015926 	 0.031435 	 0.043320
   22 	 0.016519 	 0.032537 	 0.048569
   23 	 0.014431 	 0.032687 	 0.049685
   24 	 0.017707 	 0.033024 	 0.049225
   25 	 0.015323 	 0.032746 	 0.044475
   26 	 0.008816 	 0.031850 	 0.044315
   27 	 0.007259 	 0.031503 	 0.044527
   28 	 0.012243 	 0.032428 	 0.041615
   29 	 0.012833 	 0.032098 	 0.045599
   30 	 0.014651 	 0.032203 	 0.041241
   31 	 0.016120 	 0.033128 	 0.041509
   32 	 0.012088 	 0.032703 	 0.044559
   33 	 0.012257 	 0.033934 	 0.048891
   34 	 0.014636 	 0.034855 	 0.050020
   35 	 0.023341 	 0.035710 	 0.049668
   36 	 0.016277 	 0.035246 	 0.051446
   37 	 0.023760 	 0.037255 	 0.051645
   38 	 0.019697 	 0.038152 	 0.050782
   39 	 0.018727 	 0.038467 	 0.050283
   40 	 0.018955 	 0.039471 	 0.053148
   41 	 0.023272 	 0.041872 	 0.053055
   42 	 0.019200 	 0.040238 	 0.060271
   43 	 0.022679 	 0.041742 	 0.064408
   44 	 0.027505 	 0.043356 	 0.065554
   45 	 0.018583 	 0.045284 	 0.066343
   46 	 0.019075 	 0.043632 	 0.067571
   47 	 0.010042 	 0.043748 	 0.065515
   48 	 0.014197 	 0.044835 	 0.063905
   49 	 0.020622 	 0.047978 	 0.064045
   50 	 0.033729 	 0.050629 	 0.067724
   51 	 0.021576 	 0.048519 	 0.060683
   52 	 0.022431 	 0.048098 	 0.066456
   53 	 0.013814 	 0.047562 	 0.068226
   54 	 0.012995 	 0.046443 	 0.068753
   55 	 0.012852 	 0.046997 	 0.066378
   56 	 0.010941 	 0.047191 	 0.062239
   57 	 0.011101 	 0.048745 	 0.063525
   58 	 0.010616 	 0.048891 	 0.066859
   59 	 0.011254 	 0.049353 	 0.064959
   60 	 0.029892 	 0.051761 	 0.070743
   61 	 0.027260 	 0.051417 	 0.066178
   62 	 0.016800 	 0.050477 	 0.064371
   63 	 0.015407 	 0.051265 	 0.065363
   64 	 0.016132 	 0.052830 	 0.065420
   65 	 0.016479 	 0.054467 	 0.082653
   66 	 0.014629 	 0.056344 	 0.079608
   67 	 0.017283 	 0.057767 	 0.084763
   68 	 0.018980 	 0.058385 	 0.087122
   69 	 0.019674 	 0.060378 	 0.089185
   70 	 0.023726 	 0.062566 	 0.090003
   71 	 0.044036 	 0.066242 	 0.093005
   72 	 0.022385 	 0.065805 	 0.091629
   73 	 0.027836 	 0.066903 	 0.091294
   74 	 0.021444 	 0.065675 	 0.099375
   75 	 0.022716 	 0.068071 	 0.104568
   76 	 0.015661 	 0.069756 	 0.110833
   77 	 0.015766 	 0.069618 	 0.112179
   78 	 0.023053 	 0.072364 	 0.114511
   79 	 0.023283 	 0.078611 	 0.113539
 