   0 	 0.002439 	 0.004421 	 0.008976
    1 	 0.002582 	 0.004590 	 0.008929
    2 	 0.002678 	 0.004786 	 0.007896
    3 	 0.002674 	 0.005071 	 0.008617
    4 	 0.003304 	 0.005451 	 0.008664
    5 	 0.003353 	 0.005825 	 0.010492
    6 	 0.003355 	 0.005900 	 0.010014
    7 	 0.003359 	 0.006163 	 0.012493
    8 	 0.002844 	 0.007193 	 0.012664
    9 	 0.004024 	 0.008135 	 0.013242
   10 	 0.004034 	 0.008781 	 0.015266
   11 	 0.003878 	 0.010555 	 0.016674
   12 	 0.003936 	 0.010390 	 0.016056
   13 	 0.005861 	 0.011034 	 0.016047
   14 	 0.007161 	 0.011803 	 0.016042
   15 	 0.006369 	 0.011894 	 0.017806
   16 	 0.006644 	 0.012102 	 0.019244
   17 	 0.007011 	 0.012491 	 0.019515
   18 	 0.005731 	 0.013019 	 0.025351
   19 	 0.007599 	 0.014533 	 0.031107
   20 	 0.007368 	 0.015319 	 0.025864
   21 	 0.010544 	 0.015326 	 0.028369
   22 	 0.009211 	 0.015116 	 0.027908
   23 	 0.009061 	 0.015630 	 0.030082
   24 	 0.007578 	 0.015416 	 0.030799
   25 	 0.009722 	 0.017258 	 0.044919
   26 	 0.010554 	 0.020824 	 0.058959
   27 	 0.009910 	 0.027924 	 0.058303
   28 	 0.010091 	 0.032305 	 0.063379
   29 	 0.014289 	 0.036180 	 0.063106
   30 	 0.015604 	 0.039500 	 0.066255
   31 	 0.013003 	 0.042479 	 0.075646
   32 	 0.009257 	 0.042715 	 0.080418
   33 	 0.012387 	 0.043344 	 0.088594
   34 	 0.013607 	 0.046017 	 0.088076
   35 	 0.013543 	 0.046441 	 0.123318
   36 	 0.020082 	 0.048965 	 0.127629
   37 	 0.011668 	 0.056513 	 0.132213
   38 	 0.022091 	 0.070712 	 0.129528
   39 	 0.028680 	 0.080110 	 0.170929
   40 	 0.018715 	 0.095629 	 0.163727
   41 	 0.014156 	 0.102546 	 0.171602
   42 	 0.062054 	 0.116999 	 0.172421
   43 	 0.015946 	 0.116038 	 0.172112
   44 	 0.041753 	 0.118893 	 0.163598
   45 	 0.022692 	 0.118452 	 0.155217
   46 	 0.028002 	 0.117990 	 0.160237
   47 	 0.026913 	 0.115012 	 0.157148
   48 	 0.017481 	 0.117563 	 0.157945
   49 	 0.017477 	 0.113927 	 0.155570
   50 	 0.024807 	 0.123146 	 0.163551
   51 	 0.023680 	 0.123384 	 0.156156
   52 	 0.016574 	 0.130974 	 0.161577
   53 	 0.027737 	 0.128650 	 0.164510
   54 	 0.039349 	 0.132571 	 0.160831
   55 	 0.039527 	 0.135708 	 0.157644
   56 	 0.039858 	 0.131491 	 0.174950
   57 	 0.028453 	 0.132110 	 0.179573
   58 	 0.058806 	 0.141097 	 0.201085
   59 	 0.023201 	 0.137644 	 0.201344
   60 	 0.093303 	 0.149487 	 0.213019
   61 	 0.059107 	 0.148791 	 0.229085
   62 	 0.025111 	 0.147369 	 0.230123
   63 	 0.035983 	 0.149151 	 0.243256
   64 	 0.035772 	 0.155070 	 0.228764
   65 	 0.069963 	 0.159025 	 0.257257
   66 	 0.048518 	 0.160483 	 0.264261
   67 	 0.023771 	 0.166363 	 0.283946
   68 	 0.022067 	 0.171762 	 0.281001
   69 	 0.022038 	 0.177483 	 0.318932
   70 	 0.033732 	 0.199175 	 0.304334
   71 	 0.041668 	 0.204944 	 0.326378
   72 	 0.120627 	 0.217156 	 0.358605
   73 	 0.017419 	 0.203040 	 0.357558
   74 	 0.017218 	 0.217672 	 0.311840
   75 	 0.027812 	 0.228786 	 0.344410
   76 	 0.036097 	 0.239659 	 0.338882
   77 	 0.038711 	 0.241777 	 0.358920
   78 	 0.017472 	 0.230458 	 0.335447
   79 	 0.036673 	 0.242296 	 0.345239
 