   0 	 0.002243 	 0.005249 	 0.013807
    1 	 0.002770 	 0.006227 	 0.013927
    2 	 0.002677 	 0.007391 	 0.015018
    3 	 0.002765 	 0.008359 	 0.015087
    4 	 0.003958 	 0.009070 	 0.015810
    5 	 0.004490 	 0.010256 	 0.027301
    6 	 0.005254 	 0.010813 	 0.027318
    7 	 0.005845 	 0.011930 	 0.025176
    8 	 0.004591 	 0.013430 	 0.028113
    9 	 0.006195 	 0.015546 	 0.030709
   10 	 0.008089 	 0.017133 	 0.028826
   11 	 0.008075 	 0.018861 	 0.032823
   12 	 0.008969 	 0.021158 	 0.035967
   13 	 0.008442 	 0.021206 	 0.037647
   14 	 0.008472 	 0.023305 	 0.037113
   15 	 0.009583 	 0.025003 	 0.038927
   16 	 0.010453 	 0.025235 	 0.040017
   17 	 0.012245 	 0.027635 	 0.042920
   18 	 0.012789 	 0.028863 	 0.048767
   19 	 0.010686 	 0.029905 	 0.043292
   20 	 0.012263 	 0.031637 	 0.049483
   21 	 0.012621 	 0.033238 	 0.050098
   22 	 0.015223 	 0.035228 	 0.051514
   23 	 0.016051 	 0.037001 	 0.058620
   24 	 0.015060 	 0.037645 	 0.056694
   25 	 0.019323 	 0.039330 	 0.056684
   26 	 0.017745 	 0.039730 	 0.059124
   27 	 0.015715 	 0.039302 	 0.057349
   28 	 0.018579 	 0.042013 	 0.056552
   29 	 0.018470 	 0.044331 	 0.061515
   30 	 0.022493 	 0.046015 	 0.065239
   31 	 0.010578 	 0.046127 	 0.063356
   32 	 0.013866 	 0.044669 	 0.063694
   33 	 0.015759 	 0.045057 	 0.064076
   34 	 0.015836 	 0.045402 	 0.062265
   35 	 0.021561 	 0.045856 	 0.061327
   36 	 0.018878 	 0.048624 	 0.063595
   37 	 0.014224 	 0.047955 	 0.062670
   38 	 0.014103 	 0.049490 	 0.064392
   39 	 0.015417 	 0.048862 	 0.066131
   40 	 0.013990 	 0.050974 	 0.069082
   41 	 0.015853 	 0.052474 	 0.070805
   42 	 0.015898 	 0.053804 	 0.074317
   43 	 0.011596 	 0.053845 	 0.068354
   44 	 0.014386 	 0.054091 	 0.076647
   45 	 0.025075 	 0.055657 	 0.079038
   46 	 0.016267 	 0.057673 	 0.090067
   47 	 0.012663 	 0.057038 	 0.084945
   48 	 0.016457 	 0.061954 	 0.105999
   49 	 0.012504 	 0.062002 	 0.104638
   50 	 0.019890 	 0.067304 	 0.111569
   51 	 0.014776 	 0.071384 	 0.117433
   52 	 0.014615 	 0.075472 	 0.118847
   53 	 0.042433 	 0.076985 	 0.115180
   54 	 0.016485 	 0.076251 	 0.120452
   55 	 0.018825 	 0.080175 	 0.126481
   56 	 0.021706 	 0.085283 	 0.141362
   57 	 0.020973 	 0.086226 	 0.124958
   58 	 0.023258 	 0.087071 	 0.120168
   59 	 0.045095 	 0.092723 	 0.124959
   60 	 0.021139 	 0.094400 	 0.127630
   61 	 0.021287 	 0.097190 	 0.133684
   62 	 0.029040 	 0.101451 	 0.126001
   63 	 0.028466 	 0.105909 	 0.127162
   64 	 0.014206 	 0.104067 	 0.138427
   65 	 0.013526 	 0.098147 	 0.129509
   66 	 0.013487 	 0.103809 	 0.141092
   67 	 0.013550 	 0.104283 	 0.140915
   68 	 0.016601 	 0.105994 	 0.154609
   69 	 0.051923 	 0.109081 	 0.166299
   70 	 0.052818 	 0.111497 	 0.165997
   71 	 0.055889 	 0.113825 	 0.192966
   72 	 0.024254 	 0.112816 	 0.226903
   73 	 0.024296 	 0.116433 	 0.196792
   74 	 0.019002 	 0.119741 	 0.245958
   75 	 0.014330 	 0.126358 	 0.221590
   76 	 0.014312 	 0.135359 	 0.232120
   77 	 0.014581 	 0.140646 	 0.226140
   78 	 0.017482 	 0.149310 	 0.234338
   79 	 0.017024 	 0.148718 	 0.229503
 