   0 	 0.002775 	 0.004753 	 0.009349
    1 	 0.003133 	 0.005585 	 0.012559
    2 	 0.003462 	 0.006129 	 0.013746
    3 	 0.003160 	 0.006340 	 0.013208
    4 	 0.003659 	 0.007195 	 0.014205
    5 	 0.003984 	 0.007895 	 0.014637
    6 	 0.003937 	 0.009138 	 0.015401
    7 	 0.003928 	 0.009949 	 0.015137
    8 	 0.003760 	 0.011767 	 0.030971
    9 	 0.003943 	 0.012557 	 0.031966
   10 	 0.006717 	 0.013125 	 0.031468
   11 	 0.006722 	 0.014621 	 0.031752
   12 	 0.007647 	 0.015681 	 0.031696
   13 	 0.008090 	 0.016033 	 0.032035
   14 	 0.008029 	 0.018360 	 0.031889
   15 	 0.008428 	 0.020246 	 0.034048
   16 	 0.010974 	 0.021080 	 0.036528
   17 	 0.011730 	 0.023319 	 0.037082
   18 	 0.011465 	 0.024458 	 0.035397
   19 	 0.010655 	 0.025300 	 0.034528
   20 	 0.012077 	 0.027956 	 0.036276
   21 	 0.015746 	 0.028198 	 0.042037
   22 	 0.016354 	 0.028296 	 0.042719
   23 	 0.016451 	 0.027710 	 0.039183
   24 	 0.013496 	 0.028739 	 0.038904
   25 	 0.012868 	 0.029851 	 0.044865
   26 	 0.011063 	 0.030397 	 0.051472
   27 	 0.012086 	 0.031984 	 0.051995
   28 	 0.012097 	 0.032352 	 0.046866
   29 	 0.012077 	 0.033911 	 0.047697
   30 	 0.018486 	 0.036004 	 0.048145
   31 	 0.011205 	 0.036280 	 0.048624
   32 	 0.014709 	 0.036158 	 0.048172
   33 	 0.015936 	 0.037874 	 0.049220
   34 	 0.015974 	 0.039261 	 0.069992
   35 	 0.029520 	 0.042539 	 0.068632
   36 	 0.027976 	 0.041921 	 0.058003
   37 	 0.014728 	 0.041438 	 0.060084
   38 	 0.010138 	 0.042203 	 0.060566
   39 	 0.014168 	 0.042683 	 0.059229
   40 	 0.015725 	 0.044062 	 0.060670
   41 	 0.018795 	 0.045588 	 0.060742
   42 	 0.015322 	 0.044827 	 0.060057
   43 	 0.013585 	 0.047767 	 0.068751
   44 	 0.013442 	 0.048613 	 0.075452
   45 	 0.012777 	 0.049569 	 0.082978
   46 	 0.012831 	 0.054061 	 0.085248
   47 	 0.014211 	 0.056812 	 0.096711
   48 	 0.015220 	 0.060213 	 0.097569
   49 	 0.013226 	 0.061811 	 0.099169
   50 	 0.025761 	 0.066738 	 0.102325
   51 	 0.030307 	 0.071715 	 0.107513
   52 	 0.031163 	 0.074519 	 0.105750
   53 	 0.021782 	 0.073968 	 0.106880
   54 	 0.020650 	 0.080496 	 0.107783
   55 	 0.024379 	 0.085286 	 0.110625
   56 	 0.024502 	 0.085391 	 0.106540
   57 	 0.022718 	 0.085793 	 0.106500
   58 	 0.022692 	 0.088595 	 0.109339
   59 	 0.022600 	 0.086197 	 0.105865
   60 	 0.030332 	 0.087664 	 0.106720
   61 	 0.019360 	 0.089733 	 0.107484
   62 	 0.018737 	 0.089760 	 0.106436
   63 	 0.040667 	 0.089268 	 0.115515
   64 	 0.019785 	 0.083748 	 0.109817
   65 	 0.018409 	 0.087910 	 0.119683
   66 	 0.015874 	 0.088169 	 0.120051
   67 	 0.020976 	 0.089557 	 0.118935
   68 	 0.019407 	 0.092062 	 0.119579
   69 	 0.019510 	 0.093221 	 0.122344
   70 	 0.022975 	 0.100218 	 0.122713
   71 	 0.023392 	 0.100591 	 0.124492
   72 	 0.018450 	 0.101582 	 0.137147
   73 	 0.022746 	 0.100893 	 0.119716
   74 	 0.024660 	 0.101812 	 0.119534
   75 	 0.023360 	 0.099852 	 0.123526
   76 	 0.026047 	 0.094725 	 0.123327
   77 	 0.010900 	 0.100307 	 0.132321
   78 	 0.034844 	 0.101077 	 0.137043
   79 	 0.018535 	 0.099938 	 0.132677
 