   0 	 0.002472 	 0.004503 	 0.008930
    1 	 0.002472 	 0.004465 	 0.009865
    2 	 0.002472 	 0.005423 	 0.012413
    3 	 0.002756 	 0.006355 	 0.019545
    4 	 0.003241 	 0.007598 	 0.020199
    5 	 0.003407 	 0.008682 	 0.022128
    6 	 0.003954 	 0.010132 	 0.021590
    7 	 0.004507 	 0.011908 	 0.027613
    8 	 0.004687 	 0.015029 	 0.027450
    9 	 0.004592 	 0.018171 	 0.027614
   10 	 0.008887 	 0.019435 	 0.032359
   11 	 0.013261 	 0.021574 	 0.035607
   12 	 0.009703 	 0.022907 	 0.038093
   13 	 0.011611 	 0.023485 	 0.038007
   14 	 0.011084 	 0.024752 	 0.038200
   15 	 0.009927 	 0.024075 	 0.037328
   16 	 0.012666 	 0.026358 	 0.044770
   17 	 0.012614 	 0.028678 	 0.057790
   18 	 0.012245 	 0.031163 	 0.063364
   19 	 0.015014 	 0.031377 	 0.064280
   20 	 0.016221 	 0.034986 	 0.063837
   21 	 0.016011 	 0.037599 	 0.065392
   22 	 0.024694 	 0.042727 	 0.069981
   23 	 0.025437 	 0.045932 	 0.065991
   24 	 0.024606 	 0.049765 	 0.079059
   25 	 0.020880 	 0.051153 	 0.090828
   26 	 0.021103 	 0.054385 	 0.090979
   27 	 0.021015 	 0.059995 	 0.090504
   28 	 0.014313 	 0.058646 	 0.088472
   29 	 0.014146 	 0.061074 	 0.094238
   30 	 0.014361 	 0.065609 	 0.095871
   31 	 0.021135 	 0.071975 	 0.099131
   32 	 0.014897 	 0.073018 	 0.112135
   33 	 0.032523 	 0.075740 	 0.099256
   34 	 0.028412 	 0.077749 	 0.105812
   35 	 0.024462 	 0.078858 	 0.100889
   36 	 0.029412 	 0.083604 	 0.106330
   37 	 0.030106 	 0.086092 	 0.116015
   38 	 0.028823 	 0.083254 	 0.113938
   39 	 0.020024 	 0.081632 	 0.127992
   40 	 0.019397 	 0.081043 	 0.124024
   41 	 0.014630 	 0.085386 	 0.122877
   42 	 0.029800 	 0.087223 	 0.119490
   43 	 0.029102 	 0.087892 	 0.126780
   44 	 0.028798 	 0.089026 	 0.120410
   45 	 0.029260 	 0.087903 	 0.119567
   46 	 0.021768 	 0.085876 	 0.113553
   47 	 0.021881 	 0.089471 	 0.126177
   48 	 0.021535 	 0.090965 	 0.117071
   49 	 0.020728 	 0.091869 	 0.122720
   50 	 0.059615 	 0.095705 	 0.147797
   51 	 0.018222 	 0.095945 	 0.151229
   52 	 0.032163 	 0.100860 	 0.148508
   53 	 0.020069 	 0.101129 	 0.153153
   54 	 0.016419 	 0.105688 	 0.160912
   55 	 0.019101 	 0.106890 	 0.157996
   56 	 0.018803 	 0.110708 	 0.159628
   57 	 0.019653 	 0.117497 	 0.186811
   58 	 0.032810 	 0.125072 	 0.178567
   59 	 0.013829 	 0.116668 	 0.157268
   60 	 0.029283 	 0.123019 	 0.158252
   61 	 0.032861 	 0.128494 	 0.172860
   62 	 0.086333 	 0.136909 	 0.183160
   63 	 0.062756 	 0.138258 	 0.187070
   64 	 0.017273 	 0.134548 	 0.184875
   65 	 0.017387 	 0.127064 	 0.189862
   66 	 0.020935 	 0.130845 	 0.204490
   67 	 0.019810 	 0.134775 	 0.190579
   68 	 0.040731 	 0.131678 	 0.171723
   69 	 0.014428 	 0.131363 	 0.168715
   70 	 0.019514 	 0.133068 	 0.165347
   71 	 0.021946 	 0.135204 	 0.160309
   72 	 0.028653 	 0.135482 	 0.157706
   73 	 0.027545 	 0.135925 	 0.174753
   74 	 0.024053 	 0.130910 	 0.175495
   75 	 0.024233 	 0.130297 	 0.165311
   76 	 0.036368 	 0.134295 	 0.174672
   77 	 0.032497 	 0.132708 	 0.162488
   78 	 0.017580 	 0.138087 	 0.169408
   79 	 0.017404 	 0.137361 	 0.181046
 