   0 	 0.002982 	 0.004784 	 0.013892
    1 	 0.002898 	 0.005567 	 0.013830
    2 	 0.002936 	 0.005476 	 0.016941
    3 	 0.003029 	 0.006306 	 0.016832
    4 	 0.003012 	 0.007454 	 0.016955
    5 	 0.003510 	 0.009237 	 0.017196
    6 	 0.003884 	 0.010902 	 0.017403
    7 	 0.003423 	 0.012325 	 0.021750
    8 	 0.005092 	 0.013607 	 0.022467
    9 	 0.007305 	 0.013707 	 0.022283
   10 	 0.008214 	 0.014760 	 0.022736
   11 	 0.008449 	 0.015191 	 0.021804
   12 	 0.009626 	 0.015521 	 0.022185
   13 	 0.009595 	 0.015900 	 0.019597
   14 	 0.010976 	 0.016468 	 0.019834
   15 	 0.009489 	 0.016605 	 0.024802
   16 	 0.012725 	 0.016673 	 0.025592
   17 	 0.009382 	 0.016327 	 0.019529
   18 	 0.012675 	 0.016787 	 0.021231
   19 	 0.009156 	 0.016884 	 0.020606
   20 	 0.013991 	 0.017186 	 0.020407
   21 	 0.011155 	 0.017091 	 0.020252
   22 	 0.011399 	 0.017457 	 0.020802
   23 	 0.013926 	 0.018059 	 0.020088
   24 	 0.013678 	 0.017966 	 0.020848
   25 	 0.012274 	 0.018276 	 0.028554
   26 	 0.012467 	 0.018409 	 0.022645
   27 	 0.011084 	 0.018050 	 0.022550
   28 	 0.012914 	 0.018740 	 0.024017
   29 	 0.012837 	 0.018865 	 0.031187
   30 	 0.010679 	 0.018879 	 0.031394
   31 	 0.010669 	 0.018406 	 0.031340
   32 	 0.012573 	 0.019383 	 0.028488
   33 	 0.012154 	 0.020043 	 0.028148
   34 	 0.013594 	 0.021233 	 0.029369
   35 	 0.013448 	 0.021610 	 0.029177
   36 	 0.015653 	 0.022660 	 0.031843
   37 	 0.013996 	 0.022320 	 0.031347
   38 	 0.015596 	 0.022493 	 0.031573
   39 	 0.015601 	 0.022227 	 0.029855
   40 	 0.013609 	 0.021999 	 0.030471
   41 	 0.012715 	 0.021769 	 0.030670
   42 	 0.014044 	 0.022134 	 0.030762
   43 	 0.014771 	 0.022190 	 0.030881
   44 	 0.014803 	 0.022868 	 0.031859
   45 	 0.015113 	 0.023863 	 0.033152
   46 	 0.013318 	 0.024092 	 0.033480
   47 	 0.013309 	 0.025102 	 0.036774
   48 	 0.010810 	 0.025514 	 0.036316
   49 	 0.010780 	 0.027502 	 0.033729
   50 	 0.019296 	 0.027798 	 0.033786
   51 	 0.016047 	 0.028213 	 0.032939
   52 	 0.014055 	 0.027752 	 0.033616
   53 	 0.013930 	 0.027048 	 0.033014
   54 	 0.017164 	 0.028101 	 0.032703
   55 	 0.014643 	 0.028560 	 0.034164
   56 	 0.017113 	 0.028927 	 0.036738
   57 	 0.015354 	 0.027564 	 0.036481
   58 	 0.010734 	 0.028436 	 0.037217
   59 	 0.013352 	 0.029599 	 0.035487
   60 	 0.018721 	 0.029241 	 0.036068
   61 	 0.016208 	 0.028974 	 0.037666
   62 	 0.019050 	 0.030363 	 0.036301
   63 	 0.014191 	 0.029717 	 0.037043
   64 	 0.014085 	 0.030318 	 0.037125
   65 	 0.022300 	 0.029705 	 0.036788
   66 	 0.020915 	 0.029765 	 0.036112
   67 	 0.018728 	 0.029955 	 0.037831
   68 	 0.019036 	 0.030424 	 0.037339
   69 	 0.010157 	 0.029245 	 0.036718
   70 	 0.010240 	 0.030135 	 0.037611
   71 	 0.010266 	 0.030007 	 0.038962
   72 	 0.017590 	 0.030574 	 0.039519
   73 	 0.021890 	 0.031897 	 0.041576
   74 	 0.018559 	 0.031341 	 0.042824
   75 	 0.014080 	 0.031105 	 0.041084
   76 	 0.014320 	 0.032293 	 0.041689
   77 	 0.018960 	 0.032017 	 0.041622
   78 	 0.013717 	 0.031731 	 0.041946
   79 	 0.022239 	 0.032481 	 0.042047
 