   0 	 0.002398 	 0.004997 	 0.014641
    1 	 0.002606 	 0.005957 	 0.014712
    2 	 0.003271 	 0.007137 	 0.018707
    3 	 0.003328 	 0.007906 	 0.017620
    4 	 0.003213 	 0.009322 	 0.022373
    5 	 0.004108 	 0.011596 	 0.028636
    6 	 0.005266 	 0.014006 	 0.028333
    7 	 0.005002 	 0.014606 	 0.028488
    8 	 0.005957 	 0.015716 	 0.024731
    9 	 0.006327 	 0.016403 	 0.027073
   10 	 0.008348 	 0.017403 	 0.027249
   11 	 0.009415 	 0.018033 	 0.030457
   12 	 0.007607 	 0.018372 	 0.030563
   13 	 0.006879 	 0.019395 	 0.030119
   14 	 0.008309 	 0.020077 	 0.030842
   15 	 0.008287 	 0.021075 	 0.031081
   16 	 0.008460 	 0.021245 	 0.038203
   17 	 0.011635 	 0.023615 	 0.038020
   18 	 0.012582 	 0.023795 	 0.038286
   19 	 0.011678 	 0.023808 	 0.038714
   20 	 0.011585 	 0.025807 	 0.039242
   21 	 0.011446 	 0.026272 	 0.039936
   22 	 0.012013 	 0.027957 	 0.041032
   23 	 0.013881 	 0.029293 	 0.047018
   24 	 0.017224 	 0.032072 	 0.047169
   25 	 0.011056 	 0.032999 	 0.057861
   26 	 0.013050 	 0.032436 	 0.048387
   27 	 0.013566 	 0.032932 	 0.048807
   28 	 0.011881 	 0.034929 	 0.063215
   29 	 0.011092 	 0.035740 	 0.062020
   30 	 0.019752 	 0.037198 	 0.061659
   31 	 0.024403 	 0.040073 	 0.062687
   32 	 0.025314 	 0.041318 	 0.063577
   33 	 0.013499 	 0.042123 	 0.062614
   34 	 0.013454 	 0.043580 	 0.062505
   35 	 0.011719 	 0.045181 	 0.073877
   36 	 0.011618 	 0.043181 	 0.068657
   37 	 0.020259 	 0.046794 	 0.068551
   38 	 0.012859 	 0.050947 	 0.069836
   39 	 0.028997 	 0.055760 	 0.072686
   40 	 0.028286 	 0.056247 	 0.076643
   41 	 0.026930 	 0.056109 	 0.072206
   42 	 0.019586 	 0.055309 	 0.083416
   43 	 0.019813 	 0.057621 	 0.084133
   44 	 0.019744 	 0.059201 	 0.086805
   45 	 0.046464 	 0.065827 	 0.091820
   46 	 0.021539 	 0.062631 	 0.090556
   47 	 0.018191 	 0.066864 	 0.093708
   48 	 0.014454 	 0.063482 	 0.096419
   49 	 0.030846 	 0.068069 	 0.094980
   50 	 0.025592 	 0.071550 	 0.095560
   51 	 0.037224 	 0.073849 	 0.095792
   52 	 0.036554 	 0.076864 	 0.093868
   53 	 0.014669 	 0.076408 	 0.106791
   54 	 0.014623 	 0.076360 	 0.116155
   55 	 0.031199 	 0.081707 	 0.135360
   56 	 0.035387 	 0.084157 	 0.124238
   57 	 0.014851 	 0.083333 	 0.136283
   58 	 0.020942 	 0.086755 	 0.124399
   59 	 0.048173 	 0.091399 	 0.126612
   60 	 0.048160 	 0.094280 	 0.135869
   61 	 0.049450 	 0.095682 	 0.134940
   62 	 0.030887 	 0.092424 	 0.134734
   63 	 0.047413 	 0.095434 	 0.128870
   64 	 0.035555 	 0.097954 	 0.188521
   65 	 0.034868 	 0.103344 	 0.225509
   66 	 0.017111 	 0.110971 	 0.243601
   67 	 0.021375 	 0.108760 	 0.217282
   68 	 0.059203 	 0.115882 	 0.222373
   69 	 0.017990 	 0.119781 	 0.234919
   70 	 0.018176 	 0.129715 	 0.235050
   71 	 0.025433 	 0.142797 	 0.235388
   72 	 0.065248 	 0.159580 	 0.278741
   73 	 0.018386 	 0.176508 	 0.278883
   74 	 0.038210 	 0.194802 	 0.286512
   75 	 0.016422 	 0.197366 	 0.281044
   76 	 0.047694 	 0.207700 	 0.276735
   77 	 0.026443 	 0.207427 	 0.284265
   78 	 0.056898 	 0.201172 	 0.302215
   79 	 0.055942 	 0.215697 	 0.292598
 