   0 	 0.002492 	 0.004810 	 0.012773
    1 	 0.002696 	 0.005637 	 0.012820
    2 	 0.003243 	 0.006713 	 0.015605
    3 	 0.003828 	 0.008267 	 0.015695
    4 	 0.004415 	 0.010032 	 0.016197
    5 	 0.004397 	 0.011265 	 0.018985
    6 	 0.004522 	 0.012022 	 0.019124
    7 	 0.004859 	 0.013227 	 0.027222
    8 	 0.004850 	 0.014012 	 0.026761
    9 	 0.006436 	 0.014031 	 0.026826
   10 	 0.007378 	 0.015034 	 0.031029
   11 	 0.007574 	 0.016891 	 0.030701
   12 	 0.010483 	 0.019159 	 0.030987
   13 	 0.010410 	 0.021345 	 0.031593
   14 	 0.012854 	 0.023226 	 0.031340
   15 	 0.014794 	 0.024265 	 0.032312
   16 	 0.011037 	 0.024652 	 0.032881
   17 	 0.008104 	 0.024451 	 0.032843
   18 	 0.012438 	 0.025145 	 0.033193
   19 	 0.009236 	 0.025661 	 0.037963
   20 	 0.010391 	 0.026500 	 0.039349
   21 	 0.012020 	 0.025200 	 0.040182
   22 	 0.013069 	 0.025350 	 0.033636
   23 	 0.012946 	 0.025888 	 0.034249
   24 	 0.013343 	 0.025575 	 0.033990
   25 	 0.009890 	 0.026286 	 0.035300
   26 	 0.010522 	 0.026976 	 0.036989
   27 	 0.014392 	 0.027970 	 0.037015
   28 	 0.011098 	 0.027324 	 0.038929
   29 	 0.011131 	 0.029301 	 0.045164
   30 	 0.012362 	 0.029514 	 0.048299
   31 	 0.012217 	 0.030463 	 0.048988
   32 	 0.013215 	 0.032068 	 0.066197
   33 	 0.018961 	 0.034105 	 0.063977
   34 	 0.020265 	 0.033643 	 0.063119
   35 	 0.011308 	 0.032388 	 0.043574
   36 	 0.016024 	 0.032494 	 0.047763
   37 	 0.015779 	 0.033782 	 0.055119
   38 	 0.017038 	 0.035420 	 0.054692
   39 	 0.016933 	 0.034225 	 0.055331
   40 	 0.017065 	 0.035456 	 0.055222
   41 	 0.013795 	 0.037661 	 0.056893
   42 	 0.023461 	 0.040338 	 0.064514
   43 	 0.021373 	 0.043254 	 0.064360
   44 	 0.012257 	 0.042803 	 0.061145
   45 	 0.018176 	 0.045277 	 0.058453
   46 	 0.012667 	 0.044777 	 0.068439
   47 	 0.013935 	 0.047907 	 0.095644
   48 	 0.023904 	 0.048779 	 0.078026
   49 	 0.014572 	 0.046785 	 0.078459
   50 	 0.016759 	 0.048646 	 0.086677
   51 	 0.026121 	 0.052293 	 0.097238
   52 	 0.013590 	 0.052088 	 0.096244
   53 	 0.029085 	 0.057750 	 0.090374
   54 	 0.017961 	 0.062306 	 0.102185
   55 	 0.017813 	 0.062250 	 0.103923
   56 	 0.015988 	 0.065115 	 0.102359
   57 	 0.018861 	 0.077783 	 0.109887
   58 	 0.015875 	 0.080836 	 0.114470
   59 	 0.024228 	 0.087184 	 0.111400
   60 	 0.023137 	 0.087835 	 0.115589
   61 	 0.024850 	 0.086860 	 0.113375
   62 	 0.024779 	 0.091248 	 0.120536
   63 	 0.022386 	 0.086159 	 0.117591
   64 	 0.026875 	 0.086512 	 0.118334
   65 	 0.042830 	 0.089937 	 0.115741
   66 	 0.025752 	 0.089403 	 0.116507
   67 	 0.025896 	 0.089214 	 0.115012
   68 	 0.024690 	 0.092335 	 0.116973
   69 	 0.025060 	 0.093914 	 0.117435
   70 	 0.032541 	 0.095060 	 0.116896
   71 	 0.023081 	 0.097399 	 0.117604
   72 	 0.037713 	 0.096953 	 0.118168
   73 	 0.010238 	 0.090003 	 0.114377
   74 	 0.075899 	 0.097474 	 0.114640
   75 	 0.072373 	 0.100314 	 0.152396
   76 	 0.053253 	 0.100248 	 0.123593
   77 	 0.045698 	 0.101114 	 0.127010
   78 	 0.045279 	 0.099900 	 0.148203
   79 	 0.044867 	 0.101737 	 0.142662
 