   0 	 0.002624 	 0.004840 	 0.011873
    1 	 0.002627 	 0.005322 	 0.011989
    2 	 0.002585 	 0.006712 	 0.012879
    3 	 0.002585 	 0.007852 	 0.013801
    4 	 0.003499 	 0.008723 	 0.015531
    5 	 0.003530 	 0.009521 	 0.015703
    6 	 0.004972 	 0.010085 	 0.015849
    7 	 0.005305 	 0.010813 	 0.015977
    8 	 0.005852 	 0.012382 	 0.024252
    9 	 0.006165 	 0.012760 	 0.023807
   10 	 0.006455 	 0.013705 	 0.022713
   11 	 0.007001 	 0.014413 	 0.022613
   12 	 0.006153 	 0.015597 	 0.025770
   13 	 0.008408 	 0.016658 	 0.025419
   14 	 0.012194 	 0.017174 	 0.025128
   15 	 0.009289 	 0.017285 	 0.032670
   16 	 0.009245 	 0.017745 	 0.033068
   17 	 0.009168 	 0.018787 	 0.033629
   18 	 0.008914 	 0.019725 	 0.035409
   19 	 0.011052 	 0.022680 	 0.035947
   20 	 0.010107 	 0.025505 	 0.039928
   21 	 0.010320 	 0.026716 	 0.052015
   22 	 0.012925 	 0.028975 	 0.055081
   23 	 0.010364 	 0.030472 	 0.055311
   24 	 0.018547 	 0.032800 	 0.056045
   25 	 0.012834 	 0.034241 	 0.058914
   26 	 0.017410 	 0.035821 	 0.060107
   27 	 0.013315 	 0.036335 	 0.059354
   28 	 0.011781 	 0.035728 	 0.060023
   29 	 0.013565 	 0.038093 	 0.061573
   30 	 0.016877 	 0.038588 	 0.059748
   31 	 0.013543 	 0.037646 	 0.060132
   32 	 0.012949 	 0.040602 	 0.060176
   33 	 0.026647 	 0.043230 	 0.061072
   34 	 0.027060 	 0.043648 	 0.060247
   35 	 0.018953 	 0.045854 	 0.065988
   36 	 0.012472 	 0.044971 	 0.066245
   37 	 0.012698 	 0.046317 	 0.067977
   38 	 0.012555 	 0.048701 	 0.070889
   39 	 0.019818 	 0.049578 	 0.072550
   40 	 0.019253 	 0.050955 	 0.066715
   41 	 0.035367 	 0.052290 	 0.070130
   42 	 0.028015 	 0.053109 	 0.075105
   43 	 0.028166 	 0.054135 	 0.078192
   44 	 0.012895 	 0.054633 	 0.079193
   45 	 0.023461 	 0.056096 	 0.079126
   46 	 0.021889 	 0.056042 	 0.077146
   47 	 0.027165 	 0.059885 	 0.079257
   48 	 0.015941 	 0.057199 	 0.079912
   49 	 0.016453 	 0.056668 	 0.078012
   50 	 0.013557 	 0.057916 	 0.080374
   51 	 0.019297 	 0.059802 	 0.078831
   52 	 0.019123 	 0.063033 	 0.080228
   53 	 0.013091 	 0.062412 	 0.080652
   54 	 0.013051 	 0.061518 	 0.082764
   55 	 0.036083 	 0.062328 	 0.094156
   56 	 0.017539 	 0.061257 	 0.082704
   57 	 0.031553 	 0.066278 	 0.087414
   58 	 0.032163 	 0.065057 	 0.084306
   59 	 0.015236 	 0.064514 	 0.083568
   60 	 0.035401 	 0.066104 	 0.083109
   61 	 0.014873 	 0.066194 	 0.083499
   62 	 0.013065 	 0.067298 	 0.082349
   63 	 0.013751 	 0.067079 	 0.081991
   64 	 0.023849 	 0.068775 	 0.085060
   65 	 0.018913 	 0.068723 	 0.082408
   66 	 0.043253 	 0.070207 	 0.085644
   67 	 0.024525 	 0.067713 	 0.082813
   68 	 0.016271 	 0.068844 	 0.085264
   69 	 0.041804 	 0.071663 	 0.087386
   70 	 0.029870 	 0.069440 	 0.084935
   71 	 0.015568 	 0.071282 	 0.089349
   72 	 0.014223 	 0.070434 	 0.091683
   73 	 0.023910 	 0.071940 	 0.095944
   74 	 0.015949 	 0.067317 	 0.090019
   75 	 0.026946 	 0.073272 	 0.092899
   76 	 0.033930 	 0.073808 	 0.103570
   77 	 0.023008 	 0.077391 	 0.104894
   78 	 0.015957 	 0.077759 	 0.096800
   79 	 0.030346 	 0.079418 	 0.104899
 