   0 	 0.002347 	 0.004544 	 0.010211
    1 	 0.002870 	 0.004995 	 0.013201
    2 	 0.002929 	 0.005705 	 0.013247
    3 	 0.003313 	 0.006903 	 0.014002
    4 	 0.003671 	 0.007324 	 0.015169
    5 	 0.003725 	 0.008429 	 0.015168
    6 	 0.005295 	 0.010088 	 0.018937
    7 	 0.005283 	 0.010617 	 0.018917
    8 	 0.004259 	 0.010262 	 0.018691
    9 	 0.004438 	 0.010921 	 0.023038
   10 	 0.004351 	 0.012220 	 0.026546
   11 	 0.006121 	 0.014018 	 0.028255
   12 	 0.007728 	 0.016386 	 0.030119
   13 	 0.007162 	 0.019582 	 0.032651
   14 	 0.009806 	 0.020542 	 0.037467
   15 	 0.009531 	 0.021310 	 0.039740
   16 	 0.007848 	 0.023445 	 0.041747
   17 	 0.006796 	 0.025890 	 0.069734
   18 	 0.012058 	 0.033159 	 0.069436
   19 	 0.012714 	 0.036176 	 0.126381
   20 	 0.012223 	 0.044254 	 0.128003
   21 	 0.018510 	 0.050433 	 0.122675
   22 	 0.011889 	 0.053928 	 0.127946
   23 	 0.020548 	 0.061195 	 0.128741
   24 	 0.022303 	 0.068192 	 0.128056
   25 	 0.022248 	 0.071079 	 0.114672
   26 	 0.014881 	 0.075923 	 0.154741
   27 	 0.029774 	 0.083522 	 0.166261
   28 	 0.017095 	 0.088800 	 0.174060
   29 	 0.017256 	 0.098782 	 0.164376
   30 	 0.016780 	 0.096447 	 0.174143
   31 	 0.039523 	 0.107443 	 0.199881
   32 	 0.019082 	 0.115142 	 0.194369
   33 	 0.009623 	 0.120058 	 0.194674
   34 	 0.018956 	 0.123275 	 0.205208
   35 	 0.031658 	 0.135191 	 0.198982
   36 	 0.012114 	 0.145301 	 0.192524
   37 	 0.029283 	 0.151028 	 0.200074
   38 	 0.028836 	 0.156103 	 0.207238
   39 	 0.037472 	 0.153209 	 0.206303
   40 	 0.015961 	 0.157343 	 0.214989
   41 	 0.013127 	 0.156169 	 0.203179
   42 	 0.031648 	 0.158850 	 0.219904
   43 	 0.038109 	 0.156591 	 0.211834
   44 	 0.037777 	 0.164468 	 0.224124
   45 	 0.062614 	 0.166038 	 0.223486
   46 	 0.022162 	 0.168874 	 0.212628
   47 	 0.022363 	 0.157976 	 0.216946
   48 	 0.019845 	 0.152605 	 0.215521
   49 	 0.020114 	 0.153482 	 0.216557
   50 	 0.020148 	 0.161527 	 0.204921
   51 	 0.031110 	 0.161916 	 0.208467
   52 	 0.012828 	 0.159816 	 0.216920
   53 	 0.040152 	 0.167996 	 0.218582
   54 	 0.033816 	 0.161026 	 0.209877
   55 	 0.013029 	 0.158687 	 0.215477
   56 	 0.016080 	 0.164527 	 0.223446
   57 	 0.010892 	 0.168983 	 0.226858
   58 	 0.055579 	 0.175109 	 0.233181
   59 	 0.022241 	 0.173794 	 0.222641
   60 	 0.042737 	 0.180882 	 0.222541
   61 	 0.022220 	 0.177009 	 0.212239
   62 	 0.025528 	 0.176135 	 0.228728
   63 	 0.039583 	 0.180811 	 0.282729
   64 	 0.022736 	 0.174300 	 0.327887
   65 	 0.020753 	 0.182605 	 0.445358
   66 	 0.031232 	 0.210770 	 0.461265
   67 	 0.031805 	 0.214358 	 0.397299
   68 	 0.032741 	 0.234989 	 0.479122
   69 	 0.071824 	 0.246218 	 0.473691
   70 	 0.020441 	 0.250484 	 0.472350
   71 	 0.013474 	 0.278893 	 0.472201
   72 	 0.038862 	 0.302124 	 0.475831
   73 	 0.118334 	 0.329957 	 0.461650
   74 	 0.037308 	 0.303880 	 0.474968
   75 	 0.013355 	 0.327299 	 0.465879
   76 	 0.032075 	 0.322167 	 0.475398
   77 	 0.029610 	 0.315377 	 0.461635
   78 	 0.032819 	 0.323215 	 0.515867
   79 	 0.052501 	 0.342850 	 0.490806
 