   0 	 0.002622 	 0.004861 	 0.009687
    1 	 0.002886 	 0.005254 	 0.010662
    2 	 0.002376 	 0.005874 	 0.011316
    3 	 0.002364 	 0.006436 	 0.013551
    4 	 0.002705 	 0.006323 	 0.011736
    5 	 0.002763 	 0.007253 	 0.024258
    6 	 0.003938 	 0.008508 	 0.023788
    7 	 0.004871 	 0.010613 	 0.032350
    8 	 0.004672 	 0.012729 	 0.034638
    9 	 0.005081 	 0.015899 	 0.040848
   10 	 0.007466 	 0.021932 	 0.040845
   11 	 0.007325 	 0.025467 	 0.041207
   12 	 0.010153 	 0.027716 	 0.051089
   13 	 0.010711 	 0.030648 	 0.057918
   14 	 0.009874 	 0.032835 	 0.059187
   15 	 0.011291 	 0.035866 	 0.063584
   16 	 0.012229 	 0.039856 	 0.074589
   17 	 0.012286 	 0.041638 	 0.078819
   18 	 0.012300 	 0.044833 	 0.079657
   19 	 0.010995 	 0.048824 	 0.088681
   20 	 0.013931 	 0.052124 	 0.104635
   21 	 0.015250 	 0.069006 	 0.124139
   22 	 0.019383 	 0.075885 	 0.126344
   23 	 0.019517 	 0.078568 	 0.164159
   24 	 0.018240 	 0.082331 	 0.192820
   25 	 0.014934 	 0.089443 	 0.172553
   26 	 0.017281 	 0.092948 	 0.184375
   27 	 0.016938 	 0.095914 	 0.192188
   28 	 0.015451 	 0.104377 	 0.197248
   29 	 0.013549 	 0.118843 	 0.225218
   30 	 0.013627 	 0.123112 	 0.234815
   31 	 0.035832 	 0.136996 	 0.247855
   32 	 0.021521 	 0.136925 	 0.206062
   33 	 0.013377 	 0.135900 	 0.233018
   34 	 0.021144 	 0.140019 	 0.221656
   35 	 0.014951 	 0.159473 	 0.250280
   36 	 0.016597 	 0.175047 	 0.243639
   37 	 0.017338 	 0.170249 	 0.294639
   38 	 0.013478 	 0.181482 	 0.365102
   39 	 0.019761 	 0.190261 	 0.365519
   40 	 0.039360 	 0.200458 	 0.389889
   41 	 0.023654 	 0.204926 	 0.297895
   42 	 0.060051 	 0.211039 	 0.379508
   43 	 0.042349 	 0.219164 	 0.414373
   44 	 0.024321 	 0.231497 	 0.384243
   45 	 0.018934 	 0.225637 	 0.402452
   46 	 0.016005 	 0.237199 	 0.403416
   47 	 0.058027 	 0.253533 	 0.394232
   48 	 0.181175 	 0.265533 	 0.377175
   49 	 0.046981 	 0.280333 	 0.409968
   50 	 0.066502 	 0.272190 	 0.417697
   51 	 0.019506 	 0.275306 	 0.393191
   52 	 0.013277 	 0.274030 	 0.438559
   53 	 0.016495 	 0.279631 	 0.425174
   54 	 0.033109 	 0.285638 	 0.398627
   55 	 0.038473 	 0.296507 	 0.578357
   56 	 0.017782 	 0.303279 	 0.493199
   57 	 0.019604 	 0.306439 	 0.519215
   58 	 0.048262 	 0.323637 	 0.558626
   59 	 0.016175 	 0.312699 	 0.555946
   60 	 0.019671 	 0.311756 	 0.713698
   61 	 0.035593 	 0.330617 	 0.702071
   62 	 0.013320 	 0.328551 	 0.777638
   63 	 0.019013 	 0.351415 	 0.801134
   64 	 0.020668 	 0.391221 	 0.862483
   65 	 0.020747 	 0.452501 	 0.820440
   66 	 0.021134 	 0.471934 	 0.865655
   67 	 0.023792 	 0.489300 	 0.835916
   68 	 0.020695 	 0.520976 	 0.865097
   69 	 0.020615 	 0.531055 	 0.912300
   70 	 0.043536 	 0.545082 	 0.890964
   71 	 0.089599 	 0.556732 	 0.854427
   72 	 0.084607 	 0.534771 	 0.890059
   73 	 0.016565 	 0.532322 	 0.946729
   74 	 0.020125 	 0.521991 	 0.814305
   75 	 0.069245 	 0.575127 	 0.946880
   76 	 0.018227 	 0.559816 	 0.849574
   77 	 0.022319 	 0.538515 	 0.931828
   78 	 0.016718 	 0.555913 	 0.908418
   79 	 0.018187 	 0.562719 	 0.913432
 