   0 	 0.002389 	 0.004447 	 0.009248
    1 	 0.002993 	 0.004811 	 0.009307
    2 	 0.002533 	 0.004931 	 0.009889
    3 	 0.002912 	 0.005343 	 0.010454
    4 	 0.003046 	 0.005546 	 0.010732
    5 	 0.003029 	 0.005696 	 0.011440
    6 	 0.003777 	 0.006552 	 0.011414
    7 	 0.004540 	 0.007285 	 0.011471
    8 	 0.004011 	 0.007473 	 0.011275
    9 	 0.003317 	 0.008193 	 0.014635
   10 	 0.004110 	 0.009117 	 0.016756
   11 	 0.005585 	 0.009585 	 0.015447
   12 	 0.005565 	 0.009899 	 0.016550
   13 	 0.005894 	 0.010372 	 0.018771
   14 	 0.005557 	 0.011727 	 0.028438
   15 	 0.005566 	 0.012729 	 0.029020
   16 	 0.006395 	 0.013821 	 0.028488
   17 	 0.006372 	 0.014371 	 0.026145
   18 	 0.008116 	 0.015923 	 0.026285
   19 	 0.008214 	 0.016822 	 0.026413
   20 	 0.008320 	 0.018669 	 0.030238
   21 	 0.006893 	 0.019186 	 0.029992
   22 	 0.009716 	 0.021095 	 0.030340
   23 	 0.011710 	 0.022652 	 0.032863
   24 	 0.012216 	 0.022051 	 0.030497
   25 	 0.010262 	 0.021678 	 0.030486
   26 	 0.009576 	 0.022394 	 0.036911
   27 	 0.011697 	 0.023568 	 0.037070
   28 	 0.014271 	 0.023886 	 0.036218
   29 	 0.016052 	 0.024862 	 0.036113
   30 	 0.013276 	 0.024990 	 0.041104
   31 	 0.012055 	 0.026948 	 0.042861
   32 	 0.013927 	 0.027694 	 0.047737
   33 	 0.011212 	 0.028888 	 0.044198
   34 	 0.012683 	 0.029020 	 0.043664
   35 	 0.012653 	 0.031535 	 0.043964
   36 	 0.014179 	 0.034212 	 0.053005
   37 	 0.017055 	 0.035560 	 0.065547
   38 	 0.016981 	 0.036736 	 0.067008
   39 	 0.020321 	 0.038629 	 0.065122
   40 	 0.013633 	 0.038804 	 0.058884
   41 	 0.013105 	 0.041952 	 0.069834
   42 	 0.020740 	 0.046238 	 0.072816
   43 	 0.016623 	 0.046781 	 0.072972
   44 	 0.016627 	 0.047610 	 0.071079
   45 	 0.016594 	 0.048004 	 0.089346
   46 	 0.017167 	 0.051940 	 0.105531
   47 	 0.016722 	 0.055067 	 0.103500
   48 	 0.030507 	 0.055797 	 0.099562
   49 	 0.017867 	 0.060827 	 0.109202
   50 	 0.018100 	 0.067780 	 0.130646
   51 	 0.027615 	 0.074462 	 0.151756
   52 	 0.027968 	 0.085331 	 0.153091
   53 	 0.028255 	 0.096649 	 0.179639
   54 	 0.014414 	 0.103594 	 0.161256
   55 	 0.014398 	 0.106742 	 0.161557
   56 	 0.023118 	 0.112019 	 0.177703
   57 	 0.036312 	 0.121060 	 0.163967
   58 	 0.022458 	 0.122377 	 0.194116
   59 	 0.021410 	 0.127086 	 0.184249
   60 	 0.038445 	 0.136863 	 0.185521
   61 	 0.013585 	 0.135285 	 0.192499
   62 	 0.013531 	 0.139891 	 0.197689
   63 	 0.088502 	 0.151544 	 0.203835
   64 	 0.039464 	 0.147096 	 0.199635
   65 	 0.042569 	 0.145831 	 0.206054
   66 	 0.062655 	 0.152306 	 0.199418
   67 	 0.026416 	 0.146662 	 0.196139
   68 	 0.036876 	 0.145345 	 0.198046
   69 	 0.012333 	 0.146656 	 0.207338
   70 	 0.027896 	 0.153090 	 0.216194
   71 	 0.040255 	 0.156393 	 0.276290
   72 	 0.043950 	 0.166330 	 0.268849
   73 	 0.037576 	 0.169099 	 0.268787
   74 	 0.025865 	 0.167746 	 0.264916
   75 	 0.046661 	 0.185799 	 0.289991
   76 	 0.054157 	 0.194009 	 0.312020
   77 	 0.056557 	 0.199107 	 0.312092
   78 	 0.031953 	 0.194708 	 0.307415
   79 	 0.046431 	 0.201752 	 0.335617
 