   0 	 -1.000000 	 6.593855 	 100.000000
    1 	 -1.000000 	 58.343406 	 100.000000
    2 	 -1.000000 	 48.338889 	 100.000000
    3 	 -1.000000 	 63.351052 	 100.000000
    4 	 -1.000000 	 55.004167 	 100.000000
    5 	 -1.000000 	 73.343056 	 100.000000
    6 	 -0.500000 	 68.344603 	 100.000000
    7 	 -0.250000 	 79.998770 	 100.000000
    8 	 1.000000 	 98.350000 	 100.000000
    9 	 -0.500000 	 93.329722 	 100.000000
   10 	 1.000000 	 98.350000 	 100.000000
   11 	 100.000000 	 100.000000 	 100.000000
   12 	 -0.125000 	 96.666667 	 100.000000
   13 	 100.000000 	 100.000000 	 100.000000
   14 	 100.000000 	 100.000000 	 100.000000
   15 	 100.000000 	 100.000000 	 100.000000
   16 	 100.000000 	 100.000000 	 100.000000
   17 	 100.000000 	 100.000000 	 100.000000
   18 	 100.000000 	 100.000000 	 100.000000
   19 	 100.000000 	 100.000000 	 100.000000
   20 	 100.000000 	 100.000000 	 100.000000
   21 	 100.000000 	 100.000000 	 100.000000
   22 	 100.000000 	 100.000000 	 100.000000
   23 	 100.000000 	 100.000000 	 100.000000
   24 	 100.000000 	 100.000000 	 100.000000
   25 	 100.000000 	 100.000000 	 100.000000
   26 	 100.000000 	 100.000000 	 100.000000
   27 	 100.000000 	 100.000000 	 100.000000
   28 	 100.000000 	 100.000000 	 100.000000
   29 	 100.000000 	 100.000000 	 100.000000
   30 	 100.000000 	 100.000000 	 100.000000
   31 	 100.000000 	 100.000000 	 100.000000
   32 	 100.000000 	 100.000000 	 100.000000
   33 	 100.000000 	 100.000000 	 100.000000
   34 	 100.000000 	 100.000000 	 100.000000
   35 	 100.000000 	 100.000000 	 100.000000
   36 	 100.000000 	 100.000000 	 100.000000
   37 	 100.000000 	 100.000000 	 100.000000
   38 	 -1.000000 	 98.316667 	 100.000000
   39 	 100.000000 	 100.000000 	 100.000000
   40 	 100.000000 	 100.000000 	 100.000000
   41 	 100.000000 	 100.000000 	 100.000000
   42 	 100.000000 	 100.000000 	 100.000000
   43 	 1.000000 	 98.350000 	 100.000000
   44 	 1.000000 	 98.350000 	 100.000000
   45 	 100.000000 	 100.000000 	 100.000000
   46 	 100.000000 	 100.000000 	 100.000000
   47 	 100.000000 	 100.000000 	 100.000000
   48 	 100.000000 	 100.000000 	 100.000000
   49 	 100.000000 	 100.000000 	 100.000000
   50 	 100.000000 	 100.000000 	 100.000000
   51 	 100.000000 	 100.000000 	 100.000000
   52 	 100.000000 	 100.000000 	 100.000000
   53 	 100.000000 	 100.000000 	 100.000000
   54 	 100.000000 	 100.000000 	 100.000000
   55 	 100.000000 	 100.000000 	 100.000000
   56 	 100.000000 	 100.000000 	 100.000000
   57 	 100.000000 	 100.000000 	 100.000000
   58 	 100.000000 	 100.000000 	 100.000000
   59 	 100.000000 	 100.000000 	 100.000000
   60 	 100.000000 	 100.000000 	 100.000000
   61 	 100.000000 	 100.000000 	 100.000000
   62 	 100.000000 	 100.000000 	 100.000000
   63 	 -1.000000 	 98.316667 	 100.000000
   64 	 -0.250000 	 98.329167 	 100.000000
   65 	 100.000000 	 100.000000 	 100.000000
   66 	 100.000000 	 100.000000 	 100.000000
   67 	 100.000000 	 100.000000 	 100.000000
   68 	 100.000000 	 100.000000 	 100.000000
   69 	 100.000000 	 100.000000 	 100.000000
   70 	 100.000000 	 100.000000 	 100.000000
   71 	 100.000000 	 100.000000 	 100.000000
   72 	 100.000000 	 100.000000 	 100.000000
   73 	 100.000000 	 100.000000 	 100.000000
   74 	 100.000000 	 100.000000 	 100.000000
   75 	 100.000000 	 100.000000 	 100.000000
   76 	 100.000000 	 100.000000 	 100.000000
   77 	 100.000000 	 100.000000 	 100.000000
   78 	 100.000000 	 100.000000 	 100.000000
   79 	 100.000000 	 100.000000 	 100.000000
 