   0 	 -1.000000 	 -0.081397 	 1.000000
    1 	 -0.333333 	 -0.130556 	 -0.125000
    2 	 -0.125000 	 -0.125000 	 -0.125000
    3 	 -0.125000 	 -0.125000 	 -0.125000
    4 	 -0.125000 	 -0.125000 	 -0.125000
    5 	 -0.125000 	 -0.125000 	 -0.125000
    6 	 -0.125000 	 -0.125000 	 -0.125000
    7 	 -0.125000 	 -0.125000 	 -0.125000
    8 	 -0.125000 	 -0.125000 	 -0.125000
    9 	 -0.125000 	 -0.125000 	 -0.125000
   10 	 -0.125000 	 -0.125000 	 -0.125000
   11 	 -0.125000 	 -0.125000 	 -0.125000
   12 	 -0.125000 	 -0.125000 	 -0.125000
   13 	 -0.125000 	 -0.125000 	 -0.125000
   14 	 -0.125000 	 -0.125000 	 -0.125000
   15 	 -0.125000 	 -0.125000 	 -0.125000
   16 	 -0.125000 	 -0.125000 	 -0.125000
   17 	 -0.125000 	 -0.125000 	 -0.125000
   18 	 -0.125000 	 -0.125000 	 -0.125000
   19 	 -0.125000 	 -0.125000 	 -0.125000
   20 	 -0.166667 	 -0.125694 	 -0.125000
   21 	 -0.125000 	 -0.125000 	 -0.125000
   22 	 -0.125000 	 -0.125000 	 -0.125000
   23 	 -0.125000 	 -0.125000 	 -0.125000
   24 	 -0.125000 	 -0.125000 	 -0.125000
   25 	 -0.125000 	 -0.125000 	 -0.125000
   26 	 -0.125000 	 -0.125000 	 -0.125000
   27 	 -0.125000 	 -0.125000 	 -0.125000
   28 	 -0.125000 	 -0.125000 	 -0.125000
   29 	 -0.125000 	 -0.125000 	 -0.125000
   30 	 -0.125000 	 -0.125000 	 -0.125000
   31 	 -0.125000 	 -0.125000 	 -0.125000
   32 	 -0.125000 	 -0.125000 	 -0.125000
   33 	 -0.125000 	 -0.124432 	 -0.090909
   34 	 -0.125000 	 -0.125000 	 -0.125000
   35 	 -0.125000 	 -0.125000 	 -0.125000
   36 	 -0.125000 	 -0.125000 	 -0.125000
   37 	 -0.125000 	 -0.125000 	 -0.125000
   38 	 -0.125000 	 -0.125000 	 -0.125000
   39 	 -0.125000 	 -0.125000 	 -0.125000
   40 	 -0.125000 	 -0.125000 	 -0.125000
   41 	 -0.125000 	 -0.125000 	 -0.125000
   42 	 -0.142857 	 -0.125298 	 -0.125000
   43 	 -0.142857 	 -0.125298 	 -0.125000
   44 	 -0.125000 	 -0.125000 	 -0.125000
   45 	 -0.125000 	 -0.125000 	 -0.125000
   46 	 -0.125000 	 -0.125000 	 -0.125000
   47 	 -0.125000 	 -0.125000 	 -0.125000
   48 	 -0.125000 	 -0.125000 	 -0.125000
   49 	 -0.125000 	 -0.125000 	 -0.125000
   50 	 -0.125000 	 -0.125000 	 -0.125000
   51 	 -0.125000 	 -0.125000 	 -0.125000
   52 	 -0.125000 	 -0.125000 	 -0.125000
   53 	 -0.125000 	 -0.124769 	 -0.111111
   54 	 -0.125000 	 -0.125000 	 -0.125000
   55 	 -0.125000 	 -0.125000 	 -0.125000
   56 	 -0.125000 	 -0.125000 	 -0.125000
   57 	 -0.200000 	 -0.126250 	 -0.125000
   58 	 -0.125000 	 -0.125000 	 -0.125000
   59 	 -0.125000 	 -0.125000 	 -0.125000
   60 	 -0.125000 	 -0.125000 	 -0.125000
   61 	 -0.125000 	 -0.125000 	 -0.125000
   62 	 -0.125000 	 -0.125000 	 -0.125000
   63 	 -0.125000 	 -0.125000 	 -0.125000
   64 	 -0.125000 	 -0.125000 	 -0.125000
   65 	 -0.125000 	 -0.125000 	 -0.125000
   66 	 -0.125000 	 -0.125000 	 -0.125000
   67 	 -0.125000 	 -0.125000 	 -0.125000
   68 	 -0.125000 	 -0.125000 	 -0.125000
   69 	 -0.125000 	 -0.125000 	 -0.125000
   70 	 -0.125000 	 -0.125000 	 -0.125000
   71 	 -0.125000 	 -0.125000 	 -0.125000
   72 	 -0.125000 	 -0.125000 	 -0.125000
   73 	 -0.125000 	 -0.125000 	 -0.125000
   74 	 -0.125000 	 -0.125000 	 -0.125000
   75 	 -0.250000 	 -0.127083 	 -0.125000
   76 	 -0.125000 	 -0.125000 	 -0.125000
   77 	 -0.125000 	 -0.125000 	 -0.125000
   78 	 -0.250000 	 -0.127083 	 -0.125000
   79 	 -0.125000 	 -0.125000 	 -0.125000
 