   0 	 -1.000000 	 4.902155 	 100.000000
    1 	 -1.000000 	 63.347222 	 100.000000
    2 	 -1.000000 	 69.998611 	 100.000000
    3 	 -1.000000 	 86.666667 	 100.000000
    4 	 -0.500000 	 66.727778 	 100.000000
    5 	 -1.000000 	 51.742222 	 100.000000
    6 	 -1.000000 	 75.019444 	 100.000000
    7 	 -1.000000 	 81.675000 	 100.000000
    8 	 -1.000000 	 61.641667 	 100.000000
    9 	 -1.000000 	 56.650000 	 100.000000
   10 	 -1.000000 	 51.641667 	 100.000000
   11 	 -1.000000 	 51.673889 	 100.000000
   12 	 -1.000000 	 56.677778 	 100.000000
   13 	 -1.000000 	 66.658333 	 100.000000
   14 	 -1.000000 	 69.997222 	 100.000000
   15 	 -1.000000 	 76.661944 	 100.000000
   16 	 -0.500000 	 63.340119 	 100.000000
   17 	 -1.000000 	 56.666667 	 100.000000
   18 	 -1.000000 	 84.983333 	 100.000000
   19 	 -1.000000 	 83.340833 	 100.000000
   20 	 -1.000000 	 84.980556 	 100.000000
   21 	 -0.500000 	 93.333333 	 100.000000
   22 	 -1.000000 	 93.333333 	 100.000000
   23 	 -0.500000 	 85.016667 	 100.000000
   24 	 -0.500000 	 93.333333 	 100.000000
   25 	 -0.500000 	 83.333333 	 100.000000
   26 	 -0.500000 	 96.666667 	 100.000000
   27 	 -0.500000 	 96.666667 	 100.000000
   28 	 -0.500000 	 91.662500 	 100.000000
   29 	 -0.500000 	 83.333333 	 100.000000
   30 	 -0.500000 	 86.666667 	 100.000000
   31 	 -0.250000 	 96.666667 	 100.000000
   32 	 -0.500000 	 86.666667 	 100.000000
   33 	 -0.500000 	 96.666667 	 100.000000
   34 	 -0.500000 	 94.991667 	 100.000000
   35 	 -0.500000 	 88.341667 	 100.000000
   36 	 -0.500000 	 91.658333 	 100.000000
   37 	 -0.500000 	 91.661111 	 100.000000
   38 	 -0.500000 	 95.008333 	 100.000000
   39 	 -0.500000 	 86.666667 	 100.000000
   40 	 -0.500000 	 96.666667 	 100.000000
   41 	 -1.000000 	 98.316667 	 100.000000
   42 	 -0.500000 	 90.000000 	 100.000000
   43 	 -0.500000 	 93.333333 	 100.000000
   44 	 -0.500000 	 96.666667 	 100.000000
   45 	 -0.500000 	 86.666667 	 100.000000
   46 	 -0.500000 	 95.004167 	 100.000000
   47 	 -0.500000 	 90.000000 	 100.000000
   48 	 100.000000 	 100.000000 	 100.000000
   49 	 100.000000 	 100.000000 	 100.000000
   50 	 100.000000 	 100.000000 	 100.000000
   51 	 -0.250000 	 98.329167 	 100.000000
   52 	 100.000000 	 100.000000 	 100.000000
   53 	 100.000000 	 100.000000 	 100.000000
   54 	 100.000000 	 100.000000 	 100.000000
   55 	 100.000000 	 100.000000 	 100.000000
   56 	 100.000000 	 100.000000 	 100.000000
   57 	 100.000000 	 100.000000 	 100.000000
   58 	 100.000000 	 100.000000 	 100.000000
   59 	 100.000000 	 100.000000 	 100.000000
   60 	 100.000000 	 100.000000 	 100.000000
   61 	 100.000000 	 100.000000 	 100.000000
   62 	 100.000000 	 100.000000 	 100.000000
   63 	 100.000000 	 100.000000 	 100.000000
   64 	 0.500000 	 98.341667 	 100.000000
   65 	 100.000000 	 100.000000 	 100.000000
   66 	 -0.333333 	 98.327778 	 100.000000
   67 	 -1.000000 	 98.316667 	 100.000000
   68 	 100.000000 	 100.000000 	 100.000000
   69 	 -0.250000 	 98.329167 	 100.000000
   70 	 100.000000 	 100.000000 	 100.000000
   71 	 100.000000 	 100.000000 	 100.000000
   72 	 100.000000 	 100.000000 	 100.000000
   73 	 100.000000 	 100.000000 	 100.000000
   74 	 -1.000000 	 98.316667 	 100.000000
   75 	 100.000000 	 100.000000 	 100.000000
   76 	 100.000000 	 100.000000 	 100.000000
   77 	 100.000000 	 100.000000 	 100.000000
   78 	 100.000000 	 100.000000 	 100.000000
   79 	 100.000000 	 100.000000 	 100.000000
 