   0 	 -1.000000 	 6.661389 	 100.000000
    1 	 -1.000000 	 60.019563 	 100.000000
    2 	 -1.000000 	 51.640000 	 100.000000
    3 	 -1.000000 	 63.333333 	 100.000000
    4 	 -1.000000 	 41.635231 	 100.000000
    5 	 -1.000000 	 73.319444 	 100.000000
    6 	 -1.000000 	 66.691111 	 100.000000
    7 	 -1.000000 	 73.336111 	 100.000000
    8 	 -1.000000 	 56.608333 	 100.000000
    9 	 -1.000000 	 58.316667 	 100.000000
   10 	 -1.000000 	 73.300231 	 100.000000
   11 	 -1.000000 	 71.659167 	 100.000000
   12 	 -0.250000 	 90.001667 	 100.000000
   13 	 -0.500000 	 68.350278 	 100.000000
   14 	 -1.000000 	 70.010185 	 100.000000
   15 	 -0.500000 	 63.334398 	 100.000000
   16 	 -1.000000 	 86.659167 	 100.000000
   17 	 -0.500000 	 86.675833 	 100.000000
   18 	 -1.000000 	 79.968333 	 100.000000
   19 	 -0.250000 	 86.668333 	 100.000000
   20 	 -1.000000 	 78.318333 	 100.000000
   21 	 -0.250000 	 83.333333 	 100.000000
   22 	 -0.500000 	 70.026389 	 100.000000
   23 	 -0.500000 	 83.342500 	 100.000000
   24 	 -0.250000 	 86.666667 	 100.000000
   25 	 -1.000000 	 71.666667 	 100.000000
   26 	 -0.250000 	 83.333333 	 100.000000
   27 	 -0.500000 	 83.341667 	 100.000000
   28 	 -0.500000 	 83.350000 	 100.000000
   29 	 -1.000000 	 83.333333 	 100.000000
   30 	 -0.500000 	 90.000000 	 100.000000
   31 	 -1.000000 	 91.650000 	 100.000000
   32 	 -0.500000 	 76.675000 	 100.000000
   33 	 -0.250000 	 83.333333 	 100.000000
   34 	 -1.000000 	 90.000000 	 100.000000
   35 	 -1.000000 	 81.650000 	 100.000000
   36 	 -0.250000 	 83.333333 	 100.000000
   37 	 -0.250000 	 96.666667 	 100.000000
   38 	 -1.000000 	 78.316667 	 100.000000
   39 	 -1.000000 	 68.325000 	 100.000000
   40 	 -1.000000 	 80.011111 	 100.000000
   41 	 -0.250000 	 93.333333 	 100.000000
   42 	 -0.500000 	 90.016667 	 100.000000
   43 	 -0.250000 	 90.000000 	 100.000000
   44 	 -0.500000 	 90.008333 	 100.000000
   45 	 -1.000000 	 91.652778 	 100.000000
   46 	 -0.250000 	 93.333333 	 100.000000
   47 	 -1.000000 	 80.002778 	 100.000000
   48 	 -1.000000 	 93.333333 	 100.000000
   49 	 -0.500000 	 93.341667 	 100.000000
   50 	 100.000000 	 100.000000 	 100.000000
   51 	 -0.250000 	 96.666667 	 100.000000
   52 	 -0.250000 	 96.666667 	 100.000000
   53 	 100.000000 	 100.000000 	 100.000000
   54 	 100.000000 	 100.000000 	 100.000000
   55 	 100.000000 	 100.000000 	 100.000000
   56 	 100.000000 	 100.000000 	 100.000000
   57 	 100.000000 	 100.000000 	 100.000000
   58 	 100.000000 	 100.000000 	 100.000000
   59 	 100.000000 	 100.000000 	 100.000000
   60 	 100.000000 	 100.000000 	 100.000000
   61 	 100.000000 	 100.000000 	 100.000000
   62 	 100.000000 	 100.000000 	 100.000000
   63 	 100.000000 	 100.000000 	 100.000000
   64 	 100.000000 	 100.000000 	 100.000000
   65 	 100.000000 	 100.000000 	 100.000000
   66 	 100.000000 	 100.000000 	 100.000000
   67 	 100.000000 	 100.000000 	 100.000000
   68 	 100.000000 	 100.000000 	 100.000000
   69 	 100.000000 	 100.000000 	 100.000000
   70 	 -0.250000 	 98.329167 	 100.000000
   71 	 100.000000 	 100.000000 	 100.000000
   72 	 100.000000 	 100.000000 	 100.000000
   73 	 100.000000 	 100.000000 	 100.000000
   74 	 100.000000 	 100.000000 	 100.000000
   75 	 100.000000 	 100.000000 	 100.000000
   76 	 100.000000 	 100.000000 	 100.000000
   77 	 100.000000 	 100.000000 	 100.000000
   78 	 100.000000 	 100.000000 	 100.000000
   79 	 100.000000 	 100.000000 	 100.000000
 