   0 	 0.002401 	 0.004780 	 0.007874
    1 	 0.002403 	 0.004914 	 0.007797
    2 	 0.002949 	 0.004978 	 0.007880
    3 	 0.002951 	 0.005143 	 0.010078
    4 	 0.002454 	 0.005666 	 0.010339
    5 	 0.003705 	 0.005952 	 0.011128
    6 	 0.003402 	 0.006412 	 0.010931
    7 	 0.004020 	 0.006875 	 0.013477
    8 	 0.003985 	 0.007697 	 0.013440
    9 	 0.003987 	 0.008366 	 0.013368
   10 	 0.003988 	 0.008434 	 0.012331
   11 	 0.004634 	 0.009057 	 0.013121
   12 	 0.004649 	 0.008994 	 0.017203
   13 	 0.005679 	 0.009460 	 0.017456
   14 	 0.005561 	 0.010225 	 0.019702
   15 	 0.006120 	 0.011316 	 0.022700
   16 	 0.005890 	 0.011286 	 0.021410
   17 	 0.005369 	 0.013412 	 0.033068
   18 	 0.006363 	 0.016397 	 0.047829
   19 	 0.008301 	 0.019616 	 0.052745
   20 	 0.010210 	 0.023851 	 0.051860
   21 	 0.010380 	 0.026175 	 0.052679
   22 	 0.013716 	 0.029699 	 0.054118
   23 	 0.013413 	 0.034249 	 0.055646
   24 	 0.013266 	 0.036425 	 0.055672
   25 	 0.014249 	 0.038543 	 0.055802
   26 	 0.017332 	 0.040729 	 0.070240
   27 	 0.017141 	 0.043746 	 0.060194
   28 	 0.014489 	 0.041818 	 0.061836
   29 	 0.018863 	 0.043301 	 0.067030
   30 	 0.018504 	 0.044317 	 0.065265
   31 	 0.015870 	 0.045433 	 0.062849
   32 	 0.014255 	 0.047482 	 0.073358
   33 	 0.014697 	 0.051818 	 0.074460
   34 	 0.014697 	 0.053316 	 0.076645
   35 	 0.022329 	 0.053077 	 0.072028
   36 	 0.034790 	 0.054170 	 0.071394
   37 	 0.026981 	 0.053839 	 0.079615
   38 	 0.035470 	 0.058613 	 0.082858
   39 	 0.031184 	 0.059149 	 0.080780
   40 	 0.030793 	 0.061098 	 0.080300
   41 	 0.043118 	 0.061546 	 0.079594
   42 	 0.021137 	 0.061937 	 0.083254
   43 	 0.046610 	 0.063712 	 0.085564
   44 	 0.041154 	 0.065483 	 0.083464
   45 	 0.023462 	 0.064217 	 0.082922
   46 	 0.010928 	 0.063635 	 0.083729
   47 	 0.010928 	 0.065748 	 0.079971
   48 	 0.042414 	 0.067317 	 0.080212
   49 	 0.042277 	 0.067516 	 0.077784
   50 	 0.014284 	 0.065601 	 0.084467
   51 	 0.020960 	 0.067275 	 0.083589
   52 	 0.020963 	 0.068559 	 0.083618
   53 	 0.055636 	 0.070770 	 0.087146
   54 	 0.062046 	 0.072066 	 0.087717
   55 	 0.010857 	 0.070300 	 0.083465
   56 	 0.020085 	 0.070637 	 0.081701
   57 	 0.053902 	 0.071727 	 0.080428
   58 	 0.053665 	 0.069922 	 0.079328
   59 	 0.048042 	 0.069539 	 0.086683
   60 	 0.059804 	 0.070289 	 0.086021
   61 	 0.059109 	 0.070780 	 0.090839
   62 	 0.041169 	 0.069169 	 0.088592
   63 	 0.040884 	 0.070196 	 0.090637
   64 	 0.039919 	 0.070240 	 0.088548
   65 	 0.025082 	 0.069404 	 0.092778
   66 	 0.024852 	 0.069233 	 0.093162
   67 	 0.021841 	 0.068217 	 0.089702
   68 	 0.063092 	 0.072139 	 0.090169
   69 	 0.064164 	 0.072587 	 0.089437
   70 	 0.025072 	 0.071300 	 0.086375
   71 	 0.038197 	 0.072329 	 0.085178
   72 	 0.063575 	 0.073201 	 0.085225
   73 	 0.062974 	 0.073158 	 0.087369
   74 	 0.065137 	 0.073709 	 0.086039
   75 	 0.063892 	 0.074209 	 0.086484
   76 	 0.017955 	 0.074663 	 0.090043
   77 	 0.018129 	 0.074783 	 0.089099
   78 	 0.034359 	 0.074660 	 0.088791
   79 	 0.067772 	 0.075821 	 0.089297
 