   0 	 0.002290 	 0.004317 	 0.008101
    1 	 0.002292 	 0.004448 	 0.008095
    2 	 0.002660 	 0.004913 	 0.010132
    3 	 0.002897 	 0.005147 	 0.008413
    4 	 0.002780 	 0.005332 	 0.013488
    5 	 0.003370 	 0.005638 	 0.012526
    6 	 0.003170 	 0.005764 	 0.010409
    7 	 0.003759 	 0.006013 	 0.009790
    8 	 0.003645 	 0.006137 	 0.012134
    9 	 0.003547 	 0.007103 	 0.036155
   10 	 0.003260 	 0.009380 	 0.035328
   11 	 0.003867 	 0.013423 	 0.039614
   12 	 0.005097 	 0.020392 	 0.039628
   13 	 0.005337 	 0.026099 	 0.055968
   14 	 0.005049 	 0.029388 	 0.055288
   15 	 0.013155 	 0.033179 	 0.067616
   16 	 0.012756 	 0.036743 	 0.066675
   17 	 0.013519 	 0.038858 	 0.069908
   18 	 0.021034 	 0.041426 	 0.070209
   19 	 0.023938 	 0.046378 	 0.092300
   20 	 0.014251 	 0.049743 	 0.092081
   21 	 0.032783 	 0.055602 	 0.091470
   22 	 0.012062 	 0.055887 	 0.096421
   23 	 0.029980 	 0.063029 	 0.098596
   24 	 0.028948 	 0.068907 	 0.098361
   25 	 0.014320 	 0.075470 	 0.102055
   26 	 0.042871 	 0.077356 	 0.097052
   27 	 0.013984 	 0.080298 	 0.103022
   28 	 0.049937 	 0.085188 	 0.104478
   29 	 0.049197 	 0.085618 	 0.113758
   30 	 0.049215 	 0.086946 	 0.110672
   31 	 0.062173 	 0.089160 	 0.117395
   32 	 0.077524 	 0.090875 	 0.126256
   33 	 0.069609 	 0.089490 	 0.124524
   34 	 0.014357 	 0.090133 	 0.123111
   35 	 0.029554 	 0.090251 	 0.111691
   36 	 0.035311 	 0.091110 	 0.110328
   37 	 0.048624 	 0.091832 	 0.111397
   38 	 0.047384 	 0.089890 	 0.121072
   39 	 0.049359 	 0.092684 	 0.130022
   40 	 0.054666 	 0.094542 	 0.128465
   41 	 0.052360 	 0.097422 	 0.130906
   42 	 0.052650 	 0.097216 	 0.126082
   43 	 0.075722 	 0.103207 	 0.131480
   44 	 0.031585 	 0.102352 	 0.129289
   45 	 0.054190 	 0.105312 	 0.130383
   46 	 0.085345 	 0.105586 	 0.141135
   47 	 0.086278 	 0.106773 	 0.143686
   48 	 0.085745 	 0.110994 	 0.134811
   49 	 0.075634 	 0.112202 	 0.144239
   50 	 0.077020 	 0.113734 	 0.152866
   51 	 0.073809 	 0.112934 	 0.153987
   52 	 0.074542 	 0.118416 	 0.155322
   53 	 0.063794 	 0.121739 	 0.153122
   54 	 0.097851 	 0.119488 	 0.152623
   55 	 0.075621 	 0.120172 	 0.153865
   56 	 0.032812 	 0.121835 	 0.151574
   57 	 0.035393 	 0.124778 	 0.149814
   58 	 0.077144 	 0.126636 	 0.156714
   59 	 0.089098 	 0.128646 	 0.156820
   60 	 0.045800 	 0.131215 	 0.154974
   61 	 0.099599 	 0.135904 	 0.155637
   62 	 0.045111 	 0.132877 	 0.155055
   63 	 0.063864 	 0.135837 	 0.156690
   64 	 0.064379 	 0.133726 	 0.156135
   65 	 0.106252 	 0.138699 	 0.155743
   66 	 0.113975 	 0.140220 	 0.155873
   67 	 0.114444 	 0.141339 	 0.155824
   68 	 0.115481 	 0.141609 	 0.155371
   69 	 0.115394 	 0.141580 	 0.155412
   70 	 0.114416 	 0.141456 	 0.155565
   71 	 0.110579 	 0.142390 	 0.155569
   72 	 0.023502 	 0.136087 	 0.155203
   73 	 0.115699 	 0.141837 	 0.157512
   74 	 0.067242 	 0.138103 	 0.155289
   75 	 0.088552 	 0.141447 	 0.155201
   76 	 0.085036 	 0.139890 	 0.155385
   77 	 0.089785 	 0.140350 	 0.155152
   78 	 0.084839 	 0.140002 	 0.156517
   79 	 0.114087 	 0.141455 	 0.155266
 