   0 	 0.002608 	 0.004496 	 0.007843
    1 	 0.002773 	 0.004671 	 0.007815
    2 	 0.002816 	 0.005213 	 0.009013
    3 	 0.003671 	 0.005728 	 0.009471
    4 	 0.003931 	 0.005873 	 0.008992
    5 	 0.003500 	 0.006344 	 0.009865
    6 	 0.003387 	 0.006559 	 0.011128
    7 	 0.003618 	 0.006870 	 0.013281
    8 	 0.003614 	 0.007201 	 0.010939
    9 	 0.004456 	 0.007627 	 0.011768
   10 	 0.004970 	 0.008245 	 0.016597
   11 	 0.005444 	 0.008414 	 0.015974
   12 	 0.005036 	 0.008641 	 0.015044
   13 	 0.005628 	 0.008970 	 0.014922
   14 	 0.005528 	 0.009182 	 0.019075
   15 	 0.005259 	 0.010209 	 0.019025
   16 	 0.005368 	 0.011279 	 0.019176
   17 	 0.007154 	 0.012600 	 0.019959
   18 	 0.006610 	 0.013377 	 0.020477
   19 	 0.007586 	 0.014683 	 0.020740
   20 	 0.006157 	 0.015280 	 0.023832
   21 	 0.008052 	 0.016719 	 0.024071
   22 	 0.007537 	 0.016758 	 0.031121
   23 	 0.008017 	 0.017932 	 0.031084
   24 	 0.008096 	 0.019556 	 0.030907
   25 	 0.013429 	 0.021030 	 0.033106
   26 	 0.011778 	 0.022298 	 0.037528
   27 	 0.010247 	 0.023226 	 0.038094
   28 	 0.013484 	 0.023403 	 0.037734
   29 	 0.011597 	 0.024266 	 0.038141
   30 	 0.013157 	 0.026053 	 0.038402
   31 	 0.012555 	 0.026658 	 0.038095
   32 	 0.011455 	 0.027390 	 0.035241
   33 	 0.019939 	 0.028887 	 0.042416
   34 	 0.009997 	 0.028533 	 0.042611
   35 	 0.010962 	 0.029138 	 0.041613
   36 	 0.021400 	 0.030718 	 0.042172
   37 	 0.017703 	 0.031795 	 0.042065
   38 	 0.024284 	 0.033310 	 0.041639
   39 	 0.023657 	 0.033196 	 0.044555
   40 	 0.023710 	 0.033330 	 0.043039
   41 	 0.012248 	 0.033004 	 0.043913
   42 	 0.012213 	 0.033846 	 0.050723
   43 	 0.017277 	 0.035085 	 0.046198
   44 	 0.015040 	 0.034315 	 0.044995
   45 	 0.014642 	 0.034524 	 0.048768
   46 	 0.015804 	 0.035563 	 0.050656
   47 	 0.015937 	 0.035276 	 0.051254
   48 	 0.012054 	 0.034359 	 0.046530
   49 	 0.017100 	 0.035799 	 0.049397
   50 	 0.012479 	 0.035864 	 0.047578
   51 	 0.010991 	 0.036849 	 0.048208
   52 	 0.017718 	 0.037028 	 0.048075
   53 	 0.013191 	 0.036851 	 0.052124
   54 	 0.027461 	 0.038599 	 0.049200
   55 	 0.029438 	 0.039025 	 0.050532
   56 	 0.028858 	 0.039786 	 0.052339
   57 	 0.029421 	 0.039365 	 0.054928
   58 	 0.012213 	 0.039769 	 0.055124
   59 	 0.016089 	 0.041103 	 0.055127
   60 	 0.013701 	 0.041090 	 0.057201
   61 	 0.013824 	 0.043983 	 0.056182
   62 	 0.014175 	 0.044336 	 0.057977
   63 	 0.023870 	 0.046471 	 0.057299
   64 	 0.023965 	 0.048206 	 0.056616
   65 	 0.026390 	 0.050483 	 0.057157
   66 	 0.035586 	 0.051030 	 0.059202
   67 	 0.019707 	 0.051966 	 0.061661
   68 	 0.019955 	 0.052046 	 0.058231
   69 	 0.019908 	 0.052641 	 0.059146
   70 	 0.019625 	 0.053381 	 0.058575
   71 	 0.043900 	 0.054769 	 0.058930
   72 	 0.043689 	 0.055156 	 0.059572
   73 	 0.041026 	 0.055420 	 0.060664
   74 	 0.041902 	 0.055076 	 0.060964
   75 	 0.028970 	 0.054551 	 0.059555
   76 	 0.029557 	 0.054530 	 0.061545
   77 	 0.029573 	 0.054216 	 0.060844
   78 	 0.029665 	 0.054868 	 0.059839
   79 	 0.048243 	 0.055266 	 0.060347
 