   0 	 0.002425 	 0.004997 	 0.016402
    1 	 0.002240 	 0.005859 	 0.016413
    2 	 0.003492 	 0.007555 	 0.016748
    3 	 0.004040 	 0.010174 	 0.017753
    4 	 0.005666 	 0.012089 	 0.025810
    5 	 0.005654 	 0.013434 	 0.026004
    6 	 0.005701 	 0.013837 	 0.025920
    7 	 0.008031 	 0.014946 	 0.025912
    8 	 0.008047 	 0.016490 	 0.035126
    9 	 0.007837 	 0.019695 	 0.041923
   10 	 0.009004 	 0.020855 	 0.042655
   11 	 0.009644 	 0.023144 	 0.042625
   12 	 0.011400 	 0.026530 	 0.041772
   13 	 0.013073 	 0.029091 	 0.051726
   14 	 0.012991 	 0.028931 	 0.050507
   15 	 0.013048 	 0.031070 	 0.049999
   16 	 0.013021 	 0.033692 	 0.062385
   17 	 0.013117 	 0.038072 	 0.063248
   18 	 0.015595 	 0.042435 	 0.078776
   19 	 0.011239 	 0.044108 	 0.076850
   20 	 0.017963 	 0.047092 	 0.081264
   21 	 0.019353 	 0.049234 	 0.078708
   22 	 0.021065 	 0.052156 	 0.081047
   23 	 0.034806 	 0.055248 	 0.084955
   24 	 0.034495 	 0.055999 	 0.103024
   25 	 0.040458 	 0.059635 	 0.102283
   26 	 0.036464 	 0.067373 	 0.104954
   27 	 0.044686 	 0.071764 	 0.106563
   28 	 0.043672 	 0.074072 	 0.104982
   29 	 0.043365 	 0.079793 	 0.105444
   30 	 0.044902 	 0.085249 	 0.120886
   31 	 0.045501 	 0.088203 	 0.120055
   32 	 0.044582 	 0.089048 	 0.118376
   33 	 0.029291 	 0.091540 	 0.123812
   34 	 0.027852 	 0.088215 	 0.127672
   35 	 0.031536 	 0.090072 	 0.122328
   36 	 0.059630 	 0.093525 	 0.126634
   37 	 0.059528 	 0.097065 	 0.139243
   38 	 0.066433 	 0.097230 	 0.142925
   39 	 0.065340 	 0.098451 	 0.140715
   40 	 0.060050 	 0.102544 	 0.137605
   41 	 0.062630 	 0.106637 	 0.142182
   42 	 0.085387 	 0.108679 	 0.143235
   43 	 0.083448 	 0.105593 	 0.136014
   44 	 0.087536 	 0.105415 	 0.136993
   45 	 0.073007 	 0.107307 	 0.135569
   46 	 0.086282 	 0.108642 	 0.140971
   47 	 0.076076 	 0.110342 	 0.139008
   48 	 0.075144 	 0.111486 	 0.141293
   49 	 0.082519 	 0.116172 	 0.147765
   50 	 0.094911 	 0.120820 	 0.141345
   51 	 0.087148 	 0.118892 	 0.139168
   52 	 0.081287 	 0.117922 	 0.140848
   53 	 0.021375 	 0.116462 	 0.143277
   54 	 0.035271 	 0.120444 	 0.144270
   55 	 0.035569 	 0.119762 	 0.144035
   56 	 0.075091 	 0.123094 	 0.143744
   57 	 0.075316 	 0.123864 	 0.143818
   58 	 0.074906 	 0.124627 	 0.146641
   59 	 0.065592 	 0.125442 	 0.142382
   60 	 0.016284 	 0.125231 	 0.145346
   61 	 0.095610 	 0.127668 	 0.144364
   62 	 0.105751 	 0.128968 	 0.145140
   63 	 0.101350 	 0.127771 	 0.147087
   64 	 0.094581 	 0.125496 	 0.140285
   65 	 0.099689 	 0.126416 	 0.149209
   66 	 0.099499 	 0.128317 	 0.154607
   67 	 0.097185 	 0.128596 	 0.152436
   68 	 0.098371 	 0.126653 	 0.142396
   69 	 0.114008 	 0.130229 	 0.147475
   70 	 0.116810 	 0.131220 	 0.157080
   71 	 0.114480 	 0.132397 	 0.157658
   72 	 0.116581 	 0.133033 	 0.157331
   73 	 0.103472 	 0.132376 	 0.155903
   74 	 0.024717 	 0.129244 	 0.153676
   75 	 0.100766 	 0.130576 	 0.156368
   76 	 0.101260 	 0.132253 	 0.158211
   77 	 0.103341 	 0.131177 	 0.160891
   78 	 0.108198 	 0.133443 	 0.163185
   79 	 0.109956 	 0.131796 	 0.156748
 