   0 	 0.002471 	 0.004923 	 0.010554
    1 	 0.002586 	 0.005228 	 0.010608
    2 	 0.002697 	 0.005880 	 0.010398
    3 	 0.002695 	 0.006037 	 0.014589
    4 	 0.002934 	 0.007281 	 0.018602
    5 	 0.004465 	 0.008773 	 0.020330
    6 	 0.004637 	 0.009810 	 0.021430
    7 	 0.004993 	 0.011741 	 0.030851
    8 	 0.005059 	 0.013138 	 0.030784
    9 	 0.006769 	 0.014840 	 0.030595
   10 	 0.007377 	 0.017563 	 0.030316
   11 	 0.008340 	 0.020839 	 0.034393
   12 	 0.007194 	 0.022090 	 0.044170
   13 	 0.009816 	 0.024862 	 0.045598
   14 	 0.015972 	 0.026549 	 0.045686
   15 	 0.013931 	 0.028308 	 0.046145
   16 	 0.013930 	 0.029445 	 0.045781
   17 	 0.018399 	 0.030830 	 0.048885
   18 	 0.015469 	 0.032620 	 0.050343
   19 	 0.018674 	 0.035133 	 0.051733
   20 	 0.022106 	 0.037071 	 0.050549
   21 	 0.021272 	 0.037599 	 0.056674
   22 	 0.021914 	 0.038183 	 0.056856
   23 	 0.011952 	 0.038968 	 0.055590
   24 	 0.011880 	 0.040563 	 0.054012
   25 	 0.029227 	 0.043047 	 0.054746
   26 	 0.022987 	 0.044150 	 0.054409
   27 	 0.026111 	 0.043847 	 0.054504
   28 	 0.014904 	 0.044046 	 0.058741
   29 	 0.028705 	 0.044944 	 0.062174
   30 	 0.033841 	 0.045967 	 0.059800
   31 	 0.014056 	 0.044424 	 0.056917
   32 	 0.015369 	 0.045424 	 0.061760
   33 	 0.029864 	 0.047381 	 0.061193
   34 	 0.023998 	 0.049779 	 0.064687
   35 	 0.024005 	 0.050674 	 0.065793
   36 	 0.034225 	 0.051750 	 0.064910
   37 	 0.039193 	 0.052611 	 0.064301
   38 	 0.039080 	 0.053060 	 0.067105
   39 	 0.042724 	 0.054069 	 0.065545
   40 	 0.034980 	 0.053452 	 0.063539
   41 	 0.034335 	 0.052173 	 0.068883
   42 	 0.032505 	 0.052464 	 0.070649
   43 	 0.029031 	 0.053990 	 0.071774
   44 	 0.030479 	 0.055403 	 0.068386
   45 	 0.030248 	 0.055536 	 0.068864
   46 	 0.026554 	 0.056232 	 0.070318
   47 	 0.026023 	 0.055408 	 0.071048
   48 	 0.025703 	 0.056718 	 0.070192
   49 	 0.026878 	 0.057860 	 0.071428
   50 	 0.026882 	 0.060385 	 0.072133
   51 	 0.027243 	 0.059045 	 0.072117
   52 	 0.026507 	 0.060506 	 0.071872
   53 	 0.027132 	 0.061363 	 0.072134
   54 	 0.040806 	 0.062366 	 0.071630
   55 	 0.041149 	 0.062485 	 0.072054
   56 	 0.051084 	 0.063780 	 0.071536
   57 	 0.021595 	 0.061520 	 0.071447
   58 	 0.021683 	 0.060621 	 0.071005
   59 	 0.039284 	 0.064094 	 0.076008
   60 	 0.036477 	 0.063254 	 0.070616
   61 	 0.057293 	 0.065376 	 0.071572
   62 	 0.061219 	 0.065959 	 0.071237
   63 	 0.054160 	 0.066289 	 0.071510
   64 	 0.044455 	 0.066224 	 0.071578
   65 	 0.030864 	 0.065653 	 0.100943
   66 	 0.037114 	 0.067777 	 0.099965
   67 	 0.021673 	 0.067060 	 0.102908
   68 	 0.021712 	 0.067213 	 0.096201
   69 	 0.017162 	 0.065147 	 0.072670
   70 	 0.021638 	 0.066547 	 0.071524
   71 	 0.062831 	 0.068340 	 0.071482
   72 	 0.028810 	 0.067132 	 0.071601
   73 	 0.028281 	 0.065372 	 0.072511
   74 	 0.028225 	 0.065911 	 0.071533
   75 	 0.028370 	 0.064864 	 0.070929
   76 	 0.047789 	 0.067851 	 0.096622
   77 	 0.048830 	 0.068524 	 0.104400
   78 	 0.028296 	 0.066989 	 0.103057
   79 	 0.016584 	 0.065736 	 0.094176
 