   0 	 0.002526 	 0.004827 	 0.013760
    1 	 0.002374 	 0.005860 	 0.013873
    2 	 0.002652 	 0.007780 	 0.016904
    3 	 0.003622 	 0.008863 	 0.016916
    4 	 0.004909 	 0.009359 	 0.016250
    5 	 0.004217 	 0.009831 	 0.017133
    6 	 0.004963 	 0.009960 	 0.016755
    7 	 0.004992 	 0.010364 	 0.018055
    8 	 0.005290 	 0.010712 	 0.019119
    9 	 0.006678 	 0.011230 	 0.019140
   10 	 0.006600 	 0.012385 	 0.017992
   11 	 0.007335 	 0.012850 	 0.021476
   12 	 0.007010 	 0.013229 	 0.031850
   13 	 0.008070 	 0.014958 	 0.032091
   14 	 0.007791 	 0.015553 	 0.031766
   15 	 0.007910 	 0.018429 	 0.032441
   16 	 0.007153 	 0.021502 	 0.038025
   17 	 0.008895 	 0.023878 	 0.039408
   18 	 0.009109 	 0.025111 	 0.038875
   19 	 0.008951 	 0.026238 	 0.039289
   20 	 0.010560 	 0.028817 	 0.039346
   21 	 0.012793 	 0.030741 	 0.039784
   22 	 0.020870 	 0.032431 	 0.044199
   23 	 0.020830 	 0.033230 	 0.046756
   24 	 0.014526 	 0.032409 	 0.042002
   25 	 0.015101 	 0.033749 	 0.044595
   26 	 0.023849 	 0.034220 	 0.045898
   27 	 0.010836 	 0.035133 	 0.045151
   28 	 0.025529 	 0.037661 	 0.044749
   29 	 0.025502 	 0.038387 	 0.052626
   30 	 0.023272 	 0.037636 	 0.052748
   31 	 0.023039 	 0.038597 	 0.053411
   32 	 0.022045 	 0.039336 	 0.054754
   33 	 0.022860 	 0.039767 	 0.053561
   34 	 0.031123 	 0.039831 	 0.053232
   35 	 0.036110 	 0.041577 	 0.053527
   36 	 0.017092 	 0.042240 	 0.053508
   37 	 0.017653 	 0.042465 	 0.053769
   38 	 0.036841 	 0.043383 	 0.053894
   39 	 0.036447 	 0.043237 	 0.053817
   40 	 0.035956 	 0.044816 	 0.060104
   41 	 0.036266 	 0.044412 	 0.060423
   42 	 0.035420 	 0.044766 	 0.059965
   43 	 0.031841 	 0.045916 	 0.060555
   44 	 0.037471 	 0.045854 	 0.058901
   45 	 0.035848 	 0.045952 	 0.061006
   46 	 0.035792 	 0.047543 	 0.061492
   47 	 0.035462 	 0.046683 	 0.062294
   48 	 0.035623 	 0.048332 	 0.061071
   49 	 0.035716 	 0.048703 	 0.061533
   50 	 0.035378 	 0.048550 	 0.061121
   51 	 0.035684 	 0.049461 	 0.062056
   52 	 0.030231 	 0.049349 	 0.064541
   53 	 0.036192 	 0.050595 	 0.064404
   54 	 0.035709 	 0.051226 	 0.062220
   55 	 0.042972 	 0.051902 	 0.063895
   56 	 0.038423 	 0.052305 	 0.060101
   57 	 0.042849 	 0.053327 	 0.060032
   58 	 0.042356 	 0.052492 	 0.059908
   59 	 0.038606 	 0.052531 	 0.060036
   60 	 0.041773 	 0.053069 	 0.060455
   61 	 0.034075 	 0.054147 	 0.059891
   62 	 0.029423 	 0.054013 	 0.059937
   63 	 0.043110 	 0.054694 	 0.059560
   64 	 0.042536 	 0.053733 	 0.060429
   65 	 0.044890 	 0.054022 	 0.060832
   66 	 0.044766 	 0.054305 	 0.059407
   67 	 0.045587 	 0.053676 	 0.060240
   68 	 0.043585 	 0.053980 	 0.059927
   69 	 0.043579 	 0.054742 	 0.060586
   70 	 0.044291 	 0.054727 	 0.059896
   71 	 0.027699 	 0.054560 	 0.060101
   72 	 0.028247 	 0.053970 	 0.060080
   73 	 0.028196 	 0.054518 	 0.060041
   74 	 0.045759 	 0.055550 	 0.060082
   75 	 0.044766 	 0.054957 	 0.059998
   76 	 0.045307 	 0.055484 	 0.061583
   77 	 0.045984 	 0.056511 	 0.061613
   78 	 0.028324 	 0.056383 	 0.060661
   79 	 0.028275 	 0.056799 	 0.061154
 