   0 	 0.002363 	 0.004792 	 0.013334
    1 	 0.002556 	 0.005525 	 0.013315
    2 	 0.002666 	 0.006605 	 0.015406
    3 	 0.003506 	 0.008093 	 0.018471
    4 	 0.003500 	 0.008771 	 0.014090
    5 	 0.003437 	 0.009737 	 0.018490
    6 	 0.003806 	 0.010687 	 0.020215
    7 	 0.004434 	 0.012502 	 0.022794
    8 	 0.005281 	 0.014313 	 0.025674
    9 	 0.007631 	 0.016060 	 0.028660
   10 	 0.008557 	 0.018056 	 0.034531
   11 	 0.009143 	 0.019324 	 0.034326
   12 	 0.010761 	 0.020542 	 0.036576
   13 	 0.011737 	 0.021099 	 0.035628
   14 	 0.011197 	 0.021983 	 0.035694
   15 	 0.011836 	 0.023675 	 0.035394
   16 	 0.013250 	 0.024083 	 0.035583
   17 	 0.013772 	 0.024954 	 0.036231
   18 	 0.012413 	 0.025528 	 0.035664
   19 	 0.011508 	 0.025670 	 0.035347
   20 	 0.013082 	 0.026481 	 0.035509
   21 	 0.013324 	 0.027682 	 0.036351
   22 	 0.012433 	 0.028622 	 0.036176
   23 	 0.020915 	 0.030245 	 0.037313
   24 	 0.017078 	 0.030927 	 0.037838
   25 	 0.022188 	 0.031940 	 0.037389
   26 	 0.023303 	 0.032047 	 0.038915
   27 	 0.020592 	 0.031856 	 0.039656
   28 	 0.013390 	 0.032154 	 0.039451
   29 	 0.015534 	 0.031575 	 0.039119
   30 	 0.018384 	 0.032232 	 0.039252
   31 	 0.015889 	 0.031615 	 0.039835
   32 	 0.014663 	 0.031992 	 0.039825
   33 	 0.013309 	 0.032282 	 0.039641
   34 	 0.014067 	 0.032205 	 0.039275
   35 	 0.017050 	 0.033567 	 0.039244
   36 	 0.020445 	 0.033804 	 0.038764
   37 	 0.020686 	 0.033252 	 0.038047
   38 	 0.017993 	 0.033523 	 0.039556
   39 	 0.022626 	 0.034177 	 0.040793
   40 	 0.022614 	 0.034325 	 0.040223
   41 	 0.028910 	 0.035380 	 0.040999
   42 	 0.017645 	 0.034710 	 0.038730
   43 	 0.028723 	 0.035427 	 0.040170
   44 	 0.029526 	 0.035194 	 0.041609
   45 	 0.013874 	 0.034381 	 0.040951
   46 	 0.016919 	 0.033739 	 0.041571
   47 	 0.018363 	 0.034725 	 0.037626
   48 	 0.028897 	 0.034916 	 0.040434
   49 	 0.031781 	 0.035294 	 0.040411
   50 	 0.028324 	 0.035151 	 0.037511
   51 	 0.031723 	 0.035398 	 0.039239
   52 	 0.031546 	 0.035234 	 0.039260
   53 	 0.014233 	 0.035238 	 0.050230
   54 	 0.023260 	 0.035470 	 0.038982
   55 	 0.026750 	 0.035757 	 0.040486
   56 	 0.033286 	 0.035945 	 0.039729
   57 	 0.034407 	 0.036159 	 0.039043
   58 	 0.033834 	 0.036095 	 0.038578
   59 	 0.018893 	 0.035727 	 0.039377
   60 	 0.028967 	 0.035520 	 0.038729
   61 	 0.034263 	 0.036120 	 0.039730
   62 	 0.033781 	 0.036204 	 0.039888
   63 	 0.033990 	 0.036192 	 0.039742
   64 	 0.034156 	 0.036373 	 0.039788
   65 	 0.034370 	 0.036663 	 0.041058
   66 	 0.034201 	 0.036583 	 0.040053
   67 	 0.034776 	 0.036709 	 0.040294
   68 	 0.034661 	 0.036759 	 0.039460
   69 	 0.018879 	 0.036254 	 0.039712
   70 	 0.018663 	 0.035633 	 0.039582
   71 	 0.019358 	 0.036153 	 0.039836
   72 	 0.020892 	 0.036188 	 0.040380
   73 	 0.034248 	 0.036910 	 0.039898
   74 	 0.020917 	 0.036390 	 0.040150
   75 	 0.027164 	 0.037095 	 0.039821
   76 	 0.026768 	 0.036778 	 0.039901
   77 	 0.033149 	 0.037122 	 0.041095
   78 	 0.032059 	 0.036844 	 0.040458
   79 	 0.032755 	 0.036896 	 0.041031
 