   0 	 0.001873 	 0.004380 	 0.011052
    1 	 0.002958 	 0.004947 	 0.011531
    2 	 0.002542 	 0.005292 	 0.011437
    3 	 0.003073 	 0.006063 	 0.013199
    4 	 0.003736 	 0.006070 	 0.013102
    5 	 0.003734 	 0.006638 	 0.013264
    6 	 0.004204 	 0.007729 	 0.016863
    7 	 0.003800 	 0.009074 	 0.023325
    8 	 0.005074 	 0.010407 	 0.023747
    9 	 0.005181 	 0.011901 	 0.022425
   10 	 0.005373 	 0.013000 	 0.023468
   11 	 0.008058 	 0.014874 	 0.024967
   12 	 0.009306 	 0.016437 	 0.030516
   13 	 0.009249 	 0.017466 	 0.032918
   14 	 0.009212 	 0.018211 	 0.027278
   15 	 0.009222 	 0.019083 	 0.039396
   16 	 0.008877 	 0.019373 	 0.039371
   17 	 0.010188 	 0.021036 	 0.040631
   18 	 0.009631 	 0.022658 	 0.039946
   19 	 0.010328 	 0.026193 	 0.041382
   20 	 0.008418 	 0.027735 	 0.046044
   21 	 0.010956 	 0.028921 	 0.045510
   22 	 0.010942 	 0.030188 	 0.048039
   23 	 0.017261 	 0.031357 	 0.048506
   24 	 0.017354 	 0.034425 	 0.053955
   25 	 0.018562 	 0.035047 	 0.054256
   26 	 0.020187 	 0.037712 	 0.064268
   27 	 0.013020 	 0.038565 	 0.064545
   28 	 0.015165 	 0.041851 	 0.064232
   29 	 0.017873 	 0.043028 	 0.065203
   30 	 0.018207 	 0.044431 	 0.066291
   31 	 0.018281 	 0.044377 	 0.067755
   32 	 0.013180 	 0.048905 	 0.074047
   33 	 0.032384 	 0.048190 	 0.075728
   34 	 0.027887 	 0.050931 	 0.079621
   35 	 0.027937 	 0.055254 	 0.082923
   36 	 0.025244 	 0.059663 	 0.082525
   37 	 0.025481 	 0.063011 	 0.083329
   38 	 0.026871 	 0.062710 	 0.081097
   39 	 0.044472 	 0.065306 	 0.081409
   40 	 0.051528 	 0.068219 	 0.082724
   41 	 0.018541 	 0.068338 	 0.108397
   42 	 0.018666 	 0.068923 	 0.106465
   43 	 0.027314 	 0.073030 	 0.109479
   44 	 0.027244 	 0.079066 	 0.112222
   45 	 0.030324 	 0.082216 	 0.140295
   46 	 0.053232 	 0.085284 	 0.141523
   47 	 0.015263 	 0.085216 	 0.146513
   48 	 0.054616 	 0.089428 	 0.148191
   49 	 0.058304 	 0.092472 	 0.139737
   50 	 0.033141 	 0.096839 	 0.145213
   51 	 0.016352 	 0.096830 	 0.144781
   52 	 0.069591 	 0.105334 	 0.146684
   53 	 0.015635 	 0.107140 	 0.151095
   54 	 0.016190 	 0.108584 	 0.158203
   55 	 0.073106 	 0.116784 	 0.158777
   56 	 0.071336 	 0.120876 	 0.161598
   57 	 0.070300 	 0.121961 	 0.157471
   58 	 0.041617 	 0.122878 	 0.159071
   59 	 0.016162 	 0.122874 	 0.159373
   60 	 0.034465 	 0.126747 	 0.164510
   61 	 0.041559 	 0.131212 	 0.163124
   62 	 0.101625 	 0.136654 	 0.162065
   63 	 0.093877 	 0.137812 	 0.163468
   64 	 0.063865 	 0.137837 	 0.165929
   65 	 0.065764 	 0.137771 	 0.160376
   66 	 0.016739 	 0.137037 	 0.164795
   67 	 0.116116 	 0.140757 	 0.167272
   68 	 0.024121 	 0.137898 	 0.163178
   69 	 0.029460 	 0.138058 	 0.164786
   70 	 0.102599 	 0.139450 	 0.169307
   71 	 0.095623 	 0.140414 	 0.161688
   72 	 0.032414 	 0.140954 	 0.166302
   73 	 0.071944 	 0.140852 	 0.159274
   74 	 0.122485 	 0.146259 	 0.172995
   75 	 0.119557 	 0.146822 	 0.167959
   76 	 0.122462 	 0.145944 	 0.171729
   77 	 0.121387 	 0.145376 	 0.173563
   78 	 0.126446 	 0.147514 	 0.163951
   79 	 0.130028 	 0.146559 	 0.161990
 