   0 	 0.002374 	 0.004717 	 0.009989
    1 	 0.002375 	 0.004852 	 0.008281
    2 	 0.003052 	 0.005219 	 0.010564
    3 	 0.003083 	 0.005439 	 0.010511
    4 	 0.003176 	 0.005891 	 0.012884
    5 	 0.003179 	 0.006628 	 0.014734
    6 	 0.004420 	 0.007196 	 0.014782
    7 	 0.003916 	 0.007928 	 0.014739
    8 	 0.004191 	 0.009067 	 0.017569
    9 	 0.004675 	 0.009913 	 0.018050
   10 	 0.004364 	 0.011068 	 0.018369
   11 	 0.006351 	 0.012386 	 0.021126
   12 	 0.006818 	 0.012983 	 0.021933
   13 	 0.006040 	 0.013977 	 0.023499
   14 	 0.005179 	 0.014076 	 0.025372
   15 	 0.005801 	 0.016142 	 0.025731
   16 	 0.011181 	 0.018539 	 0.032046
   17 	 0.011436 	 0.019152 	 0.031413
   18 	 0.011897 	 0.019798 	 0.027579
   19 	 0.010940 	 0.020371 	 0.027467
   20 	 0.013899 	 0.020706 	 0.030688
   21 	 0.014181 	 0.021589 	 0.041285
   22 	 0.013828 	 0.023099 	 0.037395
   23 	 0.013596 	 0.024815 	 0.040679
   24 	 0.010647 	 0.026128 	 0.040436
   25 	 0.013367 	 0.028549 	 0.041382
   26 	 0.013187 	 0.029885 	 0.044383
   27 	 0.017649 	 0.032948 	 0.043711
   28 	 0.014458 	 0.034333 	 0.053651
   29 	 0.020993 	 0.036309 	 0.058732
   30 	 0.028153 	 0.037911 	 0.056234
   31 	 0.019008 	 0.037819 	 0.052960
   32 	 0.020409 	 0.039389 	 0.053262
   33 	 0.011407 	 0.040815 	 0.053592
   34 	 0.030341 	 0.041221 	 0.063344
   35 	 0.031034 	 0.042644 	 0.062959
   36 	 0.022581 	 0.044249 	 0.063812
   37 	 0.020374 	 0.044397 	 0.065426
   38 	 0.018994 	 0.044786 	 0.064992
   39 	 0.020979 	 0.046466 	 0.066045
   40 	 0.027451 	 0.048123 	 0.070490
   41 	 0.028154 	 0.049136 	 0.070585
   42 	 0.021192 	 0.048532 	 0.069144
   43 	 0.023029 	 0.049994 	 0.070057
   44 	 0.029387 	 0.050254 	 0.068639
   45 	 0.030215 	 0.052516 	 0.070579
   46 	 0.029927 	 0.054321 	 0.070380
   47 	 0.016405 	 0.054049 	 0.073621
   48 	 0.015323 	 0.054681 	 0.074674
   49 	 0.016790 	 0.056751 	 0.081649
   50 	 0.025153 	 0.059835 	 0.079576
   51 	 0.044814 	 0.059883 	 0.084033
   52 	 0.020607 	 0.059851 	 0.083985
   53 	 0.035225 	 0.061914 	 0.079612
   54 	 0.035197 	 0.062803 	 0.084649
   55 	 0.028791 	 0.061928 	 0.093571
   56 	 0.035996 	 0.064906 	 0.094712
   57 	 0.031219 	 0.065468 	 0.088915
   58 	 0.031687 	 0.064608 	 0.095100
   59 	 0.053303 	 0.070505 	 0.096248
   60 	 0.053890 	 0.069547 	 0.096274
   61 	 0.054971 	 0.070189 	 0.094418
   62 	 0.053047 	 0.072918 	 0.102811
   63 	 0.025439 	 0.075895 	 0.100830
   64 	 0.025080 	 0.078017 	 0.106388
   65 	 0.024440 	 0.076681 	 0.099550
   66 	 0.048351 	 0.081724 	 0.106864
   67 	 0.024589 	 0.079616 	 0.107222
   68 	 0.023693 	 0.078449 	 0.107516
   69 	 0.024050 	 0.082069 	 0.105812
   70 	 0.029206 	 0.087569 	 0.106362
   71 	 0.029225 	 0.089067 	 0.107229
   72 	 0.029101 	 0.089274 	 0.107370
   73 	 0.028995 	 0.091669 	 0.109108
   74 	 0.029482 	 0.095007 	 0.108430
   75 	 0.029287 	 0.096833 	 0.111704
   76 	 0.030839 	 0.096018 	 0.110606
   77 	 0.031440 	 0.094773 	 0.111147
   78 	 0.052500 	 0.095384 	 0.109899
   79 	 0.043951 	 0.096463 	 0.108280
 