   0 	 0.002829 	 0.004835 	 0.009378
    1 	 0.002833 	 0.005030 	 0.010891
    2 	 0.003184 	 0.005273 	 0.010831
    3 	 0.003243 	 0.005359 	 0.010463
    4 	 0.003282 	 0.005773 	 0.011997
    5 	 0.003351 	 0.006369 	 0.010285
    6 	 0.003699 	 0.006936 	 0.015313
    7 	 0.004022 	 0.007707 	 0.015391
    8 	 0.003847 	 0.009173 	 0.018853
    9 	 0.004451 	 0.009761 	 0.027833
   10 	 0.004962 	 0.010672 	 0.030463
   11 	 0.005318 	 0.012020 	 0.028029
   12 	 0.007380 	 0.014571 	 0.030254
   13 	 0.007389 	 0.016630 	 0.031455
   14 	 0.007805 	 0.017218 	 0.033038
   15 	 0.005957 	 0.018654 	 0.042221
   16 	 0.009078 	 0.019901 	 0.042364
   17 	 0.010060 	 0.021678 	 0.031337
   18 	 0.008920 	 0.023167 	 0.035915
   19 	 0.011121 	 0.024875 	 0.038785
   20 	 0.010852 	 0.026214 	 0.039514
   21 	 0.011055 	 0.028633 	 0.039316
   22 	 0.018340 	 0.030284 	 0.040266
   23 	 0.016739 	 0.030653 	 0.037994
   24 	 0.019026 	 0.030344 	 0.037956
   25 	 0.018319 	 0.030888 	 0.042216
   26 	 0.011750 	 0.031434 	 0.037757
   27 	 0.011791 	 0.031097 	 0.036871
   28 	 0.024704 	 0.031657 	 0.037870
   29 	 0.022184 	 0.031245 	 0.038749
   30 	 0.022490 	 0.032084 	 0.039932
   31 	 0.025235 	 0.032339 	 0.040892
   32 	 0.026165 	 0.032880 	 0.041426
   33 	 0.026333 	 0.032512 	 0.041307
   34 	 0.026488 	 0.032781 	 0.039937
   35 	 0.015587 	 0.032574 	 0.040891
   36 	 0.015473 	 0.032476 	 0.040700
   37 	 0.015822 	 0.032226 	 0.040605
   38 	 0.024836 	 0.033291 	 0.040933
   39 	 0.019864 	 0.033724 	 0.041526
   40 	 0.013848 	 0.034381 	 0.046724
   41 	 0.019244 	 0.035258 	 0.042777
   42 	 0.012572 	 0.034823 	 0.042737
   43 	 0.017941 	 0.035333 	 0.042122
   44 	 0.029109 	 0.036054 	 0.042494
   45 	 0.017424 	 0.035334 	 0.043270
   46 	 0.029974 	 0.036661 	 0.045936
   47 	 0.027236 	 0.037599 	 0.045329
   48 	 0.017647 	 0.038876 	 0.048171
   49 	 0.014255 	 0.039870 	 0.049448
   50 	 0.033113 	 0.042233 	 0.048973
   51 	 0.022589 	 0.041789 	 0.051785
   52 	 0.022470 	 0.042227 	 0.052147
   53 	 0.016578 	 0.042712 	 0.051537
   54 	 0.029012 	 0.042325 	 0.049209
   55 	 0.026342 	 0.041646 	 0.048979
   56 	 0.029257 	 0.042844 	 0.049143
   57 	 0.030739 	 0.043197 	 0.049041
   58 	 0.026190 	 0.043743 	 0.048981
   59 	 0.029995 	 0.044334 	 0.048868
   60 	 0.042870 	 0.044647 	 0.048352
   61 	 0.042841 	 0.044479 	 0.048895
   62 	 0.026336 	 0.044328 	 0.049008
   63 	 0.042440 	 0.044409 	 0.047402
   64 	 0.042800 	 0.044571 	 0.048797
   65 	 0.042821 	 0.044766 	 0.050774
   66 	 0.042878 	 0.044781 	 0.048885
   67 	 0.031538 	 0.044295 	 0.048472
   68 	 0.042823 	 0.044575 	 0.049175
   69 	 0.042815 	 0.044939 	 0.049169
   70 	 0.042899 	 0.044857 	 0.048460
   71 	 0.042966 	 0.044963 	 0.049031
   72 	 0.036015 	 0.044707 	 0.048413
   73 	 0.042916 	 0.044680 	 0.048568
   74 	 0.042937 	 0.044651 	 0.047791
   75 	 0.042922 	 0.044674 	 0.048734
   76 	 0.042925 	 0.044754 	 0.047975
   77 	 0.038217 	 0.044833 	 0.048387
   78 	 0.038814 	 0.044932 	 0.048786
   79 	 0.038200 	 0.044960 	 0.048868
 