   0 	 0.002526 	 0.004621 	 0.007392
    1 	 0.002900 	 0.005186 	 0.015978
    2 	 0.003549 	 0.005684 	 0.011761
    3 	 0.004350 	 0.006334 	 0.010723
    4 	 0.003592 	 0.006624 	 0.009595
    5 	 0.002939 	 0.007413 	 0.023546
    6 	 0.003796 	 0.009592 	 0.037011
    7 	 0.005024 	 0.012840 	 0.033463
    8 	 0.005920 	 0.016300 	 0.033371
    9 	 0.006019 	 0.017701 	 0.044357
   10 	 0.008866 	 0.021473 	 0.044607
   11 	 0.010026 	 0.026854 	 0.045740
   12 	 0.010703 	 0.028381 	 0.045849
   13 	 0.012324 	 0.031002 	 0.046202
   14 	 0.013556 	 0.034167 	 0.048356
   15 	 0.012718 	 0.036746 	 0.047773
   16 	 0.012735 	 0.038591 	 0.047998
   17 	 0.012685 	 0.039712 	 0.047851
   18 	 0.024738 	 0.041875 	 0.048688
   19 	 0.025200 	 0.043232 	 0.084010
   20 	 0.017956 	 0.043443 	 0.072057
   21 	 0.017996 	 0.042728 	 0.055401
   22 	 0.017419 	 0.043991 	 0.070313
   23 	 0.017433 	 0.044161 	 0.075238
   24 	 0.014750 	 0.043500 	 0.078425
   25 	 0.009804 	 0.045235 	 0.079473
   26 	 0.012411 	 0.046735 	 0.081979
   27 	 0.033230 	 0.048806 	 0.081720
   28 	 0.033566 	 0.049061 	 0.081847
   29 	 0.012211 	 0.050873 	 0.085458
   30 	 0.018004 	 0.055215 	 0.086549
   31 	 0.041623 	 0.062166 	 0.087013
   32 	 0.041330 	 0.062813 	 0.086154
   33 	 0.019941 	 0.062236 	 0.086972
   34 	 0.010736 	 0.066205 	 0.085895
   35 	 0.042380 	 0.068663 	 0.086685
   36 	 0.042349 	 0.072425 	 0.089402
   37 	 0.017804 	 0.070597 	 0.087020
   38 	 0.044026 	 0.073735 	 0.087474
   39 	 0.045917 	 0.076414 	 0.087083
   40 	 0.021161 	 0.073731 	 0.086272
   41 	 0.045848 	 0.075734 	 0.087268
   42 	 0.038786 	 0.075290 	 0.085224
   43 	 0.042246 	 0.074895 	 0.085839
   44 	 0.054711 	 0.076998 	 0.087631
   45 	 0.054187 	 0.077496 	 0.089290
   46 	 0.052506 	 0.077161 	 0.087467
   47 	 0.053666 	 0.077635 	 0.089078
   48 	 0.011774 	 0.074604 	 0.087017
   49 	 0.057227 	 0.076706 	 0.088277
   50 	 0.059028 	 0.077186 	 0.089997
   51 	 0.055667 	 0.074968 	 0.087651
   52 	 0.026411 	 0.073624 	 0.085660
   53 	 0.026614 	 0.072941 	 0.085425
   54 	 0.062127 	 0.074626 	 0.085478
   55 	 0.061693 	 0.075669 	 0.085531
   56 	 0.060263 	 0.075768 	 0.085473
   57 	 0.054413 	 0.074921 	 0.087333
   58 	 0.040302 	 0.075325 	 0.086158
   59 	 0.040021 	 0.076113 	 0.087477
   60 	 0.040183 	 0.076146 	 0.088575
   61 	 0.056444 	 0.078184 	 0.091357
   62 	 0.055464 	 0.078086 	 0.091136
   63 	 0.057608 	 0.079048 	 0.094306
   64 	 0.058150 	 0.078327 	 0.092642
   65 	 0.058802 	 0.078693 	 0.092508
   66 	 0.058405 	 0.078540 	 0.095877
   67 	 0.027973 	 0.077041 	 0.093012
   68 	 0.049831 	 0.078411 	 0.090928
   69 	 0.062005 	 0.079895 	 0.094162
   70 	 0.021003 	 0.078319 	 0.099921
   71 	 0.020850 	 0.080482 	 0.096023
   72 	 0.040879 	 0.080495 	 0.098023
   73 	 0.072515 	 0.083720 	 0.099424
   74 	 0.011163 	 0.084128 	 0.097475
   75 	 0.011101 	 0.084577 	 0.105563
   76 	 0.076237 	 0.086039 	 0.094749
   77 	 0.071241 	 0.088304 	 0.109689
   78 	 0.072459 	 0.088015 	 0.099470
   79 	 0.079213 	 0.088349 	 0.099395
 