   0 	 0.002549 	 0.004566 	 0.008783
    1 	 0.002773 	 0.005427 	 0.009878
    2 	 0.002186 	 0.005837 	 0.011288
    3 	 0.003401 	 0.006370 	 0.010482
    4 	 0.003754 	 0.006611 	 0.009404
    5 	 0.003340 	 0.006837 	 0.012040
    6 	 0.004027 	 0.007059 	 0.012085
    7 	 0.003929 	 0.007084 	 0.015467
    8 	 0.004411 	 0.007622 	 0.015418
    9 	 0.004663 	 0.008280 	 0.016097
   10 	 0.004774 	 0.009353 	 0.015518
   11 	 0.004577 	 0.009486 	 0.015797
   12 	 0.004852 	 0.010428 	 0.016542
   13 	 0.005606 	 0.011125 	 0.016406
   14 	 0.005611 	 0.011859 	 0.016479
   15 	 0.006464 	 0.012265 	 0.017674
   16 	 0.007813 	 0.012994 	 0.019091
   17 	 0.008246 	 0.013212 	 0.018827
   18 	 0.007638 	 0.013965 	 0.020042
   19 	 0.009446 	 0.014902 	 0.027752
   20 	 0.009874 	 0.015600 	 0.020698
   21 	 0.009589 	 0.015336 	 0.020900
   22 	 0.008603 	 0.015982 	 0.022665
   23 	 0.008154 	 0.016625 	 0.024422
   24 	 0.008261 	 0.017004 	 0.023936
   25 	 0.010414 	 0.017164 	 0.025449
   26 	 0.008109 	 0.017501 	 0.023710
   27 	 0.013285 	 0.018182 	 0.025274
   28 	 0.012628 	 0.018241 	 0.026453
   29 	 0.013618 	 0.018348 	 0.025066
   30 	 0.012873 	 0.019178 	 0.030208
   31 	 0.011248 	 0.019833 	 0.026285
   32 	 0.012782 	 0.020104 	 0.026506
   33 	 0.009626 	 0.020548 	 0.025760
   34 	 0.011955 	 0.020289 	 0.027909
   35 	 0.012118 	 0.021076 	 0.028372
   36 	 0.013209 	 0.021882 	 0.028070
   37 	 0.011940 	 0.022512 	 0.029945
   38 	 0.011903 	 0.022364 	 0.027952
   39 	 0.013694 	 0.022429 	 0.027999
   40 	 0.013130 	 0.022556 	 0.025914
   41 	 0.013204 	 0.022676 	 0.027612
   42 	 0.014829 	 0.023048 	 0.027620
   43 	 0.015783 	 0.023563 	 0.029062
   44 	 0.015523 	 0.023579 	 0.027890
   45 	 0.013974 	 0.023390 	 0.028017
   46 	 0.013823 	 0.023677 	 0.031799
   47 	 0.013943 	 0.024304 	 0.031053
   48 	 0.014390 	 0.024110 	 0.029297
   49 	 0.014341 	 0.023838 	 0.029248
   50 	 0.017430 	 0.024840 	 0.029779
   51 	 0.016794 	 0.024897 	 0.030056
   52 	 0.013743 	 0.024705 	 0.030678
   53 	 0.013756 	 0.024505 	 0.030130
   54 	 0.013738 	 0.025240 	 0.031319
   55 	 0.019955 	 0.025369 	 0.031534
   56 	 0.016763 	 0.025395 	 0.031858
   57 	 0.017692 	 0.025475 	 0.030541
   58 	 0.014646 	 0.025270 	 0.031024
   59 	 0.011231 	 0.025217 	 0.031485
   60 	 0.014623 	 0.025443 	 0.030404
   61 	 0.017157 	 0.026328 	 0.033187
   62 	 0.020549 	 0.026658 	 0.032653
   63 	 0.022660 	 0.027580 	 0.031569
   64 	 0.020910 	 0.028171 	 0.033558
   65 	 0.022447 	 0.028750 	 0.033142
   66 	 0.020332 	 0.028033 	 0.033988
   67 	 0.023909 	 0.028091 	 0.034895
   68 	 0.017979 	 0.027830 	 0.035934
   69 	 0.016879 	 0.027846 	 0.036050
   70 	 0.017736 	 0.027679 	 0.035550
   71 	 0.023673 	 0.028331 	 0.035306
   72 	 0.018484 	 0.028567 	 0.034602
   73 	 0.022236 	 0.028849 	 0.034613
   74 	 0.018069 	 0.028831 	 0.035034
   75 	 0.018117 	 0.028929 	 0.035348
   76 	 0.023910 	 0.029372 	 0.035497
   77 	 0.023659 	 0.029238 	 0.034316
   78 	 0.024505 	 0.029290 	 0.034144
   79 	 0.025424 	 0.029608 	 0.035467
 