   0 	 0.002389 	 0.004447 	 0.009248
    1 	 0.003021 	 0.004797 	 0.009268
    2 	 0.002941 	 0.005018 	 0.009844
    3 	 0.003166 	 0.006272 	 0.012022
    4 	 0.003165 	 0.006859 	 0.015019
    5 	 0.003024 	 0.007488 	 0.015085
    6 	 0.002725 	 0.008417 	 0.017005
    7 	 0.004266 	 0.008988 	 0.015572
    8 	 0.004880 	 0.010235 	 0.019268
    9 	 0.005070 	 0.011358 	 0.019205
   10 	 0.006177 	 0.011595 	 0.019394
   11 	 0.005380 	 0.012109 	 0.022458
   12 	 0.006098 	 0.013103 	 0.028908
   13 	 0.007870 	 0.014338 	 0.039331
   14 	 0.007315 	 0.014789 	 0.025074
   15 	 0.007777 	 0.016290 	 0.025065
   16 	 0.009311 	 0.017783 	 0.031302
   17 	 0.009266 	 0.020083 	 0.031843
   18 	 0.009039 	 0.020653 	 0.031637
   19 	 0.010216 	 0.021730 	 0.034423
   20 	 0.011698 	 0.021754 	 0.035569
   21 	 0.011758 	 0.023171 	 0.035681
   22 	 0.010669 	 0.023832 	 0.034986
   23 	 0.014504 	 0.024299 	 0.036038
   24 	 0.016970 	 0.026518 	 0.046315
   25 	 0.012108 	 0.028372 	 0.045836
   26 	 0.018069 	 0.030648 	 0.046747
   27 	 0.017619 	 0.032614 	 0.051304
   28 	 0.017691 	 0.033379 	 0.051119
   29 	 0.024796 	 0.035184 	 0.053973
   30 	 0.024918 	 0.035174 	 0.050884
   31 	 0.022093 	 0.036885 	 0.052482
   32 	 0.012809 	 0.038477 	 0.055758
   33 	 0.022047 	 0.041471 	 0.053667
   34 	 0.025179 	 0.042545 	 0.051885
   35 	 0.024347 	 0.042128 	 0.052423
   36 	 0.025940 	 0.042061 	 0.053047
   37 	 0.030870 	 0.043254 	 0.056908
   38 	 0.023885 	 0.043269 	 0.059674
   39 	 0.022891 	 0.044464 	 0.059506
   40 	 0.022813 	 0.045612 	 0.059147
   41 	 0.033332 	 0.047884 	 0.058719
   42 	 0.029524 	 0.047923 	 0.057921
   43 	 0.028022 	 0.047294 	 0.058156
   44 	 0.026885 	 0.049330 	 0.058063
   45 	 0.029928 	 0.049774 	 0.063247
   46 	 0.038782 	 0.050777 	 0.062347
   47 	 0.040115 	 0.051028 	 0.058896
   48 	 0.039736 	 0.051164 	 0.058880
   49 	 0.036774 	 0.051469 	 0.058838
   50 	 0.034116 	 0.051047 	 0.058348
   51 	 0.033921 	 0.050940 	 0.056773
   52 	 0.034245 	 0.050569 	 0.056151
   53 	 0.035346 	 0.051572 	 0.058131
   54 	 0.038645 	 0.052165 	 0.059154
   55 	 0.020448 	 0.051393 	 0.057253
   56 	 0.036529 	 0.051343 	 0.057731
   57 	 0.044617 	 0.051830 	 0.058351
   58 	 0.043892 	 0.051641 	 0.056478
   59 	 0.041547 	 0.051923 	 0.065367
   60 	 0.041912 	 0.052735 	 0.065295
   61 	 0.029356 	 0.052631 	 0.068169
   62 	 0.029106 	 0.052658 	 0.066706
   63 	 0.037934 	 0.053760 	 0.066526
   64 	 0.038017 	 0.053413 	 0.066903
   65 	 0.046084 	 0.053497 	 0.067053
   66 	 0.045762 	 0.053450 	 0.062117
   67 	 0.044277 	 0.053299 	 0.059629
   68 	 0.023284 	 0.052377 	 0.068263
   69 	 0.023631 	 0.052440 	 0.071711
   70 	 0.039510 	 0.053785 	 0.073896
   71 	 0.039743 	 0.054445 	 0.071083
   72 	 0.039806 	 0.054514 	 0.074225
   73 	 0.041020 	 0.057024 	 0.074220
   74 	 0.013473 	 0.057523 	 0.073960
   75 	 0.046506 	 0.059472 	 0.073829
   76 	 0.049258 	 0.062869 	 0.075395
   77 	 0.049840 	 0.062438 	 0.073614
   78 	 0.050034 	 0.062391 	 0.073269
   79 	 0.050013 	 0.062391 	 0.074241
 