   0 	 0.002492 	 0.004810 	 0.012773
    1 	 0.002696 	 0.005640 	 0.012820
    2 	 0.003243 	 0.006841 	 0.015605
    3 	 0.003891 	 0.008279 	 0.016811
    4 	 0.003776 	 0.009572 	 0.015680
    5 	 0.003783 	 0.011118 	 0.018086
    6 	 0.006204 	 0.012458 	 0.019169
    7 	 0.007202 	 0.012311 	 0.018352
    8 	 0.007389 	 0.013007 	 0.020725
    9 	 0.007463 	 0.013244 	 0.020733
   10 	 0.007903 	 0.013558 	 0.020364
   11 	 0.010019 	 0.014644 	 0.020979
   12 	 0.009030 	 0.015666 	 0.026015
   13 	 0.009470 	 0.016230 	 0.026433
   14 	 0.009534 	 0.016159 	 0.026410
   15 	 0.009409 	 0.016590 	 0.025972
   16 	 0.009362 	 0.017022 	 0.026028
   17 	 0.009277 	 0.016816 	 0.026334
   18 	 0.008849 	 0.017044 	 0.025885
   19 	 0.011036 	 0.018914 	 0.027473
   20 	 0.011895 	 0.018869 	 0.027262
   21 	 0.013214 	 0.018670 	 0.026275
   22 	 0.013800 	 0.018643 	 0.024611
   23 	 0.012344 	 0.019518 	 0.029121
   24 	 0.012729 	 0.020427 	 0.026799
   25 	 0.012573 	 0.020767 	 0.026671
   26 	 0.011389 	 0.021230 	 0.027266
   27 	 0.011840 	 0.021149 	 0.031672
   28 	 0.009221 	 0.021813 	 0.031509
   29 	 0.009674 	 0.021986 	 0.031720
   30 	 0.012336 	 0.023684 	 0.032023
   31 	 0.017317 	 0.024855 	 0.032213
   32 	 0.019203 	 0.025770 	 0.032237
   33 	 0.019283 	 0.026415 	 0.032022
   34 	 0.019270 	 0.027374 	 0.032739
   35 	 0.019356 	 0.027464 	 0.032044
   36 	 0.019872 	 0.028419 	 0.032322
   37 	 0.020826 	 0.029043 	 0.037621
   38 	 0.022985 	 0.030340 	 0.034070
   39 	 0.021933 	 0.030711 	 0.034908
   40 	 0.022389 	 0.030599 	 0.034632
   41 	 0.022807 	 0.031326 	 0.034458
   42 	 0.023071 	 0.031149 	 0.034131
   43 	 0.023177 	 0.031486 	 0.034890
   44 	 0.023264 	 0.031482 	 0.035837
   45 	 0.025907 	 0.031410 	 0.032875
   46 	 0.026437 	 0.031474 	 0.032858
   47 	 0.030181 	 0.031612 	 0.033797
   48 	 0.028824 	 0.031643 	 0.032942
   49 	 0.027404 	 0.031381 	 0.032819
   50 	 0.028535 	 0.031565 	 0.033403
   51 	 0.025349 	 0.031642 	 0.033088
   52 	 0.028467 	 0.031670 	 0.033624
   53 	 0.028390 	 0.031598 	 0.033366
   54 	 0.028635 	 0.031800 	 0.035633
   55 	 0.028448 	 0.031821 	 0.035874
   56 	 0.026529 	 0.031627 	 0.035547
   57 	 0.028848 	 0.031967 	 0.035692
   58 	 0.029194 	 0.032185 	 0.035444
   59 	 0.029051 	 0.032166 	 0.036013
   60 	 0.028893 	 0.032118 	 0.036296
   61 	 0.028617 	 0.032220 	 0.036845
   62 	 0.029177 	 0.032230 	 0.037898
   63 	 0.028386 	 0.032590 	 0.038118
   64 	 0.028051 	 0.032860 	 0.038644
   65 	 0.027908 	 0.033170 	 0.042509
   66 	 0.027801 	 0.033212 	 0.041714
   67 	 0.027550 	 0.033556 	 0.041572
   68 	 0.029512 	 0.034352 	 0.041795
   69 	 0.029840 	 0.034936 	 0.041857
   70 	 0.018965 	 0.035260 	 0.041853
   71 	 0.018814 	 0.035066 	 0.040494
   72 	 0.019365 	 0.035086 	 0.041816
   73 	 0.017556 	 0.035598 	 0.041627
   74 	 0.017700 	 0.036161 	 0.041398
   75 	 0.029620 	 0.036440 	 0.041382
   76 	 0.030566 	 0.036866 	 0.041818
   77 	 0.031270 	 0.037081 	 0.043349
   78 	 0.030029 	 0.036811 	 0.041751
   79 	 0.030154 	 0.036664 	 0.041882
 