   0 	 0.002718 	 0.004757 	 0.009102
    1 	 0.002871 	 0.005220 	 0.011264
    2 	 0.003262 	 0.005850 	 0.013000
    3 	 0.003928 	 0.006660 	 0.013079
    4 	 0.003051 	 0.007178 	 0.013092
    5 	 0.003491 	 0.007547 	 0.015019
    6 	 0.004863 	 0.008673 	 0.015127
    7 	 0.004615 	 0.009327 	 0.017115
    8 	 0.004935 	 0.009923 	 0.016450
    9 	 0.004949 	 0.011279 	 0.028414
   10 	 0.004764 	 0.012996 	 0.028729
   11 	 0.006676 	 0.015182 	 0.032720
   12 	 0.007709 	 0.015931 	 0.033581
   13 	 0.007949 	 0.018690 	 0.043203
   14 	 0.008912 	 0.020768 	 0.045293
   15 	 0.012412 	 0.024848 	 0.048742
   16 	 0.011502 	 0.027896 	 0.051253
   17 	 0.011444 	 0.030740 	 0.060080
   18 	 0.014163 	 0.035619 	 0.061655
   19 	 0.016170 	 0.036659 	 0.058320
   20 	 0.012462 	 0.038168 	 0.062981
   21 	 0.018212 	 0.040628 	 0.068702
   22 	 0.023458 	 0.042164 	 0.069415
   23 	 0.011761 	 0.044827 	 0.073124
   24 	 0.011576 	 0.046831 	 0.077931
   25 	 0.031891 	 0.054442 	 0.076278
   26 	 0.035173 	 0.056703 	 0.076391
   27 	 0.033170 	 0.059009 	 0.074225
   28 	 0.033219 	 0.058883 	 0.078653
   29 	 0.033050 	 0.060853 	 0.080118
   30 	 0.025966 	 0.059790 	 0.075854
   31 	 0.045572 	 0.061986 	 0.076116
   32 	 0.044509 	 0.064402 	 0.077810
   33 	 0.045279 	 0.065742 	 0.078102
   34 	 0.013140 	 0.063431 	 0.080057
   35 	 0.020999 	 0.066339 	 0.079349
   36 	 0.044144 	 0.066915 	 0.078916
   37 	 0.026336 	 0.068055 	 0.078407
   38 	 0.045867 	 0.069751 	 0.079340
   39 	 0.029620 	 0.069610 	 0.081716
   40 	 0.029652 	 0.069090 	 0.080002
   41 	 0.061375 	 0.071404 	 0.082129
   42 	 0.061500 	 0.070782 	 0.082919
   43 	 0.061824 	 0.071051 	 0.080683
   44 	 0.045827 	 0.069231 	 0.080784
   45 	 0.030292 	 0.067725 	 0.080021
   46 	 0.025705 	 0.067975 	 0.080290
   47 	 0.026902 	 0.068344 	 0.080448
   48 	 0.026692 	 0.070122 	 0.081132
   49 	 0.049724 	 0.069790 	 0.078383
   50 	 0.054719 	 0.070525 	 0.079722
   51 	 0.029606 	 0.070961 	 0.080472
   52 	 0.054522 	 0.071125 	 0.078921
   53 	 0.055545 	 0.071876 	 0.080243
   54 	 0.026043 	 0.069856 	 0.079340
   55 	 0.059431 	 0.071533 	 0.080052
   56 	 0.060144 	 0.072218 	 0.079112
   57 	 0.021778 	 0.071496 	 0.081350
   58 	 0.044304 	 0.072044 	 0.081809
   59 	 0.044172 	 0.072332 	 0.081624
   60 	 0.067592 	 0.074101 	 0.082127
   61 	 0.065588 	 0.073717 	 0.081037
   62 	 0.058915 	 0.074284 	 0.081918
   63 	 0.065446 	 0.073950 	 0.082068
   64 	 0.065447 	 0.073600 	 0.080366
   65 	 0.066194 	 0.074190 	 0.085515
   66 	 0.065650 	 0.073236 	 0.086885
   67 	 0.063635 	 0.073606 	 0.084312
   68 	 0.016025 	 0.072223 	 0.083863
   69 	 0.063852 	 0.074118 	 0.082047
   70 	 0.065732 	 0.074674 	 0.081824
   71 	 0.066099 	 0.074207 	 0.082136
   72 	 0.031227 	 0.072944 	 0.082206
   73 	 0.066341 	 0.074647 	 0.083188
   74 	 0.065408 	 0.074643 	 0.082735
   75 	 0.066655 	 0.075398 	 0.082515
   76 	 0.066315 	 0.074563 	 0.082264
   77 	 0.067568 	 0.075433 	 0.109339
   78 	 0.035424 	 0.075078 	 0.111104
   79 	 0.050401 	 0.075529 	 0.115988
 