   0 	 0.002856 	 0.005039 	 0.009138
    1 	 0.002887 	 0.005372 	 0.010088
    2 	 0.003144 	 0.005932 	 0.009963
    3 	 0.003166 	 0.006675 	 0.020309
    4 	 0.003655 	 0.007778 	 0.020178
    5 	 0.003610 	 0.008876 	 0.019999
    6 	 0.003601 	 0.009938 	 0.022285
    7 	 0.005302 	 0.011051 	 0.022129
    8 	 0.004605 	 0.011791 	 0.028048
    9 	 0.005916 	 0.013948 	 0.030536
   10 	 0.007742 	 0.016189 	 0.031176
   11 	 0.007819 	 0.018746 	 0.041373
   12 	 0.009430 	 0.021581 	 0.040947
   13 	 0.008100 	 0.021821 	 0.038124
   14 	 0.011664 	 0.024294 	 0.040766
   15 	 0.013085 	 0.026477 	 0.043614
   16 	 0.007997 	 0.029384 	 0.040635
   17 	 0.017077 	 0.030405 	 0.041715
   18 	 0.017958 	 0.030238 	 0.042281
   19 	 0.014996 	 0.029784 	 0.044139
   20 	 0.014442 	 0.029690 	 0.040999
   21 	 0.011069 	 0.031083 	 0.042363
   22 	 0.011260 	 0.030809 	 0.043058
   23 	 0.016641 	 0.033008 	 0.043967
   24 	 0.010093 	 0.031911 	 0.045117
   25 	 0.008322 	 0.032160 	 0.049603
   26 	 0.012566 	 0.033654 	 0.049894
   27 	 0.016288 	 0.034614 	 0.049645
   28 	 0.017337 	 0.035828 	 0.050894
   29 	 0.018565 	 0.036508 	 0.064525
   30 	 0.018482 	 0.038055 	 0.063215
   31 	 0.013112 	 0.039298 	 0.067329
   32 	 0.023368 	 0.041236 	 0.061103
   33 	 0.013917 	 0.042141 	 0.063126
   34 	 0.025978 	 0.043293 	 0.069488
   35 	 0.026296 	 0.046676 	 0.066809
   36 	 0.028318 	 0.047262 	 0.065288
   37 	 0.022176 	 0.048651 	 0.075443
   38 	 0.018264 	 0.048690 	 0.068378
   39 	 0.018285 	 0.051155 	 0.069281
   40 	 0.018243 	 0.052870 	 0.091216
   41 	 0.020173 	 0.058451 	 0.098467
   42 	 0.020073 	 0.061147 	 0.098664
   43 	 0.020598 	 0.060792 	 0.089458
   44 	 0.020848 	 0.061389 	 0.090524
   45 	 0.014433 	 0.062242 	 0.090714
   46 	 0.040629 	 0.071283 	 0.102073
   47 	 0.014404 	 0.068356 	 0.097202
   48 	 0.013571 	 0.065160 	 0.097672
   49 	 0.014338 	 0.064974 	 0.109945
   50 	 0.011645 	 0.073523 	 0.118468
   51 	 0.022177 	 0.076677 	 0.117725
   52 	 0.040605 	 0.080206 	 0.116959
   53 	 0.061205 	 0.084412 	 0.117981
   54 	 0.023570 	 0.079110 	 0.121085
   55 	 0.056468 	 0.088782 	 0.123345
   56 	 0.022495 	 0.085372 	 0.136058
   57 	 0.024257 	 0.089584 	 0.148097
   58 	 0.051260 	 0.096486 	 0.173158
   59 	 0.015152 	 0.096198 	 0.147803
   60 	 0.070618 	 0.107327 	 0.157951
   61 	 0.069355 	 0.112933 	 0.154671
   62 	 0.068352 	 0.115785 	 0.157244
   63 	 0.053603 	 0.118330 	 0.181701
   64 	 0.052087 	 0.126022 	 0.190344
   65 	 0.015044 	 0.125005 	 0.200581
   66 	 0.014674 	 0.134903 	 0.185879
   67 	 0.022688 	 0.138525 	 0.205636
   68 	 0.062816 	 0.149162 	 0.295054
   69 	 0.062829 	 0.154432 	 0.256006
   70 	 0.065160 	 0.160797 	 0.279621
   71 	 0.100264 	 0.179510 	 0.312770
   72 	 0.096101 	 0.198392 	 0.310620
   73 	 0.016238 	 0.196069 	 0.295725
   74 	 0.028066 	 0.201799 	 0.263377
   75 	 0.129151 	 0.204276 	 0.307569
   76 	 0.144225 	 0.212962 	 0.308072
   77 	 0.016451 	 0.213839 	 0.309927
   78 	 0.031510 	 0.219548 	 0.304213
   79 	 0.030981 	 0.226383 	 0.328349
 