   0 	 0.002344 	 0.004837 	 0.010151
    1 	 0.002347 	 0.005204 	 0.010673
    2 	 0.003194 	 0.006104 	 0.014093
    3 	 0.003089 	 0.006651 	 0.011688
    4 	 0.004042 	 0.007344 	 0.012959
    5 	 0.004442 	 0.007465 	 0.013656
    6 	 0.004424 	 0.007462 	 0.015058
    7 	 0.004516 	 0.008314 	 0.018271
    8 	 0.004958 	 0.008443 	 0.014947
    9 	 0.004965 	 0.008741 	 0.015038
   10 	 0.005471 	 0.009219 	 0.015442
   11 	 0.005685 	 0.009489 	 0.019792
   12 	 0.005101 	 0.009686 	 0.016068
   13 	 0.005723 	 0.010862 	 0.021892
   14 	 0.005724 	 0.011876 	 0.021825
   15 	 0.005799 	 0.011961 	 0.021791
   16 	 0.007436 	 0.013136 	 0.022026
   17 	 0.007895 	 0.013984 	 0.022055
   18 	 0.009095 	 0.015415 	 0.025562
   19 	 0.007952 	 0.016572 	 0.026904
   20 	 0.010399 	 0.018243 	 0.034486
   21 	 0.010240 	 0.019312 	 0.033224
   22 	 0.010250 	 0.020264 	 0.033211
   23 	 0.012232 	 0.021396 	 0.038100
   24 	 0.013124 	 0.022873 	 0.039608
   25 	 0.013276 	 0.024885 	 0.043516
   26 	 0.014068 	 0.024564 	 0.042421
   27 	 0.014234 	 0.025527 	 0.043586
   28 	 0.009480 	 0.026845 	 0.043257
   29 	 0.012832 	 0.030956 	 0.044155
   30 	 0.014120 	 0.030957 	 0.043622
   31 	 0.017900 	 0.032042 	 0.048872
   32 	 0.020714 	 0.035620 	 0.053545
   33 	 0.018526 	 0.037784 	 0.057445
   34 	 0.017543 	 0.037839 	 0.060832
   35 	 0.023912 	 0.040478 	 0.071441
   36 	 0.022338 	 0.041380 	 0.075471
   37 	 0.018434 	 0.042239 	 0.070917
   38 	 0.011906 	 0.044010 	 0.078786
   39 	 0.013930 	 0.048700 	 0.072743
   40 	 0.019461 	 0.057397 	 0.075595
   41 	 0.019112 	 0.060553 	 0.076618
   42 	 0.029710 	 0.062127 	 0.076374
   43 	 0.034868 	 0.064092 	 0.080270
   44 	 0.038789 	 0.066131 	 0.079749
   45 	 0.036929 	 0.066095 	 0.077242
   46 	 0.036683 	 0.066162 	 0.087627
   47 	 0.037030 	 0.067174 	 0.083124
   48 	 0.014141 	 0.069162 	 0.086417
   49 	 0.034201 	 0.070559 	 0.085537
   50 	 0.033816 	 0.072194 	 0.086284
   51 	 0.035177 	 0.072233 	 0.083545
   52 	 0.034662 	 0.070877 	 0.084124
   53 	 0.037096 	 0.072993 	 0.084816
   54 	 0.037628 	 0.072326 	 0.091007
   55 	 0.055987 	 0.073196 	 0.086730
   56 	 0.014308 	 0.072574 	 0.087824
   57 	 0.022515 	 0.072758 	 0.087363
   58 	 0.032862 	 0.074814 	 0.084303
   59 	 0.061434 	 0.075728 	 0.086817
   60 	 0.061366 	 0.074898 	 0.085800
   61 	 0.024858 	 0.073088 	 0.090004
   62 	 0.037274 	 0.073980 	 0.087441
   63 	 0.036817 	 0.073318 	 0.087716
   64 	 0.051824 	 0.074131 	 0.084691
   65 	 0.014536 	 0.072811 	 0.084894
   66 	 0.014652 	 0.073381 	 0.084280
   67 	 0.019076 	 0.073151 	 0.085129
   68 	 0.060143 	 0.074954 	 0.087515
   69 	 0.058479 	 0.076303 	 0.086200
   70 	 0.014337 	 0.071943 	 0.087299
   71 	 0.014450 	 0.074259 	 0.084539
   72 	 0.067692 	 0.078236 	 0.088762
   73 	 0.063654 	 0.078100 	 0.084302
   74 	 0.063502 	 0.078257 	 0.084333
   75 	 0.065222 	 0.077988 	 0.087649
   76 	 0.062721 	 0.078915 	 0.094378
   77 	 0.063755 	 0.078520 	 0.089091
   78 	 0.064441 	 0.078836 	 0.089170
   79 	 0.064527 	 0.079151 	 0.093714
 