   0 	 0.002334 	 0.004515 	 0.008030
    1 	 0.002334 	 0.004954 	 0.009981
    2 	 0.002331 	 0.005548 	 0.010762
    3 	 0.002884 	 0.006181 	 0.012213
    4 	 0.003242 	 0.006906 	 0.012270
    5 	 0.003526 	 0.007591 	 0.012759
    6 	 0.003608 	 0.008096 	 0.018458
    7 	 0.004258 	 0.008378 	 0.018332
    8 	 0.004143 	 0.009261 	 0.018769
    9 	 0.004747 	 0.010365 	 0.023624
   10 	 0.004769 	 0.011522 	 0.023191
   11 	 0.004776 	 0.012974 	 0.023271
   12 	 0.004771 	 0.013255 	 0.024595
   13 	 0.007238 	 0.014401 	 0.034621
   14 	 0.008473 	 0.015243 	 0.034188
   15 	 0.008646 	 0.016086 	 0.029593
   16 	 0.008935 	 0.015933 	 0.033156
   17 	 0.008951 	 0.017109 	 0.033607
   18 	 0.009409 	 0.019383 	 0.033187
   19 	 0.009960 	 0.019441 	 0.028550
   20 	 0.007372 	 0.019665 	 0.030691
   21 	 0.006667 	 0.019695 	 0.030675
   22 	 0.009783 	 0.020970 	 0.031425
   23 	 0.009174 	 0.021643 	 0.032344
   24 	 0.010710 	 0.023543 	 0.038484
   25 	 0.011783 	 0.024923 	 0.038617
   26 	 0.009670 	 0.025958 	 0.043301
   27 	 0.017337 	 0.026962 	 0.038671
   28 	 0.011318 	 0.027925 	 0.039445
   29 	 0.010979 	 0.029843 	 0.039364
   30 	 0.015510 	 0.029867 	 0.039497
   31 	 0.018738 	 0.032475 	 0.041602
   32 	 0.020382 	 0.032774 	 0.039753
   33 	 0.020170 	 0.034385 	 0.054182
   34 	 0.016157 	 0.035797 	 0.053648
   35 	 0.016212 	 0.036361 	 0.055406
   36 	 0.014395 	 0.038524 	 0.057010
   37 	 0.028575 	 0.040615 	 0.058055
   38 	 0.026793 	 0.042723 	 0.062382
   39 	 0.022128 	 0.042665 	 0.061023
   40 	 0.028767 	 0.044949 	 0.061376
   41 	 0.028618 	 0.045273 	 0.061719
   42 	 0.031067 	 0.046925 	 0.061602
   43 	 0.016143 	 0.048582 	 0.069046
   44 	 0.034629 	 0.051874 	 0.068855
   45 	 0.032909 	 0.052931 	 0.070618
   46 	 0.015699 	 0.052908 	 0.069807
   47 	 0.016003 	 0.056666 	 0.070199
   48 	 0.030048 	 0.057634 	 0.070619
   49 	 0.017072 	 0.057331 	 0.072186
   50 	 0.046321 	 0.059329 	 0.072075
   51 	 0.035541 	 0.060386 	 0.076396
   52 	 0.030270 	 0.059719 	 0.074416
   53 	 0.017189 	 0.060122 	 0.073826
   54 	 0.030712 	 0.060127 	 0.072089
   55 	 0.030137 	 0.060707 	 0.073009
   56 	 0.017112 	 0.061762 	 0.071786
   57 	 0.034784 	 0.063971 	 0.076391
   58 	 0.039981 	 0.065100 	 0.076404
   59 	 0.052807 	 0.066220 	 0.074100
   60 	 0.028037 	 0.065664 	 0.072614
   61 	 0.028276 	 0.066272 	 0.072944
   62 	 0.049615 	 0.067930 	 0.074882
   63 	 0.032550 	 0.067652 	 0.075084
   64 	 0.049901 	 0.068121 	 0.073891
   65 	 0.048148 	 0.068567 	 0.074083
   66 	 0.049576 	 0.068693 	 0.073076
   67 	 0.048417 	 0.068357 	 0.074065
   68 	 0.021057 	 0.067326 	 0.071949
   69 	 0.058832 	 0.068145 	 0.073300
   70 	 0.057357 	 0.067880 	 0.073321
   71 	 0.057928 	 0.068953 	 0.073245
   72 	 0.057809 	 0.068464 	 0.073686
   73 	 0.057412 	 0.068864 	 0.072421
   74 	 0.060489 	 0.069348 	 0.087122
   75 	 0.060654 	 0.069706 	 0.082659
   76 	 0.065166 	 0.069465 	 0.085214
   77 	 0.065271 	 0.070439 	 0.083878
   78 	 0.064458 	 0.070175 	 0.088054
   79 	 0.062927 	 0.069654 	 0.085947
 