   0 	 0.002341 	 0.004710 	 0.011031
    1 	 0.003075 	 0.005229 	 0.011081
    2 	 0.003178 	 0.005856 	 0.011707
    3 	 0.003216 	 0.006018 	 0.012215
    4 	 0.003221 	 0.006473 	 0.012215
    5 	 0.003171 	 0.007028 	 0.013719
    6 	 0.004399 	 0.008350 	 0.017402
    7 	 0.004975 	 0.009998 	 0.019519
    8 	 0.004246 	 0.010596 	 0.026632
    9 	 0.005897 	 0.011865 	 0.026776
   10 	 0.006268 	 0.013458 	 0.026979
   11 	 0.006273 	 0.015402 	 0.026724
   12 	 0.006540 	 0.017657 	 0.027811
   13 	 0.010651 	 0.019601 	 0.030200
   14 	 0.010362 	 0.020393 	 0.028164
   15 	 0.010433 	 0.021167 	 0.027568
   16 	 0.009470 	 0.023092 	 0.028728
   17 	 0.012473 	 0.023579 	 0.028370
   18 	 0.010865 	 0.024147 	 0.028316
   19 	 0.014000 	 0.024669 	 0.031360
   20 	 0.010649 	 0.025200 	 0.030221
   21 	 0.014078 	 0.025274 	 0.030452
   22 	 0.021669 	 0.025589 	 0.030218
   23 	 0.014225 	 0.025017 	 0.027838
   24 	 0.010714 	 0.025050 	 0.027962
   25 	 0.010636 	 0.024820 	 0.028915
   26 	 0.015499 	 0.025231 	 0.029150
   27 	 0.019266 	 0.025812 	 0.028907
   28 	 0.013990 	 0.025334 	 0.029114
   29 	 0.019213 	 0.025801 	 0.029926
   30 	 0.019140 	 0.025865 	 0.028748
   31 	 0.014115 	 0.025521 	 0.028676
   32 	 0.014142 	 0.025572 	 0.029058
   33 	 0.014153 	 0.025540 	 0.028511
   34 	 0.020501 	 0.025570 	 0.029032
   35 	 0.020870 	 0.025472 	 0.028839
   36 	 0.010775 	 0.025026 	 0.028681
   37 	 0.010242 	 0.025211 	 0.028886
   38 	 0.022174 	 0.026040 	 0.028798
   39 	 0.010647 	 0.025571 	 0.029003
   40 	 0.020749 	 0.025701 	 0.029049
   41 	 0.015441 	 0.025207 	 0.029214
   42 	 0.020501 	 0.025265 	 0.029496
   43 	 0.020478 	 0.025214 	 0.029123
   44 	 0.020584 	 0.025395 	 0.030864
   45 	 0.021006 	 0.025560 	 0.028807
   46 	 0.021102 	 0.025552 	 0.029261
   47 	 0.010614 	 0.025096 	 0.028317
   48 	 0.021096 	 0.025493 	 0.028009
   49 	 0.010490 	 0.025015 	 0.027852
   50 	 0.020814 	 0.025232 	 0.028096
   51 	 0.014260 	 0.024950 	 0.028429
   52 	 0.014166 	 0.024544 	 0.027646
   53 	 0.014044 	 0.024530 	 0.028356
   54 	 0.014259 	 0.025124 	 0.028125
   55 	 0.013915 	 0.024867 	 0.028777
   56 	 0.012663 	 0.024961 	 0.028812
   57 	 0.010476 	 0.025143 	 0.028565
   58 	 0.020299 	 0.026135 	 0.029173
   59 	 0.013138 	 0.026007 	 0.028523
   60 	 0.021124 	 0.026596 	 0.028536
   61 	 0.020734 	 0.026528 	 0.028285
   62 	 0.010664 	 0.026332 	 0.028695
   63 	 0.010765 	 0.026476 	 0.028669
   64 	 0.010548 	 0.026503 	 0.028710
   65 	 0.010645 	 0.026391 	 0.028411
   66 	 0.022172 	 0.026549 	 0.028244
   67 	 0.022328 	 0.026798 	 0.028307
   68 	 0.012233 	 0.026459 	 0.029225
   69 	 0.021942 	 0.026672 	 0.029062
   70 	 0.022197 	 0.026552 	 0.028789
   71 	 0.022035 	 0.026680 	 0.028900
   72 	 0.022111 	 0.026679 	 0.028765
   73 	 0.021864 	 0.026608 	 0.028636
   74 	 0.022388 	 0.026823 	 0.028609
   75 	 0.025251 	 0.026851 	 0.028786
   76 	 0.025487 	 0.026990 	 0.028730
   77 	 0.016122 	 0.026853 	 0.028669
   78 	 0.025436 	 0.027060 	 0.029042
   79 	 0.025567 	 0.027104 	 0.029197
 