   0 	 0.002747 	 0.004873 	 0.011480
    1 	 0.002743 	 0.005246 	 0.011640
    2 	 0.002322 	 0.006192 	 0.013401
    3 	 0.003428 	 0.007088 	 0.013472
    4 	 0.003428 	 0.007700 	 0.013706
    5 	 0.003870 	 0.008175 	 0.015104
    6 	 0.004131 	 0.009069 	 0.015132
    7 	 0.004648 	 0.010342 	 0.016870
    8 	 0.004698 	 0.011011 	 0.017020
    9 	 0.004713 	 0.011397 	 0.019037
   10 	 0.007111 	 0.013077 	 0.028671
   11 	 0.007100 	 0.014275 	 0.029024
   12 	 0.008925 	 0.015819 	 0.030073
   13 	 0.006874 	 0.016207 	 0.034813
   14 	 0.009167 	 0.017981 	 0.035758
   15 	 0.006573 	 0.019269 	 0.030252
   16 	 0.010848 	 0.019077 	 0.033184
   17 	 0.013127 	 0.019740 	 0.033240
   18 	 0.009558 	 0.020423 	 0.041943
   19 	 0.012950 	 0.021652 	 0.034803
   20 	 0.007891 	 0.022309 	 0.037602
   21 	 0.013303 	 0.023520 	 0.036241
   22 	 0.012071 	 0.024111 	 0.035889
   23 	 0.012015 	 0.025178 	 0.033803
   24 	 0.014705 	 0.026262 	 0.041149
   25 	 0.017684 	 0.028132 	 0.045424
   26 	 0.010993 	 0.029171 	 0.045491
   27 	 0.018723 	 0.029699 	 0.043187
   28 	 0.014712 	 0.029941 	 0.044982
   29 	 0.015033 	 0.029442 	 0.043762
   30 	 0.013426 	 0.028981 	 0.040663
   31 	 0.009351 	 0.029035 	 0.040043
   32 	 0.010295 	 0.030036 	 0.039421
   33 	 0.016538 	 0.029929 	 0.039796
   34 	 0.013055 	 0.030939 	 0.043990
   35 	 0.018344 	 0.031877 	 0.039908
   36 	 0.024020 	 0.032545 	 0.041408
   37 	 0.014704 	 0.031655 	 0.039650
   38 	 0.017130 	 0.031348 	 0.044225
   39 	 0.021442 	 0.032115 	 0.042702
   40 	 0.020973 	 0.031502 	 0.042228
   41 	 0.018298 	 0.033084 	 0.042655
   42 	 0.011933 	 0.034405 	 0.042952
   43 	 0.009629 	 0.033406 	 0.045223
   44 	 0.012534 	 0.034905 	 0.041900
   45 	 0.012898 	 0.035204 	 0.042237
   46 	 0.025647 	 0.036759 	 0.042909
   47 	 0.009153 	 0.035894 	 0.042847
   48 	 0.019774 	 0.036702 	 0.043077
   49 	 0.009598 	 0.037513 	 0.042897
   50 	 0.019328 	 0.037629 	 0.042652
   51 	 0.019210 	 0.038427 	 0.043219
   52 	 0.034159 	 0.039953 	 0.043614
   53 	 0.036279 	 0.040396 	 0.043740
   54 	 0.038222 	 0.040574 	 0.042475
   55 	 0.038416 	 0.040820 	 0.043027
   56 	 0.037754 	 0.040536 	 0.043074
   57 	 0.021047 	 0.040308 	 0.043357
   58 	 0.025698 	 0.040908 	 0.043349
   59 	 0.037519 	 0.041131 	 0.043313
   60 	 0.025226 	 0.040378 	 0.043102
   61 	 0.032660 	 0.040731 	 0.042757
   62 	 0.018974 	 0.040342 	 0.042760
   63 	 0.018852 	 0.040449 	 0.043267
   64 	 0.018570 	 0.040609 	 0.043244
   65 	 0.018682 	 0.040670 	 0.042981
   66 	 0.018803 	 0.040488 	 0.043499
   67 	 0.018746 	 0.040730 	 0.042933
   68 	 0.034620 	 0.041170 	 0.043345
   69 	 0.034576 	 0.041082 	 0.043187
   70 	 0.018221 	 0.040310 	 0.043115
   71 	 0.019394 	 0.040568 	 0.043243
   72 	 0.019215 	 0.040731 	 0.043243
   73 	 0.034432 	 0.041222 	 0.042632
   74 	 0.033745 	 0.041437 	 0.043226
   75 	 0.040231 	 0.041406 	 0.043241
   76 	 0.026674 	 0.040656 	 0.042894
   77 	 0.019629 	 0.040566 	 0.043309
   78 	 0.026718 	 0.040985 	 0.044368
   79 	 0.040325 	 0.041365 	 0.042946
 