   0 	 0.002948 	 0.004853 	 0.011269
    1 	 0.002949 	 0.005591 	 0.011734
    2 	 0.003125 	 0.006185 	 0.011280
    3 	 0.003331 	 0.006849 	 0.013867
    4 	 0.004037 	 0.007367 	 0.014177
    5 	 0.004054 	 0.008061 	 0.014097
    6 	 0.004423 	 0.008940 	 0.049733
    7 	 0.005673 	 0.012978 	 0.056183
    8 	 0.005967 	 0.017243 	 0.057748
    9 	 0.007348 	 0.021808 	 0.058181
   10 	 0.008991 	 0.032362 	 0.057527
   11 	 0.010194 	 0.040036 	 0.058036
   12 	 0.014939 	 0.041465 	 0.060760
   13 	 0.017773 	 0.049620 	 0.061605
   14 	 0.022921 	 0.052710 	 0.062120
   15 	 0.028158 	 0.054562 	 0.062482
   16 	 0.031312 	 0.054619 	 0.062081
   17 	 0.031104 	 0.055839 	 0.062522
   18 	 0.047704 	 0.056316 	 0.065565
   19 	 0.047601 	 0.056618 	 0.067117
   20 	 0.048717 	 0.056883 	 0.065711
   21 	 0.048212 	 0.056500 	 0.064634
   22 	 0.048340 	 0.056557 	 0.067210
   23 	 0.027440 	 0.055707 	 0.066318
   24 	 0.025731 	 0.055144 	 0.068661
   25 	 0.025612 	 0.055054 	 0.067058
   26 	 0.020269 	 0.053850 	 0.066585
   27 	 0.027849 	 0.055031 	 0.064014
   28 	 0.032084 	 0.055305 	 0.065710
   29 	 0.031603 	 0.055906 	 0.062734
   30 	 0.031614 	 0.056392 	 0.062124
   31 	 0.049216 	 0.057369 	 0.061686
   32 	 0.047465 	 0.058023 	 0.062473
   33 	 0.047467 	 0.058436 	 0.063634
   34 	 0.046688 	 0.057739 	 0.062254
   35 	 0.047709 	 0.058187 	 0.066458
   36 	 0.048233 	 0.058038 	 0.065069
   37 	 0.035330 	 0.058638 	 0.065766
   38 	 0.035496 	 0.058568 	 0.066490
   39 	 0.029716 	 0.058460 	 0.066849
   40 	 0.016492 	 0.057696 	 0.067175
   41 	 0.020250 	 0.056845 	 0.067035
   42 	 0.029052 	 0.057571 	 0.067059
   43 	 0.029749 	 0.058861 	 0.066642
   44 	 0.030501 	 0.059820 	 0.066759
   45 	 0.029862 	 0.060256 	 0.066963
   46 	 0.030070 	 0.059717 	 0.066774
   47 	 0.030937 	 0.061041 	 0.067101
   48 	 0.038794 	 0.061296 	 0.067151
   49 	 0.029262 	 0.060935 	 0.066212
   50 	 0.029734 	 0.061057 	 0.067655
   51 	 0.038582 	 0.060848 	 0.068059
   52 	 0.038033 	 0.061249 	 0.067201
   53 	 0.038317 	 0.062021 	 0.068170
   54 	 0.056071 	 0.062972 	 0.067323
   55 	 0.056444 	 0.063100 	 0.068274
   56 	 0.056296 	 0.063489 	 0.067488
   57 	 0.055240 	 0.063130 	 0.067625
   58 	 0.051354 	 0.062755 	 0.067611
   59 	 0.050091 	 0.062953 	 0.072947
   60 	 0.022026 	 0.062952 	 0.074290
   61 	 0.052016 	 0.063976 	 0.072497
   62 	 0.053815 	 0.063744 	 0.073461
   63 	 0.051908 	 0.063776 	 0.073800
   64 	 0.052371 	 0.064170 	 0.073040
   65 	 0.052442 	 0.064247 	 0.073349
   66 	 0.052906 	 0.063767 	 0.068249
   67 	 0.046314 	 0.063900 	 0.068506
   68 	 0.052378 	 0.063907 	 0.068109
   69 	 0.052657 	 0.064327 	 0.068573
   70 	 0.017060 	 0.063529 	 0.068682
   71 	 0.052283 	 0.064206 	 0.068050
   72 	 0.059886 	 0.064783 	 0.069439
   73 	 0.035481 	 0.064569 	 0.069475
   74 	 0.035192 	 0.065211 	 0.068901
   75 	 0.035866 	 0.065130 	 0.069300
   76 	 0.060164 	 0.065289 	 0.069066
   77 	 0.030609 	 0.064625 	 0.069157
   78 	 0.030925 	 0.063922 	 0.069370
   79 	 0.041868 	 0.064596 	 0.067861
 