   0 	 0.002360 	 0.004560 	 0.010574
    1 	 0.002857 	 0.004886 	 0.008452
    2 	 0.002853 	 0.005164 	 0.010001
    3 	 0.003097 	 0.005596 	 0.013908
    4 	 0.003002 	 0.006060 	 0.019209
    5 	 0.003450 	 0.007663 	 0.035336
    6 	 0.003707 	 0.009959 	 0.040163
    7 	 0.003377 	 0.014345 	 0.040735
    8 	 0.004560 	 0.021205 	 0.041778
    9 	 0.009745 	 0.027254 	 0.041829
   10 	 0.009691 	 0.030895 	 0.042611
   11 	 0.011173 	 0.032244 	 0.043058
   12 	 0.011228 	 0.033611 	 0.044310
   13 	 0.015203 	 0.033520 	 0.041995
   14 	 0.020876 	 0.034837 	 0.042891
   15 	 0.021852 	 0.035119 	 0.042937
   16 	 0.013692 	 0.034158 	 0.046349
   17 	 0.015419 	 0.034882 	 0.046045
   18 	 0.014606 	 0.034250 	 0.046114
   19 	 0.014693 	 0.035436 	 0.045724
   20 	 0.022288 	 0.035898 	 0.045918
   21 	 0.011619 	 0.036014 	 0.045064
   22 	 0.015099 	 0.036621 	 0.046700
   23 	 0.014958 	 0.037565 	 0.046280
   24 	 0.025896 	 0.038779 	 0.045902
   25 	 0.031898 	 0.039753 	 0.047052
   26 	 0.030392 	 0.039719 	 0.046553
   27 	 0.035987 	 0.040437 	 0.046168
   28 	 0.034567 	 0.040357 	 0.045411
   29 	 0.035659 	 0.040716 	 0.046291
   30 	 0.035043 	 0.040334 	 0.046313
   31 	 0.014941 	 0.040199 	 0.047032
   32 	 0.014976 	 0.040972 	 0.045761
   33 	 0.035715 	 0.042084 	 0.046224
   34 	 0.018100 	 0.041686 	 0.046305
   35 	 0.018536 	 0.041089 	 0.046432
   36 	 0.027110 	 0.041696 	 0.046681
   37 	 0.026886 	 0.041483 	 0.046419
   38 	 0.027029 	 0.041698 	 0.046587
   39 	 0.026907 	 0.041982 	 0.046286
   40 	 0.027321 	 0.042062 	 0.046769
   41 	 0.033195 	 0.042826 	 0.046708
   42 	 0.036550 	 0.042554 	 0.046692
   43 	 0.032263 	 0.042652 	 0.046524
   44 	 0.035835 	 0.042711 	 0.047054
   45 	 0.037344 	 0.043015 	 0.047869
   46 	 0.029007 	 0.042806 	 0.047309
   47 	 0.036478 	 0.043634 	 0.046672
   48 	 0.036875 	 0.043791 	 0.047733
   49 	 0.015012 	 0.043409 	 0.046766
   50 	 0.015022 	 0.043356 	 0.046589
   51 	 0.036471 	 0.043789 	 0.046323
   52 	 0.033293 	 0.043655 	 0.046679
   53 	 0.033497 	 0.043819 	 0.046855
   54 	 0.036633 	 0.044638 	 0.046786
   55 	 0.036378 	 0.044372 	 0.046781
   56 	 0.035528 	 0.044315 	 0.046468
   57 	 0.029067 	 0.044677 	 0.065090
   58 	 0.036894 	 0.045987 	 0.068344
   59 	 0.028642 	 0.046744 	 0.067508
   60 	 0.043151 	 0.048443 	 0.069075
   61 	 0.014333 	 0.047897 	 0.069366
   62 	 0.042722 	 0.051469 	 0.068629
   63 	 0.043309 	 0.051002 	 0.068860
   64 	 0.042149 	 0.054024 	 0.069203
   65 	 0.014892 	 0.053874 	 0.069311
   66 	 0.041739 	 0.055167 	 0.069225
   67 	 0.042080 	 0.057731 	 0.069304
   68 	 0.043089 	 0.060735 	 0.069265
   69 	 0.034569 	 0.063062 	 0.069288
   70 	 0.044085 	 0.064182 	 0.069627
   71 	 0.020456 	 0.065539 	 0.069311
   72 	 0.020760 	 0.065472 	 0.069373
   73 	 0.060071 	 0.065992 	 0.070725
   74 	 0.060394 	 0.066444 	 0.070115
   75 	 0.060515 	 0.066823 	 0.071375
   76 	 0.019071 	 0.065885 	 0.069617
   77 	 0.019216 	 0.065799 	 0.069278
   78 	 0.059876 	 0.066766 	 0.069362
   79 	 0.062900 	 0.066478 	 0.069436
 