   0 	 0.002554 	 0.004643 	 0.011009
    1 	 0.002551 	 0.005455 	 0.010985
    2 	 0.003022 	 0.006258 	 0.013515
    3 	 0.003486 	 0.007709 	 0.021389
    4 	 0.003279 	 0.008392 	 0.018543
    5 	 0.004039 	 0.009679 	 0.021148
    6 	 0.004267 	 0.010945 	 0.028803
    7 	 0.004700 	 0.012274 	 0.030091
    8 	 0.006324 	 0.013987 	 0.027920
    9 	 0.006598 	 0.018125 	 0.032431
   10 	 0.007424 	 0.019593 	 0.035132
   11 	 0.008623 	 0.021001 	 0.031459
   12 	 0.008288 	 0.023062 	 0.044935
   13 	 0.008792 	 0.024940 	 0.046724
   14 	 0.009455 	 0.027493 	 0.048343
   15 	 0.013586 	 0.029723 	 0.052199
   16 	 0.018033 	 0.036017 	 0.052962
   17 	 0.020657 	 0.036792 	 0.052805
   18 	 0.017149 	 0.038914 	 0.055803
   19 	 0.020477 	 0.040827 	 0.055054
   20 	 0.019919 	 0.043752 	 0.061993
   21 	 0.022837 	 0.044069 	 0.062876
   22 	 0.022360 	 0.045122 	 0.062922
   23 	 0.022337 	 0.045155 	 0.061360
   24 	 0.019247 	 0.046174 	 0.060020
   25 	 0.023079 	 0.047549 	 0.065596
   26 	 0.021766 	 0.047924 	 0.062121
   27 	 0.021522 	 0.048541 	 0.073000
   28 	 0.021401 	 0.048460 	 0.075707
   29 	 0.021663 	 0.048391 	 0.072023
   30 	 0.022910 	 0.046956 	 0.064440
   31 	 0.025212 	 0.047203 	 0.064466
   32 	 0.015610 	 0.046665 	 0.061311
   33 	 0.013376 	 0.045407 	 0.061367
   34 	 0.037468 	 0.047580 	 0.066845
   35 	 0.039794 	 0.047948 	 0.068197
   36 	 0.012938 	 0.047330 	 0.073675
   37 	 0.010111 	 0.050268 	 0.071324
   38 	 0.041296 	 0.053052 	 0.071055
   39 	 0.040712 	 0.054446 	 0.078805
   40 	 0.023862 	 0.053531 	 0.077769
   41 	 0.039588 	 0.055075 	 0.079485
   42 	 0.023094 	 0.057151 	 0.079999
   43 	 0.040623 	 0.063129 	 0.080950
   44 	 0.044083 	 0.063099 	 0.080169
   45 	 0.024539 	 0.063117 	 0.084824
   46 	 0.036062 	 0.065342 	 0.094332
   47 	 0.038834 	 0.064482 	 0.094160
   48 	 0.039564 	 0.065644 	 0.087957
   49 	 0.038771 	 0.066149 	 0.093339
   50 	 0.039074 	 0.069412 	 0.090251
   51 	 0.039096 	 0.068193 	 0.103149
   52 	 0.042190 	 0.073468 	 0.100649
   53 	 0.043911 	 0.076871 	 0.106140
   54 	 0.043351 	 0.079467 	 0.105871
   55 	 0.045608 	 0.078014 	 0.102367
   56 	 0.047452 	 0.079212 	 0.105747
   57 	 0.046138 	 0.076557 	 0.100022
   58 	 0.035300 	 0.077509 	 0.102611
   59 	 0.011809 	 0.076649 	 0.102415
   60 	 0.035324 	 0.079111 	 0.100685
   61 	 0.026310 	 0.078373 	 0.105763
   62 	 0.023433 	 0.079534 	 0.107631
   63 	 0.057764 	 0.084109 	 0.104093
   64 	 0.067460 	 0.084744 	 0.108720
   65 	 0.052749 	 0.085616 	 0.109755
   66 	 0.051675 	 0.087437 	 0.111134
   67 	 0.073106 	 0.089004 	 0.112502
   68 	 0.067694 	 0.091179 	 0.114773
   69 	 0.035484 	 0.091398 	 0.113842
   70 	 0.034049 	 0.093717 	 0.116151
   71 	 0.019998 	 0.094413 	 0.115757
   72 	 0.027315 	 0.093481 	 0.115823
   73 	 0.026530 	 0.093819 	 0.115141
   74 	 0.027044 	 0.094010 	 0.111644
   75 	 0.066984 	 0.098269 	 0.116232
   76 	 0.079147 	 0.099622 	 0.116966
   77 	 0.083531 	 0.100489 	 0.116412
   78 	 0.086173 	 0.102265 	 0.116664
   79 	 0.082899 	 0.102419 	 0.115671
 