   0 	 0.002623 	 0.004771 	 0.010098
    1 	 0.002698 	 0.005476 	 0.011752
    2 	 0.003263 	 0.006101 	 0.011117
    3 	 0.003316 	 0.006602 	 0.010731
    4 	 0.003677 	 0.007381 	 0.014226
    5 	 0.003670 	 0.008696 	 0.021642
    6 	 0.003186 	 0.009657 	 0.021595
    7 	 0.005115 	 0.012104 	 0.021632
    8 	 0.006280 	 0.013855 	 0.031005
    9 	 0.005747 	 0.015519 	 0.046381
   10 	 0.006028 	 0.016995 	 0.031949
   11 	 0.006013 	 0.017676 	 0.033769
   12 	 0.009443 	 0.019536 	 0.034039
   13 	 0.009910 	 0.022922 	 0.034477
   14 	 0.009866 	 0.023432 	 0.043459
   15 	 0.008093 	 0.024235 	 0.035390
   16 	 0.009300 	 0.025276 	 0.038654
   17 	 0.013332 	 0.028463 	 0.046280
   18 	 0.013373 	 0.028579 	 0.042729
   19 	 0.015964 	 0.029882 	 0.045710
   20 	 0.017117 	 0.031167 	 0.055680
   21 	 0.017159 	 0.032077 	 0.055120
   22 	 0.014457 	 0.034030 	 0.051618
   23 	 0.017807 	 0.036554 	 0.059431
   24 	 0.019360 	 0.038011 	 0.056394
   25 	 0.027694 	 0.039728 	 0.052772
   26 	 0.023981 	 0.041431 	 0.053724
   27 	 0.024027 	 0.042440 	 0.059526
   28 	 0.023991 	 0.043836 	 0.056671
   29 	 0.023798 	 0.042165 	 0.054931
   30 	 0.026456 	 0.044011 	 0.061878
   31 	 0.026439 	 0.044946 	 0.061727
   32 	 0.013126 	 0.042509 	 0.060289
   33 	 0.020819 	 0.045455 	 0.061234
   34 	 0.020767 	 0.048109 	 0.066252
   35 	 0.023926 	 0.048812 	 0.065899
   36 	 0.024764 	 0.049034 	 0.064888
   37 	 0.024791 	 0.049715 	 0.066447
   38 	 0.021780 	 0.052077 	 0.064047
   39 	 0.021545 	 0.052392 	 0.068555
   40 	 0.021394 	 0.051820 	 0.068623
   41 	 0.016669 	 0.052525 	 0.067591
   42 	 0.035898 	 0.053289 	 0.068212
   43 	 0.019784 	 0.053634 	 0.069054
   44 	 0.032966 	 0.057107 	 0.069282
   45 	 0.032667 	 0.057354 	 0.066918
   46 	 0.032748 	 0.057594 	 0.072894
   47 	 0.026613 	 0.057280 	 0.071390
   48 	 0.023722 	 0.059020 	 0.070812
   49 	 0.043987 	 0.058107 	 0.070492
   50 	 0.042829 	 0.059034 	 0.070752
   51 	 0.042966 	 0.061060 	 0.069673
   52 	 0.041480 	 0.060426 	 0.070593
   53 	 0.025051 	 0.058734 	 0.070567
   54 	 0.038346 	 0.059440 	 0.070732
   55 	 0.042949 	 0.060022 	 0.070861
   56 	 0.039997 	 0.059630 	 0.068670
   57 	 0.039160 	 0.059789 	 0.069095
   58 	 0.017852 	 0.060442 	 0.069528
   59 	 0.047842 	 0.062382 	 0.071095
   60 	 0.051943 	 0.063300 	 0.071676
   61 	 0.052425 	 0.064146 	 0.071262
   62 	 0.025999 	 0.063335 	 0.071557
   63 	 0.053754 	 0.064288 	 0.071541
   64 	 0.055176 	 0.064379 	 0.073778
   65 	 0.054005 	 0.065059 	 0.072525
   66 	 0.022327 	 0.063623 	 0.074509
   67 	 0.026429 	 0.062704 	 0.071621
   68 	 0.026620 	 0.064883 	 0.072442
   69 	 0.026175 	 0.064462 	 0.071625
   70 	 0.026345 	 0.064885 	 0.071899
   71 	 0.042235 	 0.066278 	 0.074551
   72 	 0.051751 	 0.066569 	 0.073891
   73 	 0.051830 	 0.066802 	 0.073279
   74 	 0.026949 	 0.065910 	 0.073725
   75 	 0.050803 	 0.067112 	 0.074549
   76 	 0.057019 	 0.067486 	 0.073439
   77 	 0.060282 	 0.067494 	 0.074652
   78 	 0.038707 	 0.067168 	 0.073800
   79 	 0.039381 	 0.066923 	 0.073798
 