   0 	 0.002670 	 0.004469 	 0.008842
    1 	 0.002706 	 0.005047 	 0.009220
    2 	 0.002852 	 0.005162 	 0.010048
    3 	 0.002811 	 0.005555 	 0.010969
    4 	 0.003139 	 0.005898 	 0.010945
    5 	 0.003253 	 0.006811 	 0.013695
    6 	 0.003522 	 0.008239 	 0.013585
    7 	 0.003523 	 0.009498 	 0.016054
    8 	 0.006116 	 0.009690 	 0.016290
    9 	 0.005946 	 0.010443 	 0.020767
   10 	 0.005561 	 0.011998 	 0.020903
   11 	 0.007362 	 0.013504 	 0.021168
   12 	 0.007463 	 0.013373 	 0.019110
   13 	 0.005662 	 0.013663 	 0.023620
   14 	 0.005665 	 0.014548 	 0.024002
   15 	 0.008895 	 0.015336 	 0.026068
   16 	 0.009838 	 0.016057 	 0.025846
   17 	 0.009269 	 0.015571 	 0.037980
   18 	 0.010440 	 0.016748 	 0.037805
   19 	 0.010557 	 0.018703 	 0.041962
   20 	 0.009048 	 0.019479 	 0.037368
   21 	 0.009044 	 0.019611 	 0.035278
   22 	 0.010514 	 0.021404 	 0.035762
   23 	 0.010446 	 0.022595 	 0.043930
   24 	 0.010404 	 0.025655 	 0.051867
   25 	 0.013897 	 0.028482 	 0.052842
   26 	 0.014826 	 0.031872 	 0.051775
   27 	 0.015572 	 0.036048 	 0.053297
   28 	 0.011667 	 0.039092 	 0.069545
   29 	 0.022605 	 0.042776 	 0.071496
   30 	 0.020542 	 0.044495 	 0.082011
   31 	 0.020473 	 0.046228 	 0.078119
   32 	 0.020856 	 0.047869 	 0.077458
   33 	 0.017518 	 0.049918 	 0.079197
   34 	 0.031187 	 0.052620 	 0.079265
   35 	 0.031495 	 0.055446 	 0.078891
   36 	 0.024219 	 0.054800 	 0.082024
   37 	 0.018345 	 0.056798 	 0.084123
   38 	 0.018485 	 0.055876 	 0.086679
   39 	 0.026610 	 0.055275 	 0.085808
   40 	 0.023687 	 0.056439 	 0.074084
   41 	 0.021964 	 0.056888 	 0.075184
   42 	 0.023791 	 0.059115 	 0.078511
   43 	 0.046812 	 0.060727 	 0.088734
   44 	 0.046730 	 0.061625 	 0.086199
   45 	 0.052271 	 0.062076 	 0.087295
   46 	 0.013484 	 0.061331 	 0.081850
   47 	 0.051268 	 0.065290 	 0.082558
   48 	 0.026667 	 0.063066 	 0.083442
   49 	 0.034311 	 0.063995 	 0.082772
   50 	 0.017020 	 0.064696 	 0.083353
   51 	 0.017218 	 0.065572 	 0.082413
   52 	 0.017124 	 0.064942 	 0.088149
   53 	 0.051196 	 0.067187 	 0.085769
   54 	 0.058504 	 0.069155 	 0.089808
   55 	 0.049198 	 0.069243 	 0.090698
   56 	 0.047900 	 0.070701 	 0.091819
   57 	 0.057676 	 0.070732 	 0.091967
   58 	 0.029838 	 0.069936 	 0.090271
   59 	 0.058627 	 0.072599 	 0.089764
   60 	 0.058427 	 0.071005 	 0.091987
   61 	 0.060826 	 0.072672 	 0.092391
   62 	 0.059643 	 0.073887 	 0.090545
   63 	 0.060137 	 0.073760 	 0.089292
   64 	 0.034136 	 0.072487 	 0.089605
   65 	 0.058519 	 0.074984 	 0.089483
   66 	 0.059058 	 0.076330 	 0.090560
   67 	 0.059019 	 0.075213 	 0.090264
   68 	 0.033268 	 0.077375 	 0.089217
   69 	 0.033422 	 0.078332 	 0.103464
   70 	 0.051451 	 0.079593 	 0.104279
   71 	 0.061880 	 0.081725 	 0.109733
   72 	 0.045996 	 0.079958 	 0.102298
   73 	 0.027406 	 0.079548 	 0.106616
   74 	 0.026829 	 0.080429 	 0.108128
   75 	 0.045222 	 0.083006 	 0.105254
   76 	 0.065552 	 0.084264 	 0.090614
   77 	 0.071929 	 0.084707 	 0.094109
   78 	 0.074525 	 0.085542 	 0.099128
   79 	 0.020328 	 0.084636 	 0.100772
 