   0 	 0.002382 	 0.005031 	 0.028655
    1 	 0.002805 	 0.005344 	 0.013982
    2 	 0.002799 	 0.005756 	 0.013456
    3 	 0.003016 	 0.006405 	 0.011249
    4 	 0.003011 	 0.006921 	 0.010186
    5 	 0.002999 	 0.007560 	 0.011605
    6 	 0.004444 	 0.007928 	 0.017935
    7 	 0.004639 	 0.008154 	 0.017626
    8 	 0.005091 	 0.008602 	 0.029366
    9 	 0.004314 	 0.009431 	 0.029892
   10 	 0.005099 	 0.012007 	 0.029957
   11 	 0.006398 	 0.015025 	 0.029893
   12 	 0.006184 	 0.017215 	 0.029748
   13 	 0.004786 	 0.019999 	 0.039384
   14 	 0.004778 	 0.021794 	 0.039838
   15 	 0.008818 	 0.022977 	 0.043750
   16 	 0.013657 	 0.024719 	 0.043345
   17 	 0.014114 	 0.026832 	 0.065644
   18 	 0.012139 	 0.030244 	 0.066847
   19 	 0.013335 	 0.032302 	 0.066390
   20 	 0.014492 	 0.036982 	 0.065837
   21 	 0.016474 	 0.036315 	 0.065666
   22 	 0.017928 	 0.041246 	 0.071067
   23 	 0.017796 	 0.046059 	 0.088516
   24 	 0.021829 	 0.053053 	 0.088071
   25 	 0.016209 	 0.057128 	 0.094966
   26 	 0.020367 	 0.061245 	 0.093733
   27 	 0.021631 	 0.064790 	 0.091097
   28 	 0.038822 	 0.071124 	 0.094572
   29 	 0.019207 	 0.070828 	 0.103223
   30 	 0.039665 	 0.075490 	 0.104954
   31 	 0.031461 	 0.075235 	 0.103781
   32 	 0.029921 	 0.074559 	 0.115507
   33 	 0.030594 	 0.077987 	 0.120670
   34 	 0.028287 	 0.080984 	 0.120851
   35 	 0.018475 	 0.082174 	 0.135565
   36 	 0.018596 	 0.086404 	 0.140594
   37 	 0.024861 	 0.096778 	 0.192533
   38 	 0.017995 	 0.102380 	 0.181080
   39 	 0.018623 	 0.104820 	 0.203597
   40 	 0.019463 	 0.106624 	 0.194046
   41 	 0.018630 	 0.103578 	 0.193033
   42 	 0.055625 	 0.109764 	 0.175324
   43 	 0.027308 	 0.111595 	 0.195709
   44 	 0.022033 	 0.117711 	 0.201118
   45 	 0.055538 	 0.129934 	 0.201442
   46 	 0.064640 	 0.130986 	 0.202634
   47 	 0.025270 	 0.140383 	 0.200248
   48 	 0.036110 	 0.151458 	 0.203679
   49 	 0.036498 	 0.162263 	 0.203256
   50 	 0.060993 	 0.168067 	 0.204736
   51 	 0.121219 	 0.175454 	 0.204497
   52 	 0.037779 	 0.166885 	 0.203644
   53 	 0.087185 	 0.172199 	 0.204730
   54 	 0.120710 	 0.179159 	 0.204600
   55 	 0.133999 	 0.179045 	 0.204743
   56 	 0.159588 	 0.182522 	 0.203134
   57 	 0.101967 	 0.175560 	 0.206319
   58 	 0.100469 	 0.175185 	 0.203663
   59 	 0.139395 	 0.178420 	 0.204615
   60 	 0.038401 	 0.174839 	 0.206147
   61 	 0.134611 	 0.182719 	 0.204702
   62 	 0.074751 	 0.179958 	 0.203077
   63 	 0.097890 	 0.183053 	 0.203630
   64 	 0.152320 	 0.183386 	 0.204874
   65 	 0.141273 	 0.183261 	 0.204259
   66 	 0.153911 	 0.187458 	 0.205006
   67 	 0.150849 	 0.182697 	 0.205754
   68 	 0.097573 	 0.181662 	 0.205836
   69 	 0.098834 	 0.183018 	 0.205790
   70 	 0.020260 	 0.179215 	 0.206493
   71 	 0.020784 	 0.179943 	 0.205182
   72 	 0.093654 	 0.182579 	 0.304154
   73 	 0.096471 	 0.181836 	 0.246205
   74 	 0.035600 	 0.178667 	 0.258290
   75 	 0.092542 	 0.175190 	 0.206186
   76 	 0.032204 	 0.171465 	 0.202831
   77 	 0.095826 	 0.177685 	 0.206866
   78 	 0.153358 	 0.182142 	 0.207068
   79 	 0.038951 	 0.171187 	 0.208648
 