   0 	 0.002527 	 0.004868 	 0.011189
    1 	 0.002792 	 0.005436 	 0.010693
    2 	 0.003121 	 0.005807 	 0.012339
    3 	 0.003167 	 0.006393 	 0.012359
    4 	 0.002933 	 0.006913 	 0.019543
    5 	 0.002799 	 0.007954 	 0.029208
    6 	 0.002840 	 0.008536 	 0.029085
    7 	 0.005770 	 0.009558 	 0.029068
    8 	 0.005240 	 0.012038 	 0.032955
    9 	 0.005876 	 0.014281 	 0.029676
   10 	 0.006881 	 0.020342 	 0.045285
   11 	 0.008034 	 0.025569 	 0.045780
   12 	 0.010645 	 0.027086 	 0.045287
   13 	 0.015351 	 0.028724 	 0.046219
   14 	 0.012152 	 0.028874 	 0.047064
   15 	 0.012167 	 0.030114 	 0.046920
   16 	 0.025537 	 0.034821 	 0.046795
   17 	 0.014171 	 0.034312 	 0.046697
   18 	 0.014121 	 0.034306 	 0.046856
   19 	 0.014104 	 0.036967 	 0.046874
   20 	 0.025784 	 0.038615 	 0.046642
   21 	 0.013629 	 0.036915 	 0.046931
   22 	 0.014160 	 0.040515 	 0.066481
   23 	 0.010187 	 0.039804 	 0.068464
   24 	 0.013470 	 0.043080 	 0.070196
   25 	 0.028721 	 0.044624 	 0.069272
   26 	 0.029166 	 0.044908 	 0.085556
   27 	 0.021818 	 0.045614 	 0.068765
   28 	 0.033044 	 0.048586 	 0.071461
   29 	 0.033076 	 0.051226 	 0.070159
   30 	 0.033179 	 0.052299 	 0.071169
   31 	 0.044464 	 0.057319 	 0.089436
   32 	 0.044488 	 0.060965 	 0.093988
   33 	 0.032606 	 0.061235 	 0.093943
   34 	 0.013299 	 0.062407 	 0.093896
   35 	 0.044470 	 0.067291 	 0.093500
   36 	 0.044513 	 0.071302 	 0.094028
   37 	 0.044687 	 0.074616 	 0.094682
   38 	 0.043783 	 0.077349 	 0.094546
   39 	 0.044633 	 0.079415 	 0.094579
   40 	 0.039458 	 0.077754 	 0.094720
   41 	 0.053328 	 0.079787 	 0.094257
   42 	 0.053518 	 0.085194 	 0.094477
   43 	 0.027338 	 0.086072 	 0.094613
   44 	 0.062058 	 0.088546 	 0.094707
   45 	 0.061268 	 0.088733 	 0.094559
   46 	 0.061358 	 0.090373 	 0.094733
   47 	 0.065115 	 0.089813 	 0.094654
   48 	 0.064691 	 0.090239 	 0.094643
   49 	 0.064139 	 0.089985 	 0.094705
   50 	 0.057577 	 0.089137 	 0.094708
   51 	 0.086599 	 0.091344 	 0.094737
   52 	 0.027852 	 0.089897 	 0.094598
   53 	 0.086584 	 0.090843 	 0.094607
   54 	 0.086556 	 0.090480 	 0.094620
   55 	 0.086622 	 0.090482 	 0.094654
   56 	 0.086718 	 0.090157 	 0.094685
   57 	 0.052673 	 0.089757 	 0.093979
   58 	 0.064783 	 0.090186 	 0.094514
   59 	 0.066572 	 0.089601 	 0.094479
   60 	 0.086608 	 0.089927 	 0.094209
   61 	 0.086604 	 0.090159 	 0.097139
   62 	 0.086774 	 0.090732 	 0.094662
   63 	 0.086533 	 0.090312 	 0.094633
   64 	 0.086375 	 0.090598 	 0.094561
   65 	 0.086661 	 0.090615 	 0.094659
   66 	 0.027413 	 0.088818 	 0.094484
   67 	 0.081151 	 0.090157 	 0.094603
   68 	 0.078299 	 0.090002 	 0.094468
   69 	 0.080201 	 0.090157 	 0.094611
   70 	 0.081905 	 0.089684 	 0.094527
   71 	 0.084811 	 0.090256 	 0.094463
   72 	 0.084611 	 0.090045 	 0.094616
   73 	 0.029749 	 0.089261 	 0.094287
   74 	 0.016888 	 0.088290 	 0.094727
   75 	 0.016954 	 0.088431 	 0.094507
   76 	 0.085594 	 0.089916 	 0.094716
   77 	 0.083482 	 0.089859 	 0.094718
   78 	 0.081823 	 0.089645 	 0.094458
   79 	 0.031611 	 0.089136 	 0.094680
 