   0 	 0.002455 	 0.004470 	 0.011580
    1 	 0.002659 	 0.005346 	 0.012473
    2 	 0.002150 	 0.006085 	 0.022301
    3 	 0.002768 	 0.007476 	 0.022543
    4 	 0.003387 	 0.011280 	 0.028967
    5 	 0.004522 	 0.015167 	 0.030532
    6 	 0.004666 	 0.018635 	 0.032676
    7 	 0.010572 	 0.020504 	 0.032794
    8 	 0.009311 	 0.020477 	 0.033093
    9 	 0.009258 	 0.022304 	 0.041012
   10 	 0.008345 	 0.021941 	 0.040638
   11 	 0.006509 	 0.020992 	 0.033239
   12 	 0.007838 	 0.022949 	 0.034967
   13 	 0.011623 	 0.023908 	 0.042531
   14 	 0.012367 	 0.022753 	 0.033733
   15 	 0.015351 	 0.023594 	 0.040353
   16 	 0.015095 	 0.024485 	 0.036609
   17 	 0.014889 	 0.026224 	 0.042934
   18 	 0.013587 	 0.026507 	 0.043485
   19 	 0.010503 	 0.025732 	 0.043348
   20 	 0.011556 	 0.027144 	 0.043890
   21 	 0.011460 	 0.026834 	 0.042655
   22 	 0.011488 	 0.028349 	 0.043655
   23 	 0.012903 	 0.030170 	 0.049509
   24 	 0.021010 	 0.031941 	 0.046818
   25 	 0.020180 	 0.031925 	 0.045368
   26 	 0.019218 	 0.033001 	 0.050836
   27 	 0.014726 	 0.032771 	 0.046255
   28 	 0.008953 	 0.033131 	 0.047544
   29 	 0.007561 	 0.034923 	 0.048447
   30 	 0.016947 	 0.037120 	 0.051640
   31 	 0.022494 	 0.038072 	 0.051175
   32 	 0.022399 	 0.040073 	 0.051899
   33 	 0.009603 	 0.039369 	 0.052283
   34 	 0.022287 	 0.038512 	 0.048841
   35 	 0.024642 	 0.038655 	 0.047881
   36 	 0.031498 	 0.039952 	 0.046591
   37 	 0.009869 	 0.039518 	 0.049683
   38 	 0.012764 	 0.039456 	 0.050556
   39 	 0.012703 	 0.039420 	 0.050181
   40 	 0.010151 	 0.039619 	 0.050123
   41 	 0.019916 	 0.040073 	 0.049211
   42 	 0.019165 	 0.040404 	 0.050163
   43 	 0.021330 	 0.042009 	 0.050356
   44 	 0.018880 	 0.041869 	 0.049351
   45 	 0.023767 	 0.043293 	 0.054194
   46 	 0.012609 	 0.041738 	 0.049935
   47 	 0.019610 	 0.042141 	 0.054443
   48 	 0.019816 	 0.043506 	 0.054321
   49 	 0.019705 	 0.043341 	 0.050231
   50 	 0.018808 	 0.044290 	 0.055709
   51 	 0.029798 	 0.045528 	 0.056723
   52 	 0.028053 	 0.045799 	 0.058045
   53 	 0.032038 	 0.046923 	 0.058941
   54 	 0.030672 	 0.046657 	 0.058201
   55 	 0.019455 	 0.047124 	 0.058451
   56 	 0.019898 	 0.046618 	 0.056733
   57 	 0.021171 	 0.047128 	 0.057964
   58 	 0.026140 	 0.048871 	 0.059797
   59 	 0.036572 	 0.048842 	 0.056831
   60 	 0.039004 	 0.050098 	 0.059650
   61 	 0.040907 	 0.050563 	 0.059308
   62 	 0.041512 	 0.051323 	 0.063486
   63 	 0.017849 	 0.050380 	 0.060995
   64 	 0.045677 	 0.050762 	 0.061451
   65 	 0.020592 	 0.049982 	 0.062420
   66 	 0.020447 	 0.049405 	 0.062906
   67 	 0.045685 	 0.049777 	 0.060390
   68 	 0.021863 	 0.049130 	 0.061143
   69 	 0.022110 	 0.049418 	 0.059967
   70 	 0.028611 	 0.049824 	 0.058992
   71 	 0.046380 	 0.051202 	 0.060460
   72 	 0.027979 	 0.051103 	 0.060382
   73 	 0.028073 	 0.051033 	 0.061262
   74 	 0.027623 	 0.051877 	 0.061341
   75 	 0.028061 	 0.052001 	 0.060221
   76 	 0.025905 	 0.050439 	 0.059217
   77 	 0.037635 	 0.050991 	 0.059181
   78 	 0.037977 	 0.050626 	 0.059242
   79 	 0.038305 	 0.051583 	 0.061455
 