   0 	 -1.000000 	 6.570714 	 100.000000
    1 	 -1.000000 	 46.670000 	 100.000000
    2 	 -1.000000 	 33.325952 	 100.000000
    3 	 -1.000000 	 60.031250 	 100.000000
    4 	 -1.000000 	 50.002778 	 100.000000
    5 	 -1.000000 	 59.990119 	 100.000000
    6 	 -1.000000 	 63.334167 	 100.000000
    7 	 -1.000000 	 66.664722 	 100.000000
    8 	 -1.000000 	 56.646389 	 100.000000
    9 	 -1.000000 	 76.666667 	 100.000000
   10 	 -1.000000 	 83.333333 	 100.000000
   11 	 -0.500000 	 80.009167 	 100.000000
   12 	 -0.333333 	 73.338889 	 100.000000
   13 	 -0.250000 	 83.334167 	 100.000000
   14 	 -0.250000 	 90.000833 	 100.000000
   15 	 -0.500000 	 86.678056 	 100.000000
   16 	 -1.000000 	 84.983333 	 100.000000
   17 	 -0.250000 	 91.683333 	 100.000000
   18 	 -1.000000 	 84.988889 	 100.000000
   19 	 -0.333333 	 90.002778 	 100.000000
   20 	 -0.500000 	 93.334167 	 100.000000
   21 	 -1.000000 	 98.316667 	 100.000000
   22 	 -1.000000 	 98.316667 	 100.000000
   23 	 -1.000000 	 88.316667 	 100.000000
   24 	 100.000000 	 100.000000 	 100.000000
   25 	 -1.000000 	 98.316667 	 100.000000
   26 	 100.000000 	 100.000000 	 100.000000
   27 	 -1.000000 	 98.316667 	 100.000000
   28 	 100.000000 	 100.000000 	 100.000000
   29 	 -1.000000 	 98.316667 	 100.000000
   30 	 100.000000 	 100.000000 	 100.000000
   31 	 -1.000000 	 98.316667 	 100.000000
   32 	 100.000000 	 100.000000 	 100.000000
   33 	 -1.000000 	 98.316667 	 100.000000
   34 	 100.000000 	 100.000000 	 100.000000
   35 	 100.000000 	 100.000000 	 100.000000
   36 	 100.000000 	 100.000000 	 100.000000
   37 	 100.000000 	 100.000000 	 100.000000
   38 	 100.000000 	 100.000000 	 100.000000
   39 	 -1.000000 	 98.316667 	 100.000000
   40 	 100.000000 	 100.000000 	 100.000000
   41 	 100.000000 	 100.000000 	 100.000000
   42 	 100.000000 	 100.000000 	 100.000000
   43 	 100.000000 	 100.000000 	 100.000000
   44 	 100.000000 	 100.000000 	 100.000000
   45 	 100.000000 	 100.000000 	 100.000000
   46 	 -0.500000 	 98.325000 	 100.000000
   47 	 100.000000 	 100.000000 	 100.000000
   48 	 100.000000 	 100.000000 	 100.000000
   49 	 100.000000 	 100.000000 	 100.000000
   50 	 100.000000 	 100.000000 	 100.000000
   51 	 100.000000 	 100.000000 	 100.000000
   52 	 100.000000 	 100.000000 	 100.000000
   53 	 -0.500000 	 98.325000 	 100.000000
   54 	 100.000000 	 100.000000 	 100.000000
   55 	 100.000000 	 100.000000 	 100.000000
   56 	 100.000000 	 100.000000 	 100.000000
   57 	 100.000000 	 100.000000 	 100.000000
   58 	 -0.250000 	 98.329167 	 100.000000
   59 	 -0.500000 	 98.325000 	 100.000000
   60 	 100.000000 	 100.000000 	 100.000000
   61 	 100.000000 	 100.000000 	 100.000000
   62 	 -1.000000 	 98.316667 	 100.000000
   63 	 100.000000 	 100.000000 	 100.000000
   64 	 100.000000 	 100.000000 	 100.000000
   65 	 100.000000 	 100.000000 	 100.000000
   66 	 100.000000 	 100.000000 	 100.000000
   67 	 100.000000 	 100.000000 	 100.000000
   68 	 100.000000 	 100.000000 	 100.000000
   69 	 100.000000 	 100.000000 	 100.000000
   70 	 100.000000 	 100.000000 	 100.000000
   71 	 100.000000 	 100.000000 	 100.000000
   72 	 0.250000 	 98.337500 	 100.000000
   73 	 100.000000 	 100.000000 	 100.000000
   74 	 100.000000 	 100.000000 	 100.000000
   75 	 100.000000 	 100.000000 	 100.000000
   76 	 100.000000 	 100.000000 	 100.000000
   77 	 100.000000 	 100.000000 	 100.000000
   78 	 100.000000 	 100.000000 	 100.000000
   79 	 100.000000 	 100.000000 	 100.000000
 