   0 	 -1.000000 	 11.715667 	 100.000000
    1 	 -1.000000 	 34.975000 	 100.000000
    2 	 -1.000000 	 58.334167 	 100.000000
    3 	 -1.000000 	 50.033889 	 100.000000
    4 	 -1.000000 	 41.674444 	 100.000000
    5 	 -1.000000 	 50.021667 	 100.000000
    6 	 -1.000000 	 71.651389 	 100.000000
    7 	 -1.000000 	 54.980000 	 100.000000
    8 	 -0.500000 	 73.337778 	 100.000000
    9 	 -1.000000 	 71.637500 	 100.000000
   10 	 -1.000000 	 93.325000 	 100.000000
   11 	 -1.000000 	 79.983333 	 100.000000
   12 	 -1.000000 	 84.975000 	 100.000000
   13 	 -1.000000 	 74.980556 	 100.000000
   14 	 -1.000000 	 78.308333 	 100.000000
   15 	 -1.000000 	 89.977778 	 100.000000
   16 	 -1.000000 	 89.987500 	 100.000000
   17 	 -1.000000 	 88.308333 	 100.000000
   18 	 -0.500000 	 96.666667 	 100.000000
   19 	 -1.000000 	 96.666667 	 100.000000
   20 	 -1.000000 	 93.333333 	 100.000000
   21 	 -1.000000 	 86.666667 	 100.000000
   22 	 -0.333333 	 96.669444 	 100.000000
   23 	 -1.000000 	 96.666667 	 100.000000
   24 	 -1.000000 	 93.333333 	 100.000000
   25 	 100.000000 	 100.000000 	 100.000000
   26 	 -1.000000 	 96.666667 	 100.000000
   27 	 -0.500000 	 93.333333 	 100.000000
   28 	 -0.500000 	 96.666667 	 100.000000
   29 	 100.000000 	 100.000000 	 100.000000
   30 	 100.000000 	 100.000000 	 100.000000
   31 	 100.000000 	 100.000000 	 100.000000
   32 	 -0.500000 	 96.666667 	 100.000000
   33 	 -0.500000 	 96.666667 	 100.000000
   34 	 0.500000 	 98.341667 	 100.000000
   35 	 100.000000 	 100.000000 	 100.000000
   36 	 100.000000 	 100.000000 	 100.000000
   37 	 100.000000 	 100.000000 	 100.000000
   38 	 -0.500000 	 98.325000 	 100.000000
   39 	 100.000000 	 100.000000 	 100.000000
   40 	 100.000000 	 100.000000 	 100.000000
   41 	 100.000000 	 100.000000 	 100.000000
   42 	 100.000000 	 100.000000 	 100.000000
   43 	 100.000000 	 100.000000 	 100.000000
   44 	 100.000000 	 100.000000 	 100.000000
   45 	 100.000000 	 100.000000 	 100.000000
   46 	 100.000000 	 100.000000 	 100.000000
   47 	 100.000000 	 100.000000 	 100.000000
   48 	 100.000000 	 100.000000 	 100.000000
   49 	 100.000000 	 100.000000 	 100.000000
   50 	 100.000000 	 100.000000 	 100.000000
   51 	 0.250000 	 98.337500 	 100.000000
   52 	 100.000000 	 100.000000 	 100.000000
   53 	 100.000000 	 100.000000 	 100.000000
   54 	 100.000000 	 100.000000 	 100.000000
   55 	 100.000000 	 100.000000 	 100.000000
   56 	 100.000000 	 100.000000 	 100.000000
   57 	 100.000000 	 100.000000 	 100.000000
   58 	 100.000000 	 100.000000 	 100.000000
   59 	 100.000000 	 100.000000 	 100.000000
   60 	 100.000000 	 100.000000 	 100.000000
   61 	 100.000000 	 100.000000 	 100.000000
   62 	 100.000000 	 100.000000 	 100.000000
   63 	 100.000000 	 100.000000 	 100.000000
   64 	 100.000000 	 100.000000 	 100.000000
   65 	 100.000000 	 100.000000 	 100.000000
   66 	 100.000000 	 100.000000 	 100.000000
   67 	 100.000000 	 100.000000 	 100.000000
   68 	 100.000000 	 100.000000 	 100.000000
   69 	 100.000000 	 100.000000 	 100.000000
   70 	 100.000000 	 100.000000 	 100.000000
   71 	 100.000000 	 100.000000 	 100.000000
   72 	 -0.250000 	 98.329167 	 100.000000
   73 	 100.000000 	 100.000000 	 100.000000
   74 	 100.000000 	 100.000000 	 100.000000
   75 	 -0.500000 	 98.325000 	 100.000000
   76 	 100.000000 	 100.000000 	 100.000000
   77 	 100.000000 	 100.000000 	 100.000000
   78 	 100.000000 	 100.000000 	 100.000000
   79 	 100.000000 	 100.000000 	 100.000000
 