   0 	 -1.000000 	 5.003657 	 100.000000
    1 	 -1.000000 	 58.359167 	 100.000000
    2 	 -1.000000 	 34.993333 	 100.000000
    3 	 -1.000000 	 69.975833 	 100.000000
    4 	 -1.000000 	 80.002222 	 100.000000
    5 	 -1.000000 	 81.650000 	 100.000000
    6 	 -1.000000 	 71.658333 	 100.000000
    7 	 -1.000000 	 78.316667 	 100.000000
    8 	 -1.000000 	 85.025000 	 100.000000
    9 	 -1.000000 	 73.333333 	 100.000000
   10 	 100.000000 	 100.000000 	 100.000000
   11 	 -1.000000 	 90.000000 	 100.000000
   12 	 -1.000000 	 90.002778 	 100.000000
   13 	 -0.333333 	 96.666667 	 100.000000
   14 	 -1.000000 	 91.658333 	 100.000000
   15 	 -1.000000 	 95.016667 	 100.000000
   16 	 -0.500000 	 93.342500 	 100.000000
   17 	 -1.000000 	 86.666667 	 100.000000
   18 	 -0.250000 	 96.666667 	 100.000000
   19 	 -1.000000 	 86.666667 	 100.000000
   20 	 -1.000000 	 84.995833 	 100.000000
   21 	 100.000000 	 100.000000 	 100.000000
   22 	 -0.500000 	 90.008333 	 100.000000
   23 	 -1.000000 	 93.333333 	 100.000000
   24 	 -1.000000 	 96.666667 	 100.000000
   25 	 -0.250000 	 96.666667 	 100.000000
   26 	 100.000000 	 100.000000 	 100.000000
   27 	 -1.000000 	 96.666667 	 100.000000
   28 	 -1.000000 	 96.666667 	 100.000000
   29 	 -0.250000 	 96.666667 	 100.000000
   30 	 -0.250000 	 96.666667 	 100.000000
   31 	 -0.250000 	 96.666667 	 100.000000
   32 	 -0.250000 	 96.666667 	 100.000000
   33 	 -1.000000 	 93.333333 	 100.000000
   34 	 100.000000 	 100.000000 	 100.000000
   35 	 100.000000 	 100.000000 	 100.000000
   36 	 -1.000000 	 98.316667 	 100.000000
   37 	 100.000000 	 100.000000 	 100.000000
   38 	 100.000000 	 100.000000 	 100.000000
   39 	 100.000000 	 100.000000 	 100.000000
   40 	 -0.333333 	 98.327778 	 100.000000
   41 	 100.000000 	 100.000000 	 100.000000
   42 	 100.000000 	 100.000000 	 100.000000
   43 	 100.000000 	 100.000000 	 100.000000
   44 	 100.000000 	 100.000000 	 100.000000
   45 	 100.000000 	 100.000000 	 100.000000
   46 	 100.000000 	 100.000000 	 100.000000
   47 	 100.000000 	 100.000000 	 100.000000
   48 	 100.000000 	 100.000000 	 100.000000
   49 	 100.000000 	 100.000000 	 100.000000
   50 	 100.000000 	 100.000000 	 100.000000
   51 	 100.000000 	 100.000000 	 100.000000
   52 	 -0.200000 	 98.330000 	 100.000000
   53 	 100.000000 	 100.000000 	 100.000000
   54 	 100.000000 	 100.000000 	 100.000000
   55 	 100.000000 	 100.000000 	 100.000000
   56 	 100.000000 	 100.000000 	 100.000000
   57 	 100.000000 	 100.000000 	 100.000000
   58 	 100.000000 	 100.000000 	 100.000000
   59 	 100.000000 	 100.000000 	 100.000000
   60 	 100.000000 	 100.000000 	 100.000000
   61 	 100.000000 	 100.000000 	 100.000000
   62 	 100.000000 	 100.000000 	 100.000000
   63 	 100.000000 	 100.000000 	 100.000000
   64 	 100.000000 	 100.000000 	 100.000000
   65 	 100.000000 	 100.000000 	 100.000000
   66 	 100.000000 	 100.000000 	 100.000000
   67 	 100.000000 	 100.000000 	 100.000000
   68 	 100.000000 	 100.000000 	 100.000000
   69 	 100.000000 	 100.000000 	 100.000000
   70 	 100.000000 	 100.000000 	 100.000000
   71 	 100.000000 	 100.000000 	 100.000000
   72 	 100.000000 	 100.000000 	 100.000000
   73 	 100.000000 	 100.000000 	 100.000000
   74 	 100.000000 	 100.000000 	 100.000000
   75 	 100.000000 	 100.000000 	 100.000000
   76 	 -0.250000 	 98.329167 	 100.000000
   77 	 100.000000 	 100.000000 	 100.000000
   78 	 100.000000 	 100.000000 	 100.000000
   79 	 100.000000 	 100.000000 	 100.000000
 