   0 	 0.002548 	 0.004170 	 0.007141
    1 	 0.002544 	 0.004219 	 0.006549
    2 	 0.002547 	 0.004553 	 0.006568
    3 	 0.003034 	 0.004992 	 0.006916
    4 	 0.003205 	 0.005291 	 0.007267
    5 	 0.003198 	 0.005293 	 0.007603
    6 	 0.003121 	 0.005491 	 0.007596
    7 	 0.003117 	 0.005642 	 0.008884
    8 	 0.003141 	 0.005868 	 0.008837
    9 	 0.003148 	 0.006124 	 0.008884
   10 	 0.003147 	 0.006313 	 0.008827
   11 	 0.003142 	 0.006552 	 0.008986
   12 	 0.004286 	 0.006905 	 0.009413
   13 	 0.004293 	 0.006954 	 0.011414
   14 	 0.004879 	 0.006980 	 0.012252
   15 	 0.003975 	 0.006911 	 0.012240
   16 	 0.005148 	 0.007033 	 0.011332
   17 	 0.005081 	 0.007370 	 0.011469
   18 	 0.005167 	 0.007786 	 0.012215
   19 	 0.005064 	 0.008310 	 0.012784
   20 	 0.005281 	 0.008845 	 0.013258
   21 	 0.005502 	 0.008766 	 0.013226
   22 	 0.006627 	 0.009196 	 0.013227
   23 	 0.005921 	 0.009614 	 0.013539
   24 	 0.005912 	 0.010222 	 0.013898
   25 	 0.005931 	 0.010207 	 0.014332
   26 	 0.006590 	 0.010323 	 0.014133
   27 	 0.006347 	 0.010155 	 0.013995
   28 	 0.006357 	 0.011060 	 0.014534
   29 	 0.006641 	 0.011880 	 0.014496
   30 	 0.006284 	 0.012096 	 0.014111
   31 	 0.007256 	 0.012226 	 0.013950
   32 	 0.006866 	 0.012108 	 0.015425
   33 	 0.009772 	 0.012388 	 0.015629
   34 	 0.009763 	 0.012342 	 0.015487
   35 	 0.008895 	 0.012332 	 0.015625
   36 	 0.009005 	 0.012358 	 0.017812
   37 	 0.008651 	 0.012557 	 0.017782
   38 	 0.008629 	 0.012981 	 0.017825
   39 	 0.008653 	 0.013175 	 0.017865
   40 	 0.008632 	 0.013291 	 0.017734
   41 	 0.008627 	 0.013831 	 0.019698
   42 	 0.009434 	 0.013490 	 0.019795
   43 	 0.009132 	 0.014037 	 0.019715
   44 	 0.009946 	 0.014411 	 0.019728
   45 	 0.009041 	 0.014740 	 0.019807
   46 	 0.009058 	 0.015304 	 0.020286
   47 	 0.010750 	 0.015784 	 0.019885
   48 	 0.010754 	 0.015799 	 0.020780
   49 	 0.010495 	 0.016341 	 0.022810
   50 	 0.011677 	 0.016395 	 0.021864
   51 	 0.011616 	 0.016137 	 0.021905
   52 	 0.010233 	 0.016668 	 0.021682
   53 	 0.011472 	 0.017284 	 0.021801
   54 	 0.011186 	 0.017099 	 0.025431
   55 	 0.011084 	 0.017742 	 0.025295
   56 	 0.011145 	 0.018225 	 0.025019
   57 	 0.011545 	 0.018826 	 0.025301
   58 	 0.012191 	 0.019499 	 0.025228
   59 	 0.012188 	 0.020006 	 0.024884
   60 	 0.012228 	 0.020011 	 0.025730
   61 	 0.011720 	 0.019732 	 0.025548
   62 	 0.012135 	 0.020540 	 0.027990
   63 	 0.008847 	 0.020280 	 0.026163
   64 	 0.008827 	 0.020726 	 0.026237
   65 	 0.012930 	 0.021613 	 0.028102
   66 	 0.009951 	 0.022041 	 0.028474
   67 	 0.012341 	 0.022086 	 0.035432
   68 	 0.012269 	 0.022429 	 0.034947
   69 	 0.011050 	 0.023460 	 0.043298
   70 	 0.011308 	 0.024009 	 0.044249
   71 	 0.011327 	 0.025790 	 0.043613
   72 	 0.015013 	 0.028290 	 0.044182
   73 	 0.018011 	 0.029820 	 0.064223
   74 	 0.018075 	 0.033298 	 0.068171
   75 	 0.017811 	 0.037935 	 0.078199
   76 	 0.017908 	 0.049372 	 0.083617
   77 	 0.026004 	 0.054800 	 0.086950
   78 	 0.021526 	 0.059059 	 0.098253
   79 	 0.025439 	 0.063008 	 0.089490
 