   0 	 0.002117 	 0.004632 	 0.009642
    1 	 0.002421 	 0.005219 	 0.009664
    2 	 0.002823 	 0.005966 	 0.009665
    3 	 0.002877 	 0.006084 	 0.010319
    4 	 0.003818 	 0.006192 	 0.010307
    5 	 0.003896 	 0.006764 	 0.010662
    6 	 0.004495 	 0.007257 	 0.011273
    7 	 0.004883 	 0.007817 	 0.010625
    8 	 0.004885 	 0.008081 	 0.012839
    9 	 0.005098 	 0.008207 	 0.010610
   10 	 0.005111 	 0.008174 	 0.011737
   11 	 0.005109 	 0.008091 	 0.011843
   12 	 0.005123 	 0.008800 	 0.011772
   13 	 0.005242 	 0.008647 	 0.011872
   14 	 0.005252 	 0.008965 	 0.015165
   15 	 0.005256 	 0.009531 	 0.015270
   16 	 0.006068 	 0.010001 	 0.015314
   17 	 0.005719 	 0.010541 	 0.018704
   18 	 0.006057 	 0.011798 	 0.018794
   19 	 0.006343 	 0.012343 	 0.017354
   20 	 0.006339 	 0.013245 	 0.017394
   21 	 0.006356 	 0.013567 	 0.017290
   22 	 0.007447 	 0.013744 	 0.017253
   23 	 0.007283 	 0.013909 	 0.016839
   24 	 0.005636 	 0.013571 	 0.016854
   25 	 0.005622 	 0.014036 	 0.017910
   26 	 0.009640 	 0.014523 	 0.018128
   27 	 0.009511 	 0.014375 	 0.017990
   28 	 0.009484 	 0.014571 	 0.018110
   29 	 0.009271 	 0.014637 	 0.018153
   30 	 0.010191 	 0.014957 	 0.018019
   31 	 0.012255 	 0.015165 	 0.021374
   32 	 0.008759 	 0.015414 	 0.022550
   33 	 0.008815 	 0.015846 	 0.026297
   34 	 0.009416 	 0.015564 	 0.021527
   35 	 0.009449 	 0.015586 	 0.031665
   36 	 0.009386 	 0.015769 	 0.031855
   37 	 0.009078 	 0.016149 	 0.032056
   38 	 0.009021 	 0.015928 	 0.031685
   39 	 0.009076 	 0.016781 	 0.031454
   40 	 0.007272 	 0.018093 	 0.032003
   41 	 0.009038 	 0.020766 	 0.032095
   42 	 0.009076 	 0.021561 	 0.032008
   43 	 0.009897 	 0.022947 	 0.036266
   44 	 0.012228 	 0.025350 	 0.036350
   45 	 0.012149 	 0.026503 	 0.035001
   46 	 0.013302 	 0.028410 	 0.037106
   47 	 0.016062 	 0.029037 	 0.036590
   48 	 0.012970 	 0.028241 	 0.036885
   49 	 0.012382 	 0.028744 	 0.036193
   50 	 0.012450 	 0.028852 	 0.036687
   51 	 0.012564 	 0.028519 	 0.038058
   52 	 0.014789 	 0.029160 	 0.038024
   53 	 0.012542 	 0.028638 	 0.038107
   54 	 0.016868 	 0.029775 	 0.038477
   55 	 0.020317 	 0.032733 	 0.038844
   56 	 0.015558 	 0.032207 	 0.038926
   57 	 0.018106 	 0.033019 	 0.038956
   58 	 0.012329 	 0.032883 	 0.039784
   59 	 0.011979 	 0.033038 	 0.038562
   60 	 0.013857 	 0.033731 	 0.041890
   61 	 0.017884 	 0.033545 	 0.043834
   62 	 0.023911 	 0.033805 	 0.046559
   63 	 0.017042 	 0.032492 	 0.045941
   64 	 0.023936 	 0.033528 	 0.041443
   65 	 0.014081 	 0.031722 	 0.042349
   66 	 0.019570 	 0.032650 	 0.043549
   67 	 0.019740 	 0.033115 	 0.043560
   68 	 0.020501 	 0.034264 	 0.043704
   69 	 0.022107 	 0.034692 	 0.042453
   70 	 0.022190 	 0.034449 	 0.042974
   71 	 0.020372 	 0.034986 	 0.042014
   72 	 0.015841 	 0.034545 	 0.041768
   73 	 0.015349 	 0.035033 	 0.042728
   74 	 0.015286 	 0.034658 	 0.042192
   75 	 0.023380 	 0.035694 	 0.043623
   76 	 0.028868 	 0.036183 	 0.041912
   77 	 0.026641 	 0.036652 	 0.042000
   78 	 0.019408 	 0.036830 	 0.043396
   79 	 0.017243 	 0.036199 	 0.044110
 