   0 	 0.002438 	 0.004453 	 0.009687
    1 	 0.003162 	 0.004710 	 0.009722
    2 	 0.003117 	 0.004957 	 0.009674
    3 	 0.003191 	 0.005356 	 0.009701
    4 	 0.003243 	 0.005809 	 0.009696
    5 	 0.002935 	 0.006615 	 0.014549
    6 	 0.003596 	 0.007832 	 0.014701
    7 	 0.004771 	 0.008766 	 0.014592
    8 	 0.004568 	 0.009982 	 0.027128
    9 	 0.004789 	 0.011000 	 0.027336
   10 	 0.005635 	 0.011819 	 0.027427
   11 	 0.005819 	 0.011949 	 0.028717
   12 	 0.006582 	 0.012545 	 0.028436
   13 	 0.005825 	 0.014341 	 0.029147
   14 	 0.006435 	 0.016998 	 0.031109
   15 	 0.007934 	 0.024563 	 0.048024
   16 	 0.006966 	 0.026773 	 0.049907
   17 	 0.012286 	 0.027755 	 0.050309
   18 	 0.012365 	 0.027396 	 0.049772
   19 	 0.012381 	 0.028000 	 0.050137
   20 	 0.015758 	 0.030136 	 0.053845
   21 	 0.011066 	 0.030962 	 0.052621
   22 	 0.011039 	 0.033593 	 0.053542
   23 	 0.015732 	 0.038436 	 0.055556
   24 	 0.018589 	 0.042912 	 0.053721
   25 	 0.015461 	 0.043676 	 0.070473
   26 	 0.018939 	 0.046036 	 0.057691
   27 	 0.019800 	 0.044704 	 0.060141
   28 	 0.022972 	 0.046890 	 0.079644
   29 	 0.014555 	 0.046466 	 0.077130
   30 	 0.020850 	 0.045878 	 0.077481
   31 	 0.020625 	 0.048815 	 0.077060
   32 	 0.018452 	 0.048055 	 0.079661
   33 	 0.016833 	 0.050588 	 0.084990
   34 	 0.019362 	 0.056787 	 0.083058
   35 	 0.027135 	 0.061440 	 0.086783
   36 	 0.019710 	 0.065009 	 0.099496
   37 	 0.019384 	 0.066897 	 0.092518
   38 	 0.016125 	 0.068797 	 0.094983
   39 	 0.024326 	 0.070673 	 0.105749
   40 	 0.016743 	 0.069381 	 0.136260
   41 	 0.021715 	 0.067979 	 0.086289
   42 	 0.035039 	 0.067908 	 0.087948
   43 	 0.024622 	 0.072200 	 0.103229
   44 	 0.016190 	 0.071324 	 0.090263
   45 	 0.039612 	 0.071309 	 0.087766
   46 	 0.024204 	 0.073146 	 0.085830
   47 	 0.016924 	 0.071391 	 0.084450
   48 	 0.022450 	 0.073784 	 0.119682
   49 	 0.030806 	 0.076312 	 0.124701
   50 	 0.024591 	 0.077627 	 0.124042
   51 	 0.024691 	 0.079199 	 0.116381
   52 	 0.016346 	 0.080299 	 0.131704
   53 	 0.032329 	 0.078506 	 0.118490
   54 	 0.040612 	 0.084080 	 0.122227
   55 	 0.033028 	 0.086018 	 0.123556
   56 	 0.024677 	 0.085894 	 0.118859
   57 	 0.023799 	 0.084810 	 0.120520
   58 	 0.026259 	 0.089883 	 0.130407
   59 	 0.028253 	 0.092191 	 0.154623
   60 	 0.031684 	 0.097221 	 0.145227
   61 	 0.057404 	 0.102408 	 0.143574
   62 	 0.047911 	 0.104745 	 0.141390
   63 	 0.023337 	 0.102493 	 0.144285
   64 	 0.036182 	 0.105766 	 0.143114
   65 	 0.035060 	 0.103317 	 0.146605
   66 	 0.020917 	 0.105728 	 0.151411
   67 	 0.020621 	 0.106532 	 0.147912
   68 	 0.014880 	 0.108635 	 0.150312
   69 	 0.018736 	 0.108993 	 0.142370
   70 	 0.018691 	 0.107875 	 0.152055
   71 	 0.018672 	 0.111798 	 0.132602
   72 	 0.018675 	 0.111935 	 0.127129
   73 	 0.025094 	 0.112508 	 0.130566
   74 	 0.015962 	 0.109551 	 0.136184
   75 	 0.019656 	 0.109113 	 0.135244
   76 	 0.036548 	 0.113152 	 0.176109
   77 	 0.035436 	 0.113959 	 0.189560
   78 	 0.024636 	 0.115386 	 0.199922
   79 	 0.024870 	 0.115952 	 0.202243
 