   0 	 0.002816 	 0.004527 	 0.008377
    1 	 0.002864 	 0.004786 	 0.008391
    2 	 0.002864 	 0.005041 	 0.009202
    3 	 0.003070 	 0.005322 	 0.009208
    4 	 0.003078 	 0.005977 	 0.010055
    5 	 0.002848 	 0.006305 	 0.011201
    6 	 0.002851 	 0.006923 	 0.011185
    7 	 0.004396 	 0.007431 	 0.011604
    8 	 0.004380 	 0.007558 	 0.011154
    9 	 0.004447 	 0.008057 	 0.011211
   10 	 0.004726 	 0.008890 	 0.016611
   11 	 0.005366 	 0.009457 	 0.014951
   12 	 0.005892 	 0.009718 	 0.015075
   13 	 0.005994 	 0.009636 	 0.015051
   14 	 0.004754 	 0.010558 	 0.015075
   15 	 0.006010 	 0.010862 	 0.015629
   16 	 0.006013 	 0.011260 	 0.015549
   17 	 0.006784 	 0.011877 	 0.019523
   18 	 0.007303 	 0.011893 	 0.019582
   19 	 0.007317 	 0.011742 	 0.017840
   20 	 0.006890 	 0.012423 	 0.018074
   21 	 0.007707 	 0.013387 	 0.025842
   22 	 0.007736 	 0.013741 	 0.021529
   23 	 0.008725 	 0.014535 	 0.021088
   24 	 0.008511 	 0.014447 	 0.021078
   25 	 0.009088 	 0.014676 	 0.028020
   26 	 0.009017 	 0.015441 	 0.029525
   27 	 0.011126 	 0.016385 	 0.041335
   28 	 0.012356 	 0.018708 	 0.041979
   29 	 0.012614 	 0.018907 	 0.044815
   30 	 0.012670 	 0.020721 	 0.049508
   31 	 0.011728 	 0.028603 	 0.049657
   32 	 0.011807 	 0.032695 	 0.050597
   33 	 0.012693 	 0.037397 	 0.053506
   34 	 0.015009 	 0.041207 	 0.054013
   35 	 0.012375 	 0.041547 	 0.064469
   36 	 0.014772 	 0.043280 	 0.066824
   37 	 0.013308 	 0.044446 	 0.066293
   38 	 0.016371 	 0.046267 	 0.066026
   39 	 0.023779 	 0.047913 	 0.067015
   40 	 0.013955 	 0.049560 	 0.066773
   41 	 0.028126 	 0.050546 	 0.066438
   42 	 0.017989 	 0.052207 	 0.067817
   43 	 0.028634 	 0.053602 	 0.068376
   44 	 0.015738 	 0.054010 	 0.068075
   45 	 0.028264 	 0.056149 	 0.069017
   46 	 0.024995 	 0.056611 	 0.073798
   47 	 0.021979 	 0.058478 	 0.071992
   48 	 0.028568 	 0.060509 	 0.069134
   49 	 0.013694 	 0.057796 	 0.072962
   50 	 0.029243 	 0.058234 	 0.068457
   51 	 0.029301 	 0.059037 	 0.069934
   52 	 0.021180 	 0.058308 	 0.074748
   53 	 0.012416 	 0.059078 	 0.074474
   54 	 0.026503 	 0.061622 	 0.077567
   55 	 0.011820 	 0.061360 	 0.080400
   56 	 0.019617 	 0.059362 	 0.080401
   57 	 0.019836 	 0.060889 	 0.080968
   58 	 0.019789 	 0.062182 	 0.082848
   59 	 0.020008 	 0.063387 	 0.092245
   60 	 0.015953 	 0.060790 	 0.094924
   61 	 0.018923 	 0.061379 	 0.092729
   62 	 0.017670 	 0.062495 	 0.075540
   63 	 0.017612 	 0.062346 	 0.072980
   64 	 0.013535 	 0.062557 	 0.071622
   65 	 0.032183 	 0.060853 	 0.071148
   66 	 0.021837 	 0.059829 	 0.073626
   67 	 0.017669 	 0.060151 	 0.071796
   68 	 0.018123 	 0.060429 	 0.071373
   69 	 0.022578 	 0.062214 	 0.072997
   70 	 0.016817 	 0.060942 	 0.073882
   71 	 0.016697 	 0.060664 	 0.072265
   72 	 0.016688 	 0.062410 	 0.076631
   73 	 0.022929 	 0.063262 	 0.080132
   74 	 0.031998 	 0.061885 	 0.071401
   75 	 0.019432 	 0.061744 	 0.072878
   76 	 0.027370 	 0.061932 	 0.073287
   77 	 0.027756 	 0.059417 	 0.073129
   78 	 0.016391 	 0.061012 	 0.073173
   79 	 0.011607 	 0.060101 	 0.073730
 