   0 	 0.002473 	 0.004482 	 0.010561
    1 	 0.002851 	 0.004917 	 0.010564
    2 	 0.002874 	 0.005175 	 0.010553
    3 	 0.002869 	 0.006109 	 0.010645
    4 	 0.002870 	 0.006652 	 0.011411
    5 	 0.002868 	 0.007528 	 0.011422
    6 	 0.002869 	 0.008308 	 0.013742
    7 	 0.003438 	 0.009041 	 0.016870
    8 	 0.004997 	 0.009686 	 0.016812
    9 	 0.004924 	 0.010390 	 0.016910
   10 	 0.006625 	 0.010617 	 0.016909
   11 	 0.006605 	 0.011128 	 0.016897
   12 	 0.006634 	 0.011527 	 0.016919
   13 	 0.006722 	 0.011875 	 0.018524
   14 	 0.006734 	 0.012077 	 0.018424
   15 	 0.006730 	 0.012276 	 0.018365
   16 	 0.006919 	 0.012086 	 0.016963
   17 	 0.009875 	 0.012590 	 0.017076
   18 	 0.009870 	 0.012803 	 0.016873
   19 	 0.008213 	 0.012790 	 0.016868
   20 	 0.010322 	 0.013378 	 0.020309
   21 	 0.006827 	 0.013934 	 0.020297
   22 	 0.010143 	 0.014616 	 0.020468
   23 	 0.008007 	 0.014481 	 0.020458
   24 	 0.010223 	 0.014934 	 0.020212
   25 	 0.010815 	 0.015376 	 0.020235
   26 	 0.011910 	 0.015727 	 0.022134
   27 	 0.009175 	 0.015742 	 0.024673
   28 	 0.008579 	 0.016641 	 0.024722
   29 	 0.010507 	 0.017381 	 0.024810
   30 	 0.012221 	 0.017646 	 0.025466
   31 	 0.012012 	 0.018102 	 0.025310
   32 	 0.012611 	 0.019252 	 0.025443
   33 	 0.013323 	 0.019535 	 0.025496
   34 	 0.008261 	 0.019640 	 0.026521
   35 	 0.008291 	 0.019047 	 0.027531
   36 	 0.011974 	 0.019906 	 0.027983
   37 	 0.009206 	 0.019392 	 0.028352
   38 	 0.013620 	 0.020535 	 0.027793
   39 	 0.014470 	 0.020879 	 0.027719
   40 	 0.007260 	 0.021313 	 0.027696
   41 	 0.016578 	 0.021665 	 0.027803
   42 	 0.016417 	 0.021433 	 0.027760
   43 	 0.009681 	 0.020887 	 0.027232
   44 	 0.015283 	 0.021419 	 0.028495
   45 	 0.010779 	 0.020731 	 0.028044
   46 	 0.010996 	 0.021312 	 0.027720
   47 	 0.012772 	 0.021113 	 0.027435
   48 	 0.012511 	 0.021335 	 0.026304
   49 	 0.014176 	 0.021217 	 0.025819
   50 	 0.015153 	 0.021300 	 0.026283
   51 	 0.013894 	 0.021772 	 0.026225
   52 	 0.013080 	 0.021939 	 0.026311
   53 	 0.011604 	 0.022079 	 0.026227
   54 	 0.011690 	 0.022354 	 0.026313
   55 	 0.011686 	 0.022737 	 0.027074
   56 	 0.011623 	 0.023307 	 0.026654
   57 	 0.015105 	 0.023637 	 0.030367
   58 	 0.018118 	 0.024102 	 0.029238
   59 	 0.012012 	 0.023622 	 0.029381
   60 	 0.014358 	 0.023550 	 0.029637
   61 	 0.018552 	 0.024854 	 0.029652
   62 	 0.018068 	 0.024296 	 0.029628
   63 	 0.010172 	 0.023931 	 0.029516
   64 	 0.010156 	 0.024483 	 0.029436
   65 	 0.010085 	 0.024705 	 0.031105
   66 	 0.014809 	 0.025074 	 0.029317
   67 	 0.014752 	 0.025192 	 0.030579
   68 	 0.012749 	 0.024911 	 0.030297
   69 	 0.014475 	 0.025048 	 0.030145
   70 	 0.014401 	 0.025650 	 0.031513
   71 	 0.014581 	 0.026361 	 0.031912
   72 	 0.017226 	 0.026009 	 0.031925
   73 	 0.011174 	 0.025972 	 0.031185
   74 	 0.011845 	 0.025749 	 0.031497
   75 	 0.011564 	 0.025714 	 0.031729
   76 	 0.011517 	 0.025865 	 0.031944
   77 	 0.016041 	 0.025656 	 0.031586
   78 	 0.014406 	 0.026549 	 0.031678
   79 	 0.016728 	 0.026784 	 0.032441
 