   0 	 0.002528 	 0.004616 	 0.010465
    1 	 0.002801 	 0.005442 	 0.010454
    2 	 0.002858 	 0.006448 	 0.010468
    3 	 0.002859 	 0.007447 	 0.020755
    4 	 0.002857 	 0.008884 	 0.021185
    5 	 0.002859 	 0.011196 	 0.021183
    6 	 0.006082 	 0.014063 	 0.021433
    7 	 0.005749 	 0.014825 	 0.021772
    8 	 0.005630 	 0.015289 	 0.021547
    9 	 0.006100 	 0.016631 	 0.021451
   10 	 0.009538 	 0.017538 	 0.022365
   11 	 0.009504 	 0.018055 	 0.022472
   12 	 0.010055 	 0.018134 	 0.022598
   13 	 0.010045 	 0.018686 	 0.022590
   14 	 0.009762 	 0.019864 	 0.023750
   15 	 0.009750 	 0.019985 	 0.023818
   16 	 0.010922 	 0.020102 	 0.023762
   17 	 0.011492 	 0.019627 	 0.023210
   18 	 0.015069 	 0.020125 	 0.023774
   19 	 0.014926 	 0.020342 	 0.026170
   20 	 0.015085 	 0.020298 	 0.026098
   21 	 0.014393 	 0.019866 	 0.023929
   22 	 0.014395 	 0.020150 	 0.023650
   23 	 0.010924 	 0.019832 	 0.023732
   24 	 0.009904 	 0.020533 	 0.023855
   25 	 0.014370 	 0.021255 	 0.023936
   26 	 0.013637 	 0.021357 	 0.026484
   27 	 0.012713 	 0.021516 	 0.025661
   28 	 0.011169 	 0.021075 	 0.025489
   29 	 0.010973 	 0.021090 	 0.027394
   30 	 0.010359 	 0.021026 	 0.027244
   31 	 0.010117 	 0.021508 	 0.027616
   32 	 0.011397 	 0.021587 	 0.026946
   33 	 0.011164 	 0.021905 	 0.026981
   34 	 0.011171 	 0.022496 	 0.030364
   35 	 0.010028 	 0.022403 	 0.027074
   36 	 0.014365 	 0.023427 	 0.034238
   37 	 0.015849 	 0.024336 	 0.034931
   38 	 0.013347 	 0.024453 	 0.034812
   39 	 0.014321 	 0.024843 	 0.034935
   40 	 0.013026 	 0.025911 	 0.036913
   41 	 0.011142 	 0.026351 	 0.035699
   42 	 0.011149 	 0.027179 	 0.036306
   43 	 0.011170 	 0.027976 	 0.036849
   44 	 0.014741 	 0.028777 	 0.040711
   45 	 0.015373 	 0.029898 	 0.040462
   46 	 0.012945 	 0.030978 	 0.042804
   47 	 0.012144 	 0.031485 	 0.043752
   48 	 0.022525 	 0.033385 	 0.044213
   49 	 0.021964 	 0.034001 	 0.045295
   50 	 0.021384 	 0.034424 	 0.047637
   51 	 0.015400 	 0.034969 	 0.046418
   52 	 0.015427 	 0.034758 	 0.046901
   53 	 0.025003 	 0.035842 	 0.048086
   54 	 0.022598 	 0.036948 	 0.048807
   55 	 0.021432 	 0.037741 	 0.050229
   56 	 0.024966 	 0.038049 	 0.051274
   57 	 0.020997 	 0.038063 	 0.052544
   58 	 0.021437 	 0.039704 	 0.054992
   59 	 0.023336 	 0.041672 	 0.064040
   60 	 0.023681 	 0.042061 	 0.064178
   61 	 0.016507 	 0.042752 	 0.066791
   62 	 0.019968 	 0.044104 	 0.068085
   63 	 0.028719 	 0.047130 	 0.069235
   64 	 0.018706 	 0.047353 	 0.067120
   65 	 0.018852 	 0.047804 	 0.078177
   66 	 0.020831 	 0.047202 	 0.076497
   67 	 0.028913 	 0.048201 	 0.079116
   68 	 0.028765 	 0.051338 	 0.080803
   69 	 0.028963 	 0.055958 	 0.080311
   70 	 0.021616 	 0.059399 	 0.083153
   71 	 0.028454 	 0.058954 	 0.084486
   72 	 0.020486 	 0.061813 	 0.090756
   73 	 0.017028 	 0.061704 	 0.088550
   74 	 0.020446 	 0.064324 	 0.092264
   75 	 0.018896 	 0.062741 	 0.091654
   76 	 0.021889 	 0.063153 	 0.091384
   77 	 0.021664 	 0.065462 	 0.094876
   78 	 0.017863 	 0.070781 	 0.100591
   79 	 0.019508 	 0.074966 	 0.133525
 