   0 	 0.002530 	 0.004656 	 0.010758
    1 	 0.002560 	 0.005133 	 0.010823
    2 	 0.003442 	 0.006099 	 0.010805
    3 	 0.003171 	 0.006784 	 0.011319
    4 	 0.003434 	 0.007067 	 0.012135
    5 	 0.003437 	 0.007534 	 0.012749
    6 	 0.003405 	 0.007910 	 0.013351
    7 	 0.005108 	 0.009029 	 0.013656
    8 	 0.005673 	 0.009953 	 0.013592
    9 	 0.005809 	 0.010513 	 0.018059
   10 	 0.005794 	 0.010553 	 0.018283
   11 	 0.007085 	 0.011006 	 0.018272
   12 	 0.006781 	 0.010989 	 0.019657
   13 	 0.007050 	 0.011759 	 0.019967
   14 	 0.007363 	 0.013209 	 0.023836
   15 	 0.007861 	 0.015305 	 0.026513
   16 	 0.007967 	 0.016228 	 0.030834
   17 	 0.007941 	 0.016809 	 0.029763
   18 	 0.008462 	 0.018694 	 0.029809
   19 	 0.008556 	 0.019980 	 0.030060
   20 	 0.013848 	 0.021977 	 0.030183
   21 	 0.014119 	 0.023360 	 0.036429
   22 	 0.013346 	 0.022799 	 0.037968
   23 	 0.013253 	 0.023380 	 0.048677
   24 	 0.013250 	 0.024973 	 0.050060
   25 	 0.015414 	 0.027370 	 0.049796
   26 	 0.014107 	 0.029726 	 0.050448
   27 	 0.015306 	 0.034847 	 0.059216
   28 	 0.019182 	 0.040135 	 0.067973
   29 	 0.016077 	 0.039714 	 0.066298
   30 	 0.019173 	 0.044184 	 0.070525
   31 	 0.024003 	 0.046750 	 0.073071
   32 	 0.020688 	 0.046822 	 0.072048
   33 	 0.025762 	 0.049628 	 0.074292
   34 	 0.025604 	 0.050783 	 0.073903
   35 	 0.026114 	 0.057908 	 0.073959
   36 	 0.030352 	 0.056814 	 0.073314
   37 	 0.030070 	 0.057032 	 0.073051
   38 	 0.022844 	 0.060416 	 0.083478
   39 	 0.029080 	 0.061866 	 0.073325
   40 	 0.016711 	 0.062675 	 0.073972
   41 	 0.024454 	 0.058724 	 0.072728
   42 	 0.020396 	 0.061788 	 0.074263
   43 	 0.022320 	 0.060866 	 0.085206
   44 	 0.021721 	 0.061948 	 0.083970
   45 	 0.022256 	 0.063004 	 0.086242
   46 	 0.030898 	 0.065104 	 0.086401
   47 	 0.030842 	 0.065208 	 0.083506
   48 	 0.031392 	 0.067910 	 0.089606
   49 	 0.030199 	 0.067533 	 0.094347
   50 	 0.032490 	 0.071048 	 0.099539
   51 	 0.028587 	 0.071605 	 0.098797
   52 	 0.023153 	 0.071350 	 0.098151
   53 	 0.018873 	 0.068339 	 0.097957
   54 	 0.023625 	 0.071080 	 0.098293
   55 	 0.023120 	 0.073138 	 0.098518
   56 	 0.015907 	 0.077963 	 0.118408
   57 	 0.031116 	 0.077181 	 0.097948
   58 	 0.015914 	 0.079977 	 0.102119
   59 	 0.016074 	 0.083521 	 0.107030
   60 	 0.016864 	 0.087235 	 0.109356
   61 	 0.060013 	 0.087705 	 0.120366
   62 	 0.054372 	 0.084406 	 0.119052
   63 	 0.024749 	 0.082584 	 0.108888
   64 	 0.022801 	 0.083632 	 0.110310
   65 	 0.044477 	 0.084748 	 0.114601
   66 	 0.040653 	 0.085794 	 0.120943
   67 	 0.031783 	 0.085673 	 0.118310
   68 	 0.019641 	 0.081061 	 0.118949
   69 	 0.022910 	 0.082815 	 0.123936
   70 	 0.023617 	 0.087479 	 0.123706
   71 	 0.046245 	 0.089405 	 0.121688
   72 	 0.030467 	 0.090388 	 0.128755
   73 	 0.030156 	 0.091533 	 0.111931
   74 	 0.030120 	 0.090560 	 0.111846
   75 	 0.031258 	 0.090036 	 0.113671
   76 	 0.027916 	 0.088692 	 0.108560
   77 	 0.027670 	 0.090566 	 0.114102
   78 	 0.027929 	 0.087783 	 0.111972
   79 	 0.027449 	 0.088472 	 0.108215
 