   0 	 0.002016 	 0.004213 	 0.008324
    1 	 0.002020 	 0.004391 	 0.008350
    2 	 0.002568 	 0.004991 	 0.010565
    3 	 0.002214 	 0.005483 	 0.010527
    4 	 0.002212 	 0.006415 	 0.010534
    5 	 0.002787 	 0.007151 	 0.010565
    6 	 0.003716 	 0.007717 	 0.013259
    7 	 0.004360 	 0.007993 	 0.010625
    8 	 0.004348 	 0.008580 	 0.015280
    9 	 0.004659 	 0.009185 	 0.020965
   10 	 0.004817 	 0.010158 	 0.021498
   11 	 0.005317 	 0.011556 	 0.021863
   12 	 0.005922 	 0.012413 	 0.021720
   13 	 0.005919 	 0.013748 	 0.021914
   14 	 0.007743 	 0.014840 	 0.021994
   15 	 0.009651 	 0.015148 	 0.026445
   16 	 0.009974 	 0.016811 	 0.021937
   17 	 0.010575 	 0.018159 	 0.030005
   18 	 0.010561 	 0.018149 	 0.029918
   19 	 0.010580 	 0.019880 	 0.030783
   20 	 0.011611 	 0.021643 	 0.036364
   21 	 0.009147 	 0.022156 	 0.036869
   22 	 0.013111 	 0.023270 	 0.036456
   23 	 0.012235 	 0.024377 	 0.036748
   24 	 0.013239 	 0.025734 	 0.036824
   25 	 0.014027 	 0.027255 	 0.037011
   26 	 0.014892 	 0.027549 	 0.036682
   27 	 0.015392 	 0.028279 	 0.036739
   28 	 0.015368 	 0.028516 	 0.046736
   29 	 0.017421 	 0.029620 	 0.048007
   30 	 0.018869 	 0.028843 	 0.047890
   31 	 0.016507 	 0.028598 	 0.036593
   32 	 0.015834 	 0.029152 	 0.040813
   33 	 0.015249 	 0.029712 	 0.037127
   34 	 0.012661 	 0.029601 	 0.037053
   35 	 0.015554 	 0.029943 	 0.036852
   36 	 0.016449 	 0.029887 	 0.036787
   37 	 0.016161 	 0.030855 	 0.041970
   38 	 0.014033 	 0.030158 	 0.039095
   39 	 0.016728 	 0.031112 	 0.041137
   40 	 0.015007 	 0.030312 	 0.043874
   41 	 0.016984 	 0.031919 	 0.043747
   42 	 0.017008 	 0.032413 	 0.041647
   43 	 0.015900 	 0.032583 	 0.041445
   44 	 0.015572 	 0.030678 	 0.043552
   45 	 0.015484 	 0.029955 	 0.041211
   46 	 0.015637 	 0.031754 	 0.041510
   47 	 0.015590 	 0.033239 	 0.044075
   48 	 0.015649 	 0.033803 	 0.044514
   49 	 0.015636 	 0.034625 	 0.044200
   50 	 0.023569 	 0.035194 	 0.044145
   51 	 0.017609 	 0.034544 	 0.044617
   52 	 0.017381 	 0.034771 	 0.056599
   53 	 0.020621 	 0.035189 	 0.056433
   54 	 0.020686 	 0.034981 	 0.055464
   55 	 0.015409 	 0.035463 	 0.053956
   56 	 0.022271 	 0.036939 	 0.053775
   57 	 0.021860 	 0.036769 	 0.053831
   58 	 0.022088 	 0.038957 	 0.069941
   59 	 0.022064 	 0.040168 	 0.070857
   60 	 0.020930 	 0.039251 	 0.068373
   61 	 0.022993 	 0.043134 	 0.072643
   62 	 0.027448 	 0.046062 	 0.074783
   63 	 0.022552 	 0.048394 	 0.073847
   64 	 0.020919 	 0.050842 	 0.073822
   65 	 0.020630 	 0.052071 	 0.073346
   66 	 0.035432 	 0.057657 	 0.074121
   67 	 0.015557 	 0.060599 	 0.074696
   68 	 0.026879 	 0.064228 	 0.074693
   69 	 0.011899 	 0.063512 	 0.077076
   70 	 0.019930 	 0.064435 	 0.075863
   71 	 0.017152 	 0.064808 	 0.077680
   72 	 0.017149 	 0.066568 	 0.078877
   73 	 0.023267 	 0.064420 	 0.079609
   74 	 0.035652 	 0.067333 	 0.079268
   75 	 0.052821 	 0.068271 	 0.078008
   76 	 0.034716 	 0.067736 	 0.079978
   77 	 0.026306 	 0.067844 	 0.080136
   78 	 0.026999 	 0.067266 	 0.082581
   79 	 0.031016 	 0.067890 	 0.082391
 