   0 	 0.002991 	 0.004696 	 0.008906
    1 	 0.002443 	 0.004949 	 0.008466
    2 	 0.002576 	 0.005549 	 0.008453
    3 	 0.003014 	 0.005838 	 0.008810
    4 	 0.003014 	 0.006181 	 0.010693
    5 	 0.003388 	 0.006616 	 0.009990
    6 	 0.004374 	 0.007282 	 0.010026
    7 	 0.004552 	 0.007936 	 0.010051
    8 	 0.004426 	 0.008057 	 0.010654
    9 	 0.004410 	 0.008351 	 0.010742
   10 	 0.004418 	 0.008309 	 0.013430
   11 	 0.006012 	 0.008570 	 0.013459
   12 	 0.005739 	 0.008666 	 0.013437
   13 	 0.005735 	 0.009087 	 0.013546
   14 	 0.005755 	 0.009575 	 0.013455
   15 	 0.005238 	 0.009366 	 0.012866
   16 	 0.007128 	 0.009709 	 0.012972
   17 	 0.007149 	 0.010404 	 0.017283
   18 	 0.007334 	 0.010636 	 0.017166
   19 	 0.007119 	 0.011093 	 0.017351
   20 	 0.007924 	 0.011325 	 0.017301
   21 	 0.007162 	 0.011483 	 0.017402
   22 	 0.006839 	 0.011728 	 0.021725
   23 	 0.006837 	 0.012690 	 0.021747
   24 	 0.006843 	 0.013682 	 0.021739
   25 	 0.008718 	 0.015783 	 0.021857
   26 	 0.007131 	 0.015959 	 0.023518
   27 	 0.009070 	 0.016886 	 0.023726
   28 	 0.009524 	 0.017761 	 0.023713
   29 	 0.009508 	 0.018794 	 0.023145
   30 	 0.009250 	 0.019290 	 0.026607
   31 	 0.009215 	 0.019459 	 0.028003
   32 	 0.008965 	 0.020020 	 0.028273
   33 	 0.010972 	 0.020569 	 0.028798
   34 	 0.010556 	 0.020896 	 0.030425
   35 	 0.011675 	 0.021910 	 0.029866
   36 	 0.008067 	 0.021919 	 0.037892
   37 	 0.011544 	 0.023687 	 0.038092
   38 	 0.017280 	 0.025691 	 0.039228
   39 	 0.011008 	 0.026768 	 0.039232
   40 	 0.012550 	 0.029136 	 0.040167
   41 	 0.012430 	 0.028790 	 0.039870
   42 	 0.012448 	 0.029338 	 0.040021
   43 	 0.013674 	 0.031146 	 0.050113
   44 	 0.013689 	 0.032603 	 0.051930
   45 	 0.017307 	 0.035797 	 0.051670
   46 	 0.013362 	 0.035061 	 0.054829
   47 	 0.013889 	 0.036787 	 0.055276
   48 	 0.013719 	 0.038358 	 0.055588
   49 	 0.013740 	 0.038777 	 0.056186
   50 	 0.013782 	 0.040861 	 0.056336
   51 	 0.017772 	 0.043533 	 0.057352
   52 	 0.017681 	 0.044437 	 0.057278
   53 	 0.013294 	 0.043394 	 0.056087
   54 	 0.018769 	 0.045711 	 0.068501
   55 	 0.013736 	 0.044775 	 0.067644
   56 	 0.016778 	 0.044981 	 0.066214
   57 	 0.014524 	 0.043103 	 0.066134
   58 	 0.014540 	 0.044927 	 0.067265
   59 	 0.014496 	 0.046813 	 0.068424
   60 	 0.014628 	 0.051300 	 0.081574
   61 	 0.024088 	 0.051041 	 0.074697
   62 	 0.023697 	 0.050105 	 0.081350
   63 	 0.023378 	 0.053353 	 0.107030
   64 	 0.023341 	 0.053039 	 0.104043
   65 	 0.023757 	 0.056634 	 0.108258
   66 	 0.031634 	 0.058415 	 0.109012
   67 	 0.031728 	 0.059390 	 0.109958
   68 	 0.021994 	 0.062833 	 0.106698
   69 	 0.020372 	 0.068179 	 0.108225
   70 	 0.030650 	 0.073808 	 0.110134
   71 	 0.016859 	 0.077078 	 0.135800
   72 	 0.031768 	 0.086579 	 0.149966
   73 	 0.027857 	 0.087874 	 0.149175
   74 	 0.026508 	 0.093776 	 0.145662
   75 	 0.017016 	 0.094367 	 0.146652
   76 	 0.016963 	 0.102610 	 0.149639
   77 	 0.017995 	 0.111948 	 0.149882
   78 	 0.028078 	 0.114619 	 0.150183
   79 	 0.028286 	 0.116207 	 0.170783
 