   0 	 0.002370 	 0.004624 	 0.010211
    1 	 0.002495 	 0.004825 	 0.010198
    2 	 0.002498 	 0.005222 	 0.010203
    3 	 0.002495 	 0.006156 	 0.010185
    4 	 0.003290 	 0.007026 	 0.010197
    5 	 0.003293 	 0.007416 	 0.010199
    6 	 0.003294 	 0.007957 	 0.010209
    7 	 0.003295 	 0.008339 	 0.010208
    8 	 0.005358 	 0.008706 	 0.012028
    9 	 0.005376 	 0.008830 	 0.012012
   10 	 0.005284 	 0.009555 	 0.013774
   11 	 0.006537 	 0.009856 	 0.013757
   12 	 0.006516 	 0.009901 	 0.013451
   13 	 0.006520 	 0.009745 	 0.012588
   14 	 0.006309 	 0.009861 	 0.013183
   15 	 0.006533 	 0.010072 	 0.012585
   16 	 0.006247 	 0.010125 	 0.012673
   17 	 0.006254 	 0.010648 	 0.012873
   18 	 0.006244 	 0.011409 	 0.015163
   19 	 0.006273 	 0.011532 	 0.015261
   20 	 0.007489 	 0.011690 	 0.015733
   21 	 0.007528 	 0.011563 	 0.015874
   22 	 0.008223 	 0.011878 	 0.017285
   23 	 0.007469 	 0.011722 	 0.022298
   24 	 0.007416 	 0.011993 	 0.022717
   25 	 0.005334 	 0.012696 	 0.023256
   26 	 0.007118 	 0.013962 	 0.023422
   27 	 0.007121 	 0.014174 	 0.023685
   28 	 0.007957 	 0.015533 	 0.023349
   29 	 0.011692 	 0.016371 	 0.023336
   30 	 0.009102 	 0.017952 	 0.023666
   31 	 0.009150 	 0.018824 	 0.023483
   32 	 0.009690 	 0.019721 	 0.024948
   33 	 0.009362 	 0.021025 	 0.023954
   34 	 0.014935 	 0.021600 	 0.026560
   35 	 0.014503 	 0.021566 	 0.025105
   36 	 0.010910 	 0.021423 	 0.024920
   37 	 0.008962 	 0.021715 	 0.025069
   38 	 0.008978 	 0.021734 	 0.024814
   39 	 0.011000 	 0.022520 	 0.034821
   40 	 0.017501 	 0.022654 	 0.034880
   41 	 0.011546 	 0.022357 	 0.033755
   42 	 0.009610 	 0.022817 	 0.033987
   43 	 0.008626 	 0.023185 	 0.035788
   44 	 0.016456 	 0.024785 	 0.036026
   45 	 0.010431 	 0.025178 	 0.035719
   46 	 0.010078 	 0.025188 	 0.038204
   47 	 0.012267 	 0.026993 	 0.073279
   48 	 0.009564 	 0.028837 	 0.076275
   49 	 0.010043 	 0.032838 	 0.077501
   50 	 0.017430 	 0.041046 	 0.077710
   51 	 0.017494 	 0.045890 	 0.077378
   52 	 0.013805 	 0.053599 	 0.077827
   53 	 0.013862 	 0.062516 	 0.083613
   54 	 0.015934 	 0.067255 	 0.085353
   55 	 0.033665 	 0.073060 	 0.088065
   56 	 0.024075 	 0.073037 	 0.088568
   57 	 0.024058 	 0.073528 	 0.089655
   58 	 0.027711 	 0.072916 	 0.088856
   59 	 0.053817 	 0.075307 	 0.089798
   60 	 0.053576 	 0.076649 	 0.089732
   61 	 0.035512 	 0.075449 	 0.088891
   62 	 0.029237 	 0.075300 	 0.090937
   63 	 0.022663 	 0.071590 	 0.092000
   64 	 0.022569 	 0.071557 	 0.090738
   65 	 0.023415 	 0.072626 	 0.092385
   66 	 0.021342 	 0.070513 	 0.089465
   67 	 0.050346 	 0.074655 	 0.092185
   68 	 0.022523 	 0.074312 	 0.093619
   69 	 0.023292 	 0.075600 	 0.089917
   70 	 0.018741 	 0.076053 	 0.093675
   71 	 0.018551 	 0.073242 	 0.093039
   72 	 0.013946 	 0.072630 	 0.094838
   73 	 0.014115 	 0.070554 	 0.095842
   74 	 0.014134 	 0.074980 	 0.094668
   75 	 0.027179 	 0.078744 	 0.111092
   76 	 0.012691 	 0.076989 	 0.128120
   77 	 0.012678 	 0.080825 	 0.141877
   78 	 0.018239 	 0.088654 	 0.143489
   79 	 0.018270 	 0.089959 	 0.144367
 