   0 	 0.002690 	 0.004610 	 0.008097
    1 	 0.002690 	 0.005012 	 0.014919
    2 	 0.003012 	 0.005983 	 0.015003
    3 	 0.003284 	 0.006111 	 0.015044
    4 	 0.003285 	 0.006437 	 0.014988
    5 	 0.003283 	 0.007692 	 0.015042
    6 	 0.004482 	 0.009357 	 0.015141
    7 	 0.004866 	 0.011138 	 0.026349
    8 	 0.005489 	 0.012856 	 0.026063
    9 	 0.006258 	 0.014450 	 0.025993
   10 	 0.006385 	 0.016451 	 0.029765
   11 	 0.010444 	 0.017911 	 0.028314
   12 	 0.010433 	 0.019382 	 0.028693
   13 	 0.010444 	 0.021641 	 0.029418
   14 	 0.008615 	 0.023677 	 0.032169
   15 	 0.014921 	 0.025067 	 0.032492
   16 	 0.014774 	 0.024926 	 0.028350
   17 	 0.014881 	 0.025108 	 0.028468
   18 	 0.014877 	 0.024879 	 0.029430
   19 	 0.016344 	 0.024656 	 0.029361
   20 	 0.016488 	 0.025025 	 0.029452
   21 	 0.009795 	 0.024288 	 0.029011
   22 	 0.011462 	 0.024700 	 0.029245
   23 	 0.011884 	 0.024784 	 0.029327
   24 	 0.012545 	 0.025495 	 0.029036
   25 	 0.018344 	 0.025969 	 0.030268
   26 	 0.021500 	 0.026513 	 0.030481
   27 	 0.012600 	 0.026008 	 0.031618
   28 	 0.012081 	 0.026569 	 0.031579
   29 	 0.019041 	 0.026741 	 0.032081
   30 	 0.010571 	 0.025915 	 0.031907
   31 	 0.019529 	 0.026857 	 0.032389
   32 	 0.019379 	 0.027155 	 0.033731
   33 	 0.018265 	 0.026773 	 0.033661
   34 	 0.021590 	 0.027457 	 0.033412
   35 	 0.022326 	 0.027471 	 0.033419
   36 	 0.012317 	 0.026585 	 0.033834
   37 	 0.012384 	 0.026085 	 0.035905
   38 	 0.012337 	 0.025927 	 0.035514
   39 	 0.014391 	 0.026483 	 0.035705
   40 	 0.013069 	 0.026589 	 0.035899
   41 	 0.015692 	 0.026389 	 0.036191
   42 	 0.015678 	 0.026415 	 0.033053
   43 	 0.020768 	 0.027314 	 0.033486
   44 	 0.015093 	 0.026889 	 0.035501
   45 	 0.015873 	 0.027377 	 0.034727
   46 	 0.020484 	 0.028549 	 0.034153
   47 	 0.012216 	 0.028972 	 0.033871
   48 	 0.013989 	 0.029387 	 0.054566
   49 	 0.018171 	 0.029246 	 0.035482
   50 	 0.018497 	 0.029956 	 0.039697
   51 	 0.020842 	 0.030718 	 0.039818
   52 	 0.013844 	 0.030992 	 0.041896
   53 	 0.012642 	 0.031454 	 0.046627
   54 	 0.012662 	 0.033062 	 0.046920
   55 	 0.015729 	 0.033480 	 0.047866
   56 	 0.011280 	 0.031962 	 0.047682
   57 	 0.015587 	 0.033619 	 0.047917
   58 	 0.013961 	 0.034942 	 0.048171
   59 	 0.023687 	 0.036928 	 0.048196
   60 	 0.024039 	 0.038191 	 0.048530
   61 	 0.025814 	 0.038645 	 0.048480
   62 	 0.021473 	 0.038951 	 0.053014
   63 	 0.025324 	 0.040066 	 0.053095
   64 	 0.020532 	 0.039140 	 0.053264
   65 	 0.022616 	 0.039566 	 0.054201
   66 	 0.017285 	 0.039736 	 0.053307
   67 	 0.014500 	 0.040530 	 0.054414
   68 	 0.016618 	 0.041658 	 0.055178
   69 	 0.022450 	 0.044410 	 0.059549
   70 	 0.017057 	 0.043486 	 0.059446
   71 	 0.021537 	 0.045015 	 0.060054
   72 	 0.013261 	 0.045590 	 0.060053
   73 	 0.013285 	 0.047695 	 0.063293
   74 	 0.028087 	 0.048089 	 0.059899
   75 	 0.016695 	 0.047346 	 0.059295
   76 	 0.022208 	 0.049128 	 0.060107
   77 	 0.024292 	 0.049393 	 0.062067
   78 	 0.037476 	 0.049894 	 0.065758
   79 	 0.014500 	 0.048654 	 0.064430
 