   0 	 0.002458 	 0.004946 	 0.010471
    1 	 0.002462 	 0.005139 	 0.009934
    2 	 0.002674 	 0.005827 	 0.009947
    3 	 0.002672 	 0.006477 	 0.013215
    4 	 0.002673 	 0.007383 	 0.013289
    5 	 0.003752 	 0.008427 	 0.013974
    6 	 0.004197 	 0.009369 	 0.014054
    7 	 0.005438 	 0.009540 	 0.015509
    8 	 0.005339 	 0.009436 	 0.013934
    9 	 0.006626 	 0.009641 	 0.013367
   10 	 0.006615 	 0.009609 	 0.013349
   11 	 0.006607 	 0.009712 	 0.013320
   12 	 0.006365 	 0.009839 	 0.013822
   13 	 0.005890 	 0.010025 	 0.013972
   14 	 0.005891 	 0.010403 	 0.014130
   15 	 0.006000 	 0.010731 	 0.016313
   16 	 0.007981 	 0.011365 	 0.016482
   17 	 0.007966 	 0.011610 	 0.015277
   18 	 0.006402 	 0.011947 	 0.015366
   19 	 0.007272 	 0.011992 	 0.019988
   20 	 0.006348 	 0.012189 	 0.017601
   21 	 0.006350 	 0.011959 	 0.015912
   22 	 0.006246 	 0.012394 	 0.018022
   23 	 0.008718 	 0.012719 	 0.016959
   24 	 0.008340 	 0.013002 	 0.018821
   25 	 0.008336 	 0.012784 	 0.017923
   26 	 0.006152 	 0.013159 	 0.017983
   27 	 0.008053 	 0.013564 	 0.017977
   28 	 0.009098 	 0.013880 	 0.019889
   29 	 0.007163 	 0.014027 	 0.020135
   30 	 0.009803 	 0.014794 	 0.023368
   31 	 0.009778 	 0.015353 	 0.023356
   32 	 0.009718 	 0.015896 	 0.024128
   33 	 0.007785 	 0.016574 	 0.025932
   34 	 0.010477 	 0.018451 	 0.030495
   35 	 0.010143 	 0.019141 	 0.026905
   36 	 0.010086 	 0.019504 	 0.031821
   37 	 0.010633 	 0.020009 	 0.032232
   38 	 0.013155 	 0.020539 	 0.036098
   39 	 0.013742 	 0.021435 	 0.035332
   40 	 0.012754 	 0.021399 	 0.036234
   41 	 0.012847 	 0.021952 	 0.036333
   42 	 0.012392 	 0.023408 	 0.036439
   43 	 0.013044 	 0.025974 	 0.035789
   44 	 0.013056 	 0.026876 	 0.044398
   45 	 0.013153 	 0.027902 	 0.040466
   46 	 0.013160 	 0.030114 	 0.040217
   47 	 0.013727 	 0.030405 	 0.053415
   48 	 0.013747 	 0.032766 	 0.054496
   49 	 0.023739 	 0.036074 	 0.054064
   50 	 0.023212 	 0.039854 	 0.054664
   51 	 0.020908 	 0.040565 	 0.057050
   52 	 0.023716 	 0.043585 	 0.059650
   53 	 0.018601 	 0.044229 	 0.056617
   54 	 0.018125 	 0.042888 	 0.058211
   55 	 0.017245 	 0.043045 	 0.057865
   56 	 0.011774 	 0.043695 	 0.058881
   57 	 0.016771 	 0.046174 	 0.059083
   58 	 0.011581 	 0.047398 	 0.059372
   59 	 0.010589 	 0.048290 	 0.065022
   60 	 0.018138 	 0.048452 	 0.068621
   61 	 0.023842 	 0.049411 	 0.074904
   62 	 0.020455 	 0.048164 	 0.059486
   63 	 0.019868 	 0.047028 	 0.060099
   64 	 0.014101 	 0.046826 	 0.060232
   65 	 0.011176 	 0.047612 	 0.065113
   66 	 0.028049 	 0.048147 	 0.058423
   67 	 0.018802 	 0.049300 	 0.056289
   68 	 0.016951 	 0.050129 	 0.057931
   69 	 0.011644 	 0.046677 	 0.054990
   70 	 0.022142 	 0.049372 	 0.058857
   71 	 0.037793 	 0.050191 	 0.054823
   72 	 0.028821 	 0.049723 	 0.056268
   73 	 0.010891 	 0.049167 	 0.074430
   74 	 0.010899 	 0.047734 	 0.056633
   75 	 0.023018 	 0.050315 	 0.061778
   76 	 0.022998 	 0.050312 	 0.056608
   77 	 0.030997 	 0.050555 	 0.056491
   78 	 0.028537 	 0.050645 	 0.056721
   79 	 0.023158 	 0.050825 	 0.056794
 