   0 	 0.002099 	 0.004581 	 0.008366
    1 	 0.002788 	 0.005303 	 0.009391
    2 	 0.002785 	 0.005260 	 0.010389
    3 	 0.002786 	 0.005702 	 0.010469
    4 	 0.002784 	 0.006424 	 0.010470
    5 	 0.003101 	 0.006918 	 0.010470
    6 	 0.003257 	 0.007192 	 0.010451
    7 	 0.003257 	 0.007778 	 0.014017
    8 	 0.004833 	 0.008038 	 0.014047
    9 	 0.004825 	 0.008231 	 0.014047
   10 	 0.005420 	 0.008530 	 0.014114
   11 	 0.005056 	 0.008650 	 0.014087
   12 	 0.005057 	 0.009080 	 0.015396
   13 	 0.005897 	 0.010487 	 0.025487
   14 	 0.005532 	 0.011771 	 0.025901
   15 	 0.005529 	 0.013727 	 0.025946
   16 	 0.005527 	 0.017848 	 0.028834
   17 	 0.005538 	 0.020875 	 0.029095
   18 	 0.009307 	 0.021771 	 0.026324
   19 	 0.010342 	 0.022355 	 0.027738
   20 	 0.010210 	 0.022705 	 0.028160
   21 	 0.010940 	 0.023123 	 0.028325
   22 	 0.009868 	 0.023374 	 0.029103
   23 	 0.015767 	 0.023169 	 0.030298
   24 	 0.009540 	 0.023106 	 0.029634
   25 	 0.009562 	 0.022612 	 0.030490
   26 	 0.009573 	 0.022737 	 0.030632
   27 	 0.009571 	 0.023490 	 0.030706
   28 	 0.017027 	 0.025170 	 0.031242
   29 	 0.009060 	 0.026022 	 0.031201
   30 	 0.015396 	 0.025985 	 0.031361
   31 	 0.019497 	 0.026171 	 0.031290
   32 	 0.021511 	 0.026359 	 0.031444
   33 	 0.011153 	 0.026133 	 0.031968
   34 	 0.017832 	 0.027164 	 0.034513
   35 	 0.013290 	 0.027079 	 0.035426
   36 	 0.016802 	 0.027314 	 0.040920
   37 	 0.018114 	 0.027208 	 0.042365
   38 	 0.012143 	 0.027426 	 0.042247
   39 	 0.008823 	 0.027770 	 0.045850
   40 	 0.012968 	 0.029316 	 0.045897
   41 	 0.018768 	 0.030538 	 0.049576
   42 	 0.018675 	 0.031439 	 0.049619
   43 	 0.020930 	 0.033732 	 0.049580
   44 	 0.017492 	 0.035714 	 0.053626
   45 	 0.021120 	 0.037909 	 0.052471
   46 	 0.016551 	 0.039068 	 0.056132
   47 	 0.010976 	 0.040888 	 0.055597
   48 	 0.024956 	 0.041724 	 0.053403
   49 	 0.025534 	 0.043557 	 0.058841
   50 	 0.024937 	 0.042994 	 0.057961
   51 	 0.018638 	 0.043050 	 0.051903
   52 	 0.021807 	 0.044041 	 0.054231
   53 	 0.021940 	 0.043555 	 0.053341
   54 	 0.011342 	 0.044220 	 0.055253
   55 	 0.012139 	 0.042431 	 0.057030
   56 	 0.015554 	 0.043490 	 0.053000
   57 	 0.022744 	 0.043391 	 0.052525
   58 	 0.011871 	 0.041033 	 0.052537
   59 	 0.012524 	 0.041361 	 0.054806
   60 	 0.011281 	 0.041480 	 0.055505
   61 	 0.024456 	 0.043778 	 0.054783
   62 	 0.012419 	 0.043934 	 0.055393
   63 	 0.026567 	 0.045505 	 0.053538
   64 	 0.011526 	 0.045246 	 0.055179
   65 	 0.025809 	 0.046225 	 0.054496
   66 	 0.011336 	 0.046938 	 0.053580
   67 	 0.011230 	 0.046541 	 0.054758
   68 	 0.015341 	 0.047078 	 0.058752
   69 	 0.011327 	 0.047251 	 0.061460
   70 	 0.022390 	 0.048386 	 0.061036
   71 	 0.012682 	 0.048008 	 0.063052
   72 	 0.012718 	 0.049068 	 0.061877
   73 	 0.012002 	 0.049692 	 0.065186
   74 	 0.017815 	 0.049320 	 0.067696
   75 	 0.015117 	 0.047385 	 0.065605
   76 	 0.028420 	 0.049769 	 0.061792
   77 	 0.018135 	 0.051086 	 0.061452
   78 	 0.028919 	 0.051397 	 0.061342
   79 	 0.011311 	 0.050707 	 0.064453
 