   0 	 0.002624 	 0.004840 	 0.011873
    1 	 0.002867 	 0.005465 	 0.011974
    2 	 0.003017 	 0.006095 	 0.011610
    3 	 0.003104 	 0.006928 	 0.013686
    4 	 0.003106 	 0.007772 	 0.013695
    5 	 0.003954 	 0.008858 	 0.014294
    6 	 0.003963 	 0.009560 	 0.015590
    7 	 0.005536 	 0.009780 	 0.016173
    8 	 0.005531 	 0.010165 	 0.021680
    9 	 0.005540 	 0.010920 	 0.021529
   10 	 0.007011 	 0.012778 	 0.021903
   11 	 0.007248 	 0.014344 	 0.024672
   12 	 0.007254 	 0.015045 	 0.021899
   13 	 0.007237 	 0.015176 	 0.022761
   14 	 0.009593 	 0.015885 	 0.022506
   15 	 0.010010 	 0.016300 	 0.021858
   16 	 0.009676 	 0.017031 	 0.021896
   17 	 0.008400 	 0.016762 	 0.021811
   18 	 0.008427 	 0.017357 	 0.022004
   19 	 0.008441 	 0.018251 	 0.021892
   20 	 0.008436 	 0.017934 	 0.024278
   21 	 0.009910 	 0.018857 	 0.024426
   22 	 0.010947 	 0.019160 	 0.024440
   23 	 0.010321 	 0.019273 	 0.024435
   24 	 0.011052 	 0.019732 	 0.031285
   25 	 0.009717 	 0.019215 	 0.023708
   26 	 0.009586 	 0.018790 	 0.023706
   27 	 0.009586 	 0.019381 	 0.023696
   28 	 0.012971 	 0.019835 	 0.029038
   29 	 0.011767 	 0.019500 	 0.026407
   30 	 0.010814 	 0.020260 	 0.026236
   31 	 0.010545 	 0.020611 	 0.034691
   32 	 0.009096 	 0.021192 	 0.034854
   33 	 0.009088 	 0.020723 	 0.028494
   34 	 0.011134 	 0.020723 	 0.031267
   35 	 0.012757 	 0.021741 	 0.035590
   36 	 0.012720 	 0.021425 	 0.035813
   37 	 0.012246 	 0.021271 	 0.031203
   38 	 0.015411 	 0.022040 	 0.031983
   39 	 0.013482 	 0.022660 	 0.032074
   40 	 0.010792 	 0.023176 	 0.032044
   41 	 0.010649 	 0.023469 	 0.031981
   42 	 0.011587 	 0.024139 	 0.032059
   43 	 0.014106 	 0.024917 	 0.034609
   44 	 0.015274 	 0.026165 	 0.034852
   45 	 0.015382 	 0.026633 	 0.034502
   46 	 0.014286 	 0.027865 	 0.034369
   47 	 0.017158 	 0.029557 	 0.034677
   48 	 0.011479 	 0.029106 	 0.035723
   49 	 0.010462 	 0.029170 	 0.035677
   50 	 0.010494 	 0.029193 	 0.035286
   51 	 0.021779 	 0.030589 	 0.035814
   52 	 0.017838 	 0.029847 	 0.035513
   53 	 0.015816 	 0.029934 	 0.034577
   54 	 0.012912 	 0.029900 	 0.034937
   55 	 0.013010 	 0.030571 	 0.036587
   56 	 0.012970 	 0.030581 	 0.041019
   57 	 0.012916 	 0.030928 	 0.046505
   58 	 0.012970 	 0.030247 	 0.046658
   59 	 0.011960 	 0.029022 	 0.047016
   60 	 0.011993 	 0.031060 	 0.046939
   61 	 0.013077 	 0.033076 	 0.047496
   62 	 0.013695 	 0.034680 	 0.047606
   63 	 0.023392 	 0.036214 	 0.050927
   64 	 0.018232 	 0.037228 	 0.051727
   65 	 0.013796 	 0.036315 	 0.050185
   66 	 0.013974 	 0.037472 	 0.050459
   67 	 0.018697 	 0.040414 	 0.050672
   68 	 0.013174 	 0.040866 	 0.050844
   69 	 0.013095 	 0.042912 	 0.050006
   70 	 0.018969 	 0.042614 	 0.049905
   71 	 0.015407 	 0.042537 	 0.050882
   72 	 0.023389 	 0.042870 	 0.051938
   73 	 0.014021 	 0.042590 	 0.051703
   74 	 0.013702 	 0.041990 	 0.054439
   75 	 0.013670 	 0.042133 	 0.049021
   76 	 0.016865 	 0.043198 	 0.050445
   77 	 0.012266 	 0.043191 	 0.051183
   78 	 0.028334 	 0.044129 	 0.050878
   79 	 0.014789 	 0.043324 	 0.051139
 