   0 	 0.002856 	 0.005039 	 0.009138
    1 	 0.002790 	 0.005506 	 0.009446
    2 	 0.002658 	 0.005930 	 0.010233
    3 	 0.002902 	 0.006146 	 0.011552
    4 	 0.003577 	 0.006467 	 0.011606
    5 	 0.003603 	 0.006522 	 0.011484
    6 	 0.003607 	 0.007058 	 0.011625
    7 	 0.003605 	 0.007802 	 0.012142
    8 	 0.003676 	 0.008351 	 0.011641
    9 	 0.003684 	 0.009251 	 0.011696
   10 	 0.003593 	 0.009407 	 0.012629
   11 	 0.003678 	 0.009530 	 0.011607
   12 	 0.006997 	 0.009979 	 0.014957
   13 	 0.006984 	 0.010321 	 0.014954
   14 	 0.005241 	 0.010615 	 0.014927
   15 	 0.005377 	 0.010390 	 0.014874
   16 	 0.006611 	 0.010502 	 0.015013
   17 	 0.007454 	 0.010624 	 0.014919
   18 	 0.006008 	 0.010996 	 0.016506
   19 	 0.006171 	 0.011644 	 0.016627
   20 	 0.006153 	 0.011613 	 0.018226
   21 	 0.009552 	 0.011883 	 0.018384
   22 	 0.008417 	 0.012125 	 0.018225
   23 	 0.008369 	 0.012270 	 0.018390
   24 	 0.008559 	 0.012858 	 0.018551
   25 	 0.009577 	 0.013468 	 0.019418
   26 	 0.006865 	 0.013739 	 0.019399
   27 	 0.009230 	 0.013827 	 0.019235
   28 	 0.009889 	 0.014648 	 0.020548
   29 	 0.010317 	 0.015418 	 0.020577
   30 	 0.010280 	 0.015478 	 0.020510
   31 	 0.010218 	 0.015792 	 0.021022
   32 	 0.010467 	 0.015706 	 0.020596
   33 	 0.009746 	 0.016122 	 0.020943
   34 	 0.008854 	 0.016030 	 0.020826
   35 	 0.008825 	 0.015746 	 0.019800
   36 	 0.007841 	 0.016105 	 0.020383
   37 	 0.007832 	 0.016017 	 0.022263
   38 	 0.008478 	 0.016591 	 0.019783
   39 	 0.008431 	 0.016209 	 0.020842
   40 	 0.008745 	 0.016825 	 0.021389
   41 	 0.008738 	 0.017127 	 0.021396
   42 	 0.008756 	 0.018229 	 0.021282
   43 	 0.012550 	 0.018772 	 0.021001
   44 	 0.009809 	 0.018616 	 0.021319
   45 	 0.009830 	 0.018727 	 0.022178
   46 	 0.014911 	 0.019181 	 0.022292
   47 	 0.011759 	 0.018862 	 0.022407
   48 	 0.008410 	 0.018635 	 0.023526
   49 	 0.010122 	 0.019025 	 0.022220
   50 	 0.014984 	 0.019474 	 0.022135
   51 	 0.009653 	 0.019280 	 0.022284
   52 	 0.009646 	 0.018971 	 0.022520
   53 	 0.009617 	 0.018832 	 0.022467
   54 	 0.009583 	 0.018726 	 0.022903
   55 	 0.009867 	 0.019113 	 0.022275
   56 	 0.012094 	 0.019489 	 0.022435
   57 	 0.016066 	 0.019444 	 0.022555
   58 	 0.014105 	 0.019147 	 0.022445
   59 	 0.013106 	 0.019354 	 0.027109
   60 	 0.009381 	 0.019756 	 0.026667
   61 	 0.009428 	 0.019444 	 0.022969
   62 	 0.009382 	 0.019593 	 0.022848
   63 	 0.015505 	 0.019965 	 0.022803
   64 	 0.015422 	 0.019965 	 0.022889
   65 	 0.009717 	 0.019826 	 0.023939
   66 	 0.013128 	 0.019873 	 0.023143
   67 	 0.014779 	 0.019968 	 0.022766
   68 	 0.014759 	 0.019938 	 0.022761
   69 	 0.011288 	 0.020108 	 0.022822
   70 	 0.011236 	 0.019660 	 0.022953
   71 	 0.015443 	 0.020122 	 0.024179
   72 	 0.008472 	 0.020541 	 0.024040
   73 	 0.012409 	 0.020416 	 0.024163
   74 	 0.009731 	 0.020316 	 0.024628
   75 	 0.009645 	 0.019855 	 0.025097
   76 	 0.009477 	 0.020670 	 0.026123
   77 	 0.018678 	 0.021228 	 0.027484
   78 	 0.009461 	 0.020664 	 0.025907
   79 	 0.009444 	 0.020516 	 0.024917
 