   0 	 0.002598 	 0.004633 	 0.007935
    1 	 0.002599 	 0.004803 	 0.008434
    2 	 0.002800 	 0.005065 	 0.007921
    3 	 0.002803 	 0.005410 	 0.009364
    4 	 0.002731 	 0.005780 	 0.008950
    5 	 0.002734 	 0.006209 	 0.013033
    6 	 0.002855 	 0.006621 	 0.013159
    7 	 0.003911 	 0.006845 	 0.012222
    8 	 0.003893 	 0.007097 	 0.016692
    9 	 0.003928 	 0.007232 	 0.013142
   10 	 0.004047 	 0.007504 	 0.013160
   11 	 0.004302 	 0.008092 	 0.015996
   12 	 0.005445 	 0.008931 	 0.016134
   13 	 0.005443 	 0.009257 	 0.016764
   14 	 0.005425 	 0.010131 	 0.018055
   15 	 0.005877 	 0.011074 	 0.018146
   16 	 0.005234 	 0.011923 	 0.020302
   17 	 0.005255 	 0.012487 	 0.020307
   18 	 0.004371 	 0.014129 	 0.021034
   19 	 0.008389 	 0.015158 	 0.021185
   20 	 0.006448 	 0.016385 	 0.021895
   21 	 0.006447 	 0.017356 	 0.021831
   22 	 0.009906 	 0.017708 	 0.022436
   23 	 0.010050 	 0.018251 	 0.027874
   24 	 0.010215 	 0.019434 	 0.028450
   25 	 0.012227 	 0.019786 	 0.028478
   26 	 0.012731 	 0.019819 	 0.028289
   27 	 0.012179 	 0.019889 	 0.029809
   28 	 0.013698 	 0.020266 	 0.030440
   29 	 0.013765 	 0.021694 	 0.030964
   30 	 0.011545 	 0.022687 	 0.030812
   31 	 0.016282 	 0.024296 	 0.030980
   32 	 0.016709 	 0.025214 	 0.030961
   33 	 0.015729 	 0.025949 	 0.031224
   34 	 0.015646 	 0.026134 	 0.032385
   35 	 0.009650 	 0.026576 	 0.033081
   36 	 0.009646 	 0.027301 	 0.032793
   37 	 0.009649 	 0.027582 	 0.034380
   38 	 0.009291 	 0.027320 	 0.033601
   39 	 0.015130 	 0.028521 	 0.033890
   40 	 0.014946 	 0.028492 	 0.033736
   41 	 0.014999 	 0.029064 	 0.036073
   42 	 0.012213 	 0.028999 	 0.034463
   43 	 0.012258 	 0.028751 	 0.034631
   44 	 0.021771 	 0.029703 	 0.038348
   45 	 0.021936 	 0.029302 	 0.038498
   46 	 0.021802 	 0.030174 	 0.034234
   47 	 0.014313 	 0.029421 	 0.034256
   48 	 0.010733 	 0.030241 	 0.038248
   49 	 0.010006 	 0.029951 	 0.038139
   50 	 0.009967 	 0.028952 	 0.038573
   51 	 0.008904 	 0.028540 	 0.038656
   52 	 0.011663 	 0.029926 	 0.038842
   53 	 0.011282 	 0.029274 	 0.039445
   54 	 0.011939 	 0.029478 	 0.038298
   55 	 0.011675 	 0.029431 	 0.037907
   56 	 0.012821 	 0.029743 	 0.037944
   57 	 0.012138 	 0.029645 	 0.037040
   58 	 0.012188 	 0.030623 	 0.038020
   59 	 0.012084 	 0.030033 	 0.037198
   60 	 0.012182 	 0.030877 	 0.044166
   61 	 0.019518 	 0.032035 	 0.044378
   62 	 0.016804 	 0.031280 	 0.044078
   63 	 0.016290 	 0.031155 	 0.045169
   64 	 0.013423 	 0.030549 	 0.044714
   65 	 0.012830 	 0.030889 	 0.040373
   66 	 0.012351 	 0.031284 	 0.037377
   67 	 0.013008 	 0.029984 	 0.037491
   68 	 0.012907 	 0.029048 	 0.037676
   69 	 0.014081 	 0.029977 	 0.036783
   70 	 0.016234 	 0.030878 	 0.037836
   71 	 0.016380 	 0.030518 	 0.037970
   72 	 0.023421 	 0.031817 	 0.041635
   73 	 0.023844 	 0.032363 	 0.038116
   74 	 0.012818 	 0.032320 	 0.042631
   75 	 0.014651 	 0.032864 	 0.042645
   76 	 0.021307 	 0.033435 	 0.045796
   77 	 0.016371 	 0.033535 	 0.042586
   78 	 0.025710 	 0.034285 	 0.043202
   79 	 0.012791 	 0.033974 	 0.042373
 