   0 	 0.002382 	 0.005031 	 0.028655
    1 	 0.002892 	 0.007935 	 0.029172
    2 	 0.003213 	 0.013899 	 0.029294
    3 	 0.003236 	 0.018746 	 0.039212
    4 	 0.003877 	 0.023895 	 0.038850
    5 	 0.007685 	 0.027068 	 0.040316
    6 	 0.015485 	 0.027877 	 0.041217
    7 	 0.018294 	 0.028576 	 0.040925
    8 	 0.012110 	 0.028775 	 0.040385
    9 	 0.011870 	 0.030369 	 0.041289
   10 	 0.011904 	 0.031495 	 0.040367
   11 	 0.014717 	 0.033322 	 0.041120
   12 	 0.018298 	 0.034398 	 0.041199
   13 	 0.018296 	 0.035458 	 0.041728
   14 	 0.025516 	 0.036142 	 0.045867
   15 	 0.025619 	 0.035385 	 0.042221
   16 	 0.021355 	 0.035832 	 0.042760
   17 	 0.019741 	 0.036995 	 0.043467
   18 	 0.019587 	 0.038280 	 0.077842
   19 	 0.017547 	 0.037447 	 0.073465
   20 	 0.011856 	 0.035642 	 0.044128
   21 	 0.013739 	 0.036420 	 0.043761
   22 	 0.015012 	 0.036596 	 0.044070
   23 	 0.027565 	 0.038151 	 0.044440
   24 	 0.017776 	 0.037483 	 0.048002
   25 	 0.017666 	 0.038535 	 0.048151
   26 	 0.014975 	 0.039217 	 0.063985
   27 	 0.015083 	 0.038569 	 0.066491
   28 	 0.014676 	 0.040048 	 0.070706
   29 	 0.017577 	 0.042170 	 0.068894
   30 	 0.014112 	 0.043309 	 0.069550
   31 	 0.014286 	 0.044283 	 0.069085
   32 	 0.022774 	 0.047712 	 0.071824
   33 	 0.016854 	 0.051331 	 0.074947
   34 	 0.015157 	 0.052572 	 0.072397
   35 	 0.029523 	 0.058003 	 0.078885
   36 	 0.026447 	 0.057577 	 0.086518
   37 	 0.021339 	 0.058442 	 0.084880
   38 	 0.017627 	 0.057661 	 0.090466
   39 	 0.015337 	 0.057203 	 0.089808
   40 	 0.020883 	 0.058747 	 0.092447
   41 	 0.024078 	 0.058880 	 0.091867
   42 	 0.029047 	 0.065408 	 0.093908
   43 	 0.021268 	 0.068040 	 0.095195
   44 	 0.021527 	 0.069246 	 0.091139
   45 	 0.049380 	 0.071643 	 0.093815
   46 	 0.052330 	 0.073534 	 0.095799
   47 	 0.030721 	 0.073598 	 0.095931
   48 	 0.019259 	 0.072811 	 0.112257
   49 	 0.030673 	 0.079783 	 0.108237
   50 	 0.040349 	 0.081240 	 0.110667
   51 	 0.029400 	 0.083636 	 0.111671
   52 	 0.021423 	 0.080031 	 0.110246
   53 	 0.025123 	 0.085491 	 0.114190
   54 	 0.025144 	 0.087606 	 0.114422
   55 	 0.023480 	 0.088308 	 0.116361
   56 	 0.023375 	 0.088465 	 0.116214
   57 	 0.025938 	 0.088845 	 0.145257
   58 	 0.022809 	 0.092287 	 0.147408
   59 	 0.021802 	 0.093064 	 0.128002
   60 	 0.050137 	 0.096945 	 0.129434
   61 	 0.022317 	 0.095359 	 0.126250
   62 	 0.043146 	 0.101152 	 0.130584
   63 	 0.015092 	 0.095147 	 0.125307
   64 	 0.033029 	 0.096684 	 0.119718
   65 	 0.014946 	 0.096530 	 0.127506
   66 	 0.065517 	 0.098586 	 0.133737
   67 	 0.029937 	 0.098682 	 0.126303
   68 	 0.022036 	 0.095207 	 0.132004
   69 	 0.021615 	 0.095370 	 0.124330
   70 	 0.017974 	 0.093316 	 0.132600
   71 	 0.018140 	 0.095311 	 0.131477
   72 	 0.026020 	 0.100408 	 0.134656
   73 	 0.022412 	 0.100941 	 0.157564
   74 	 0.031014 	 0.102049 	 0.159744
   75 	 0.027130 	 0.099868 	 0.157137
   76 	 0.024427 	 0.097089 	 0.155633
   77 	 0.019662 	 0.099380 	 0.149644
   78 	 0.025405 	 0.099667 	 0.145773
   79 	 0.019563 	 0.096499 	 0.148182
 