   0 	 0.002585 	 0.004835 	 0.010216
    1 	 0.002423 	 0.005140 	 0.010212
    2 	 0.002199 	 0.005469 	 0.010234
    3 	 0.003061 	 0.006028 	 0.008773
    4 	 0.003157 	 0.006753 	 0.008886
    5 	 0.003167 	 0.007202 	 0.009134
    6 	 0.004736 	 0.007865 	 0.016552
    7 	 0.004732 	 0.007768 	 0.011693
    8 	 0.005030 	 0.008055 	 0.011675
    9 	 0.005192 	 0.008083 	 0.012532
   10 	 0.005207 	 0.008317 	 0.015804
   11 	 0.005731 	 0.008338 	 0.011697
   12 	 0.005914 	 0.008615 	 0.011586
   13 	 0.005524 	 0.008870 	 0.017111
   14 	 0.005506 	 0.008672 	 0.014462
   15 	 0.005501 	 0.008719 	 0.014895
   16 	 0.005615 	 0.009141 	 0.014874
   17 	 0.005481 	 0.010274 	 0.019127
   18 	 0.005495 	 0.010802 	 0.019397
   19 	 0.005972 	 0.011483 	 0.019622
   20 	 0.007451 	 0.012466 	 0.019624
   21 	 0.007571 	 0.013357 	 0.024350
   22 	 0.005492 	 0.013806 	 0.023033
   23 	 0.008353 	 0.015529 	 0.023326
   24 	 0.009742 	 0.016948 	 0.023299
   25 	 0.008763 	 0.017764 	 0.023363
   26 	 0.008789 	 0.018603 	 0.025296
   27 	 0.008800 	 0.019455 	 0.025432
   28 	 0.008765 	 0.019695 	 0.032304
   29 	 0.008764 	 0.020352 	 0.033947
   30 	 0.012391 	 0.022664 	 0.034338
   31 	 0.007128 	 0.022257 	 0.034210
   32 	 0.011354 	 0.023455 	 0.034414
   33 	 0.015312 	 0.024601 	 0.044290
   34 	 0.015071 	 0.025849 	 0.045821
   35 	 0.015184 	 0.026317 	 0.045508
   36 	 0.012080 	 0.029320 	 0.050245
   37 	 0.012087 	 0.030031 	 0.049712
   38 	 0.016377 	 0.032025 	 0.050342
   39 	 0.018052 	 0.033915 	 0.059769
   40 	 0.018114 	 0.035782 	 0.062030
   41 	 0.020544 	 0.037901 	 0.060770
   42 	 0.022818 	 0.041086 	 0.060896
   43 	 0.023058 	 0.044222 	 0.062748
   44 	 0.022750 	 0.044451 	 0.066608
   45 	 0.025971 	 0.046072 	 0.066608
   46 	 0.015081 	 0.050537 	 0.066818
   47 	 0.007341 	 0.050672 	 0.071177
   48 	 0.014898 	 0.049837 	 0.066312
   49 	 0.025525 	 0.055873 	 0.072065
   50 	 0.010815 	 0.054992 	 0.070908
   51 	 0.028335 	 0.058145 	 0.070659
   52 	 0.010938 	 0.057280 	 0.072995
   53 	 0.021886 	 0.058693 	 0.073351
   54 	 0.021752 	 0.058529 	 0.073346
   55 	 0.015339 	 0.059578 	 0.074205
   56 	 0.015438 	 0.060075 	 0.072643
   57 	 0.024405 	 0.059642 	 0.074551
   58 	 0.025378 	 0.060077 	 0.074817
   59 	 0.015381 	 0.061122 	 0.074074
   60 	 0.023256 	 0.061099 	 0.092480
   61 	 0.023651 	 0.066416 	 0.097963
   62 	 0.034898 	 0.067226 	 0.096976
   63 	 0.030693 	 0.067625 	 0.106606
   64 	 0.035795 	 0.069561 	 0.107944
   65 	 0.014827 	 0.068181 	 0.101401
   66 	 0.018548 	 0.073973 	 0.108273
   67 	 0.037624 	 0.080314 	 0.107765
   68 	 0.012234 	 0.077026 	 0.106001
   69 	 0.012298 	 0.077593 	 0.106230
   70 	 0.011405 	 0.074737 	 0.105131
   71 	 0.026928 	 0.079812 	 0.108419
   72 	 0.012089 	 0.079739 	 0.111469
   73 	 0.030207 	 0.083013 	 0.110436
   74 	 0.011386 	 0.082825 	 0.108080
   75 	 0.017405 	 0.086072 	 0.107534
   76 	 0.017181 	 0.084085 	 0.106931
   77 	 0.021255 	 0.087577 	 0.108325
   78 	 0.019412 	 0.086826 	 0.113737
   79 	 0.011534 	 0.088951 	 0.112795
 