   0 	 0.002481 	 0.004640 	 0.009351
    1 	 0.002480 	 0.005432 	 0.009397
    2 	 0.002481 	 0.006316 	 0.009354
    3 	 0.002944 	 0.007192 	 0.013143
    4 	 0.003429 	 0.008098 	 0.013262
    5 	 0.004468 	 0.008406 	 0.013966
    6 	 0.004379 	 0.008542 	 0.013856
    7 	 0.004380 	 0.008936 	 0.013974
    8 	 0.004397 	 0.009537 	 0.017579
    9 	 0.006679 	 0.010340 	 0.017627
   10 	 0.005986 	 0.011232 	 0.021326
   11 	 0.006001 	 0.012235 	 0.021934
   12 	 0.004175 	 0.012530 	 0.021628
   13 	 0.006035 	 0.014832 	 0.021909
   14 	 0.007765 	 0.015859 	 0.026463
   15 	 0.007772 	 0.017117 	 0.026663
   16 	 0.007762 	 0.017333 	 0.026707
   17 	 0.007680 	 0.018592 	 0.028067
   18 	 0.007640 	 0.018430 	 0.028063
   19 	 0.007643 	 0.019339 	 0.026648
   20 	 0.011178 	 0.018607 	 0.025843
   21 	 0.009635 	 0.019072 	 0.025925
   22 	 0.013748 	 0.020028 	 0.026469
   23 	 0.010242 	 0.020279 	 0.027555
   24 	 0.011265 	 0.020977 	 0.030483
   25 	 0.011220 	 0.021536 	 0.034269
   26 	 0.013807 	 0.022660 	 0.048236
   27 	 0.012846 	 0.024557 	 0.047936
   28 	 0.012546 	 0.027404 	 0.051471
   29 	 0.013812 	 0.027420 	 0.058395
   30 	 0.012020 	 0.030176 	 0.060324
   31 	 0.013841 	 0.034712 	 0.060599
   32 	 0.015403 	 0.038231 	 0.071068
   33 	 0.022634 	 0.042319 	 0.073317
   34 	 0.020162 	 0.046518 	 0.074862
   35 	 0.016973 	 0.047309 	 0.074827
   36 	 0.019825 	 0.053595 	 0.080109
   37 	 0.019257 	 0.056943 	 0.077263
   38 	 0.017670 	 0.058775 	 0.108430
   39 	 0.029438 	 0.060961 	 0.107917
   40 	 0.019965 	 0.062675 	 0.130678
   41 	 0.020510 	 0.065861 	 0.122573
   42 	 0.025521 	 0.065548 	 0.127321
   43 	 0.023367 	 0.069484 	 0.134459
   44 	 0.027678 	 0.078252 	 0.133799
   45 	 0.028174 	 0.082965 	 0.134467
   46 	 0.014523 	 0.092605 	 0.135065
   47 	 0.031055 	 0.099518 	 0.135371
   48 	 0.023937 	 0.101326 	 0.135403
   49 	 0.018395 	 0.103429 	 0.134349
   50 	 0.035528 	 0.110941 	 0.166201
   51 	 0.024878 	 0.111012 	 0.159124
   52 	 0.029093 	 0.107303 	 0.155943
   53 	 0.035899 	 0.108189 	 0.161204
   54 	 0.034199 	 0.107266 	 0.158446
   55 	 0.028380 	 0.111150 	 0.147218
   56 	 0.020066 	 0.107887 	 0.166381
   57 	 0.029949 	 0.111726 	 0.165198
   58 	 0.029975 	 0.114809 	 0.157532
   59 	 0.062163 	 0.120938 	 0.161114
   60 	 0.014858 	 0.120521 	 0.171598
   61 	 0.029582 	 0.119005 	 0.166362
   62 	 0.041276 	 0.121818 	 0.175134
   63 	 0.030886 	 0.120771 	 0.165960
   64 	 0.029087 	 0.123457 	 0.181452
   65 	 0.020522 	 0.122777 	 0.181019
   66 	 0.032513 	 0.125144 	 0.184642
   67 	 0.042895 	 0.128515 	 0.198488
   68 	 0.015722 	 0.131715 	 0.196338
   69 	 0.036314 	 0.136832 	 0.250643
   70 	 0.027069 	 0.146894 	 0.252540
   71 	 0.025667 	 0.149732 	 0.264889
   72 	 0.020774 	 0.152360 	 0.267310
   73 	 0.046695 	 0.160456 	 0.291996
   74 	 0.090934 	 0.171008 	 0.301126
   75 	 0.022320 	 0.175886 	 0.356498
   76 	 0.016456 	 0.192604 	 0.357414
   77 	 0.035449 	 0.187272 	 0.373138
   78 	 0.053120 	 0.218013 	 0.375669
   79 	 0.043905 	 0.227735 	 0.401680
 