   0 	 0.002763 	 0.004748 	 0.010222
    1 	 0.002760 	 0.005289 	 0.010235
    2 	 0.003059 	 0.005719 	 0.010263
    3 	 0.003053 	 0.006001 	 0.010264
    4 	 0.003058 	 0.006727 	 0.012154
    5 	 0.003395 	 0.007364 	 0.012241
    6 	 0.003391 	 0.007773 	 0.012236
    7 	 0.004778 	 0.008383 	 0.014202
    8 	 0.005601 	 0.009217 	 0.014650
    9 	 0.005846 	 0.010402 	 0.016217
   10 	 0.006348 	 0.010562 	 0.016400
   11 	 0.006443 	 0.010968 	 0.016333
   12 	 0.005874 	 0.011010 	 0.016285
   13 	 0.006980 	 0.012318 	 0.021479
   14 	 0.006398 	 0.012734 	 0.023029
   15 	 0.007912 	 0.013550 	 0.021722
   16 	 0.008631 	 0.013965 	 0.021596
   17 	 0.006946 	 0.014203 	 0.025108
   18 	 0.009469 	 0.014359 	 0.025377
   19 	 0.009911 	 0.015969 	 0.025450
   20 	 0.011685 	 0.017703 	 0.025403
   21 	 0.008481 	 0.019290 	 0.025431
   22 	 0.008540 	 0.020502 	 0.026162
   23 	 0.008519 	 0.021083 	 0.026064
   24 	 0.012935 	 0.022018 	 0.025481
   25 	 0.011214 	 0.023267 	 0.026692
   26 	 0.013468 	 0.023728 	 0.025747
   27 	 0.010748 	 0.023521 	 0.025750
   28 	 0.012374 	 0.023484 	 0.025513
   29 	 0.012155 	 0.023004 	 0.026076
   30 	 0.011280 	 0.022942 	 0.025671
   31 	 0.010225 	 0.022980 	 0.037036
   32 	 0.010183 	 0.022617 	 0.038185
   33 	 0.010100 	 0.022527 	 0.039511
   34 	 0.017044 	 0.023427 	 0.047554
   35 	 0.015546 	 0.024548 	 0.049352
   36 	 0.017100 	 0.026066 	 0.049501
   37 	 0.015603 	 0.026782 	 0.048615
   38 	 0.010358 	 0.031556 	 0.049409
   39 	 0.010048 	 0.036035 	 0.049276
   40 	 0.020413 	 0.041342 	 0.052238
   41 	 0.020403 	 0.043880 	 0.054800
   42 	 0.020322 	 0.046506 	 0.057306
   43 	 0.025772 	 0.046981 	 0.057214
   44 	 0.016500 	 0.046756 	 0.054931
   45 	 0.016293 	 0.047035 	 0.057260
   46 	 0.022177 	 0.047347 	 0.053138
   47 	 0.012826 	 0.044853 	 0.054647
   48 	 0.014995 	 0.044715 	 0.056152
   49 	 0.020506 	 0.046711 	 0.057139
   50 	 0.025563 	 0.048072 	 0.058762
   51 	 0.026029 	 0.047607 	 0.058443
   52 	 0.026112 	 0.047893 	 0.059386
   53 	 0.012798 	 0.047018 	 0.060181
   54 	 0.011637 	 0.046544 	 0.060740
   55 	 0.016119 	 0.046286 	 0.063444
   56 	 0.012760 	 0.048794 	 0.068501
   57 	 0.016652 	 0.049026 	 0.064930
   58 	 0.012965 	 0.047619 	 0.066392
   59 	 0.012914 	 0.050281 	 0.067444
   60 	 0.029805 	 0.054237 	 0.066567
   61 	 0.021906 	 0.053670 	 0.065426
   62 	 0.018779 	 0.054271 	 0.072000
   63 	 0.013224 	 0.055962 	 0.075894
   64 	 0.022848 	 0.056423 	 0.074384
   65 	 0.030783 	 0.054777 	 0.074640
   66 	 0.027850 	 0.053704 	 0.077042
   67 	 0.027843 	 0.052813 	 0.074416
   68 	 0.027773 	 0.054510 	 0.075734
   69 	 0.013754 	 0.057781 	 0.074784
   70 	 0.032963 	 0.058421 	 0.076654
   71 	 0.040405 	 0.061872 	 0.076871
   72 	 0.018563 	 0.061126 	 0.075897
   73 	 0.041017 	 0.062292 	 0.078328
   74 	 0.017123 	 0.060718 	 0.080672
   75 	 0.013717 	 0.062408 	 0.077117
   76 	 0.013899 	 0.064861 	 0.077771
   77 	 0.022503 	 0.064694 	 0.080324
   78 	 0.019646 	 0.064815 	 0.081152
   79 	 0.021546 	 0.067991 	 0.078789
 