   0 	 0.002281 	 0.004730 	 0.016736
    1 	 0.003037 	 0.005082 	 0.016694
    2 	 0.003117 	 0.005694 	 0.016794
    3 	 0.003130 	 0.006856 	 0.016682
    4 	 0.003129 	 0.008113 	 0.018811
    5 	 0.004263 	 0.009997 	 0.019710
    6 	 0.004390 	 0.012810 	 0.019472
    7 	 0.005814 	 0.014950 	 0.021870
    8 	 0.006495 	 0.015256 	 0.024528
    9 	 0.006400 	 0.015671 	 0.021643
   10 	 0.009944 	 0.016866 	 0.023899
   11 	 0.007821 	 0.017300 	 0.022165
   12 	 0.007787 	 0.017868 	 0.022397
   13 	 0.007778 	 0.017904 	 0.022752
   14 	 0.010015 	 0.018842 	 0.022515
   15 	 0.010282 	 0.019056 	 0.022400
   16 	 0.015942 	 0.019582 	 0.022605
   17 	 0.013831 	 0.019775 	 0.025867
   18 	 0.016434 	 0.020245 	 0.026831
   19 	 0.015985 	 0.020753 	 0.026498
   20 	 0.012969 	 0.021327 	 0.029490
   21 	 0.012806 	 0.021869 	 0.029952
   22 	 0.013620 	 0.022233 	 0.029910
   23 	 0.015748 	 0.022762 	 0.029767
   24 	 0.013708 	 0.022928 	 0.030086
   25 	 0.013628 	 0.023334 	 0.032319
   26 	 0.011558 	 0.023727 	 0.032570
   27 	 0.011511 	 0.023543 	 0.030069
   28 	 0.011541 	 0.024565 	 0.032124
   29 	 0.016663 	 0.025440 	 0.032321
   30 	 0.015088 	 0.025273 	 0.030111
   31 	 0.015019 	 0.025660 	 0.031907
   32 	 0.018313 	 0.025601 	 0.032080
   33 	 0.018157 	 0.025880 	 0.031914
   34 	 0.015507 	 0.025746 	 0.031966
   35 	 0.015534 	 0.026055 	 0.032014
   36 	 0.017164 	 0.026452 	 0.033837
   37 	 0.016765 	 0.026773 	 0.031954
   38 	 0.010252 	 0.026668 	 0.031928
   39 	 0.009359 	 0.027275 	 0.033072
   40 	 0.016528 	 0.027961 	 0.037232
   41 	 0.016441 	 0.027956 	 0.037235
   42 	 0.010758 	 0.027282 	 0.037045
   43 	 0.019784 	 0.028515 	 0.038648
   44 	 0.019883 	 0.029342 	 0.039240
   45 	 0.013358 	 0.029014 	 0.038327
   46 	 0.010273 	 0.029256 	 0.038936
   47 	 0.012927 	 0.030084 	 0.039043
   48 	 0.019746 	 0.030366 	 0.038976
   49 	 0.011553 	 0.031391 	 0.039157
   50 	 0.011555 	 0.030640 	 0.039176
   51 	 0.019130 	 0.032194 	 0.039050
   52 	 0.024739 	 0.032582 	 0.040716
   53 	 0.019233 	 0.031958 	 0.040906
   54 	 0.021832 	 0.032220 	 0.040446
   55 	 0.013281 	 0.032468 	 0.040782
   56 	 0.023145 	 0.033219 	 0.041734
   57 	 0.015010 	 0.033636 	 0.046007
   58 	 0.014838 	 0.034954 	 0.046167
   59 	 0.012815 	 0.035560 	 0.045630
   60 	 0.015600 	 0.035704 	 0.052136
   61 	 0.018986 	 0.036456 	 0.049860
   62 	 0.018934 	 0.036102 	 0.051800
   63 	 0.016699 	 0.036406 	 0.050941
   64 	 0.015392 	 0.035825 	 0.045991
   65 	 0.019499 	 0.036723 	 0.047697
   66 	 0.015714 	 0.036828 	 0.048416
   67 	 0.015533 	 0.037080 	 0.048311
   68 	 0.023592 	 0.039039 	 0.047987
   69 	 0.018966 	 0.038587 	 0.056410
   70 	 0.013678 	 0.038145 	 0.056227
   71 	 0.013525 	 0.039072 	 0.057920
   72 	 0.016137 	 0.040219 	 0.060985
   73 	 0.014392 	 0.039747 	 0.055098
   74 	 0.022265 	 0.039845 	 0.052422
   75 	 0.023887 	 0.040463 	 0.051292
   76 	 0.014205 	 0.040202 	 0.049728
   77 	 0.015389 	 0.040510 	 0.049306
   78 	 0.015318 	 0.041031 	 0.049627
   79 	 0.015419 	 0.041442 	 0.050730
 