   0 	 0.002229 	 0.004629 	 0.009960
    1 	 0.002374 	 0.005346 	 0.009956
    2 	 0.002566 	 0.006158 	 0.009968
    3 	 0.003030 	 0.006380 	 0.010503
    4 	 0.003333 	 0.007385 	 0.011521
    5 	 0.004869 	 0.008099 	 0.011551
    6 	 0.005241 	 0.008504 	 0.014464
    7 	 0.005233 	 0.008811 	 0.018623
    8 	 0.005962 	 0.008864 	 0.011701
    9 	 0.005937 	 0.008947 	 0.011627
   10 	 0.005466 	 0.009405 	 0.011787
   11 	 0.005952 	 0.009756 	 0.011745
   12 	 0.006217 	 0.009801 	 0.011753
   13 	 0.005978 	 0.010075 	 0.013441
   14 	 0.006206 	 0.010295 	 0.013466
   15 	 0.006714 	 0.010482 	 0.013530
   16 	 0.006703 	 0.010696 	 0.013529
   17 	 0.007851 	 0.010776 	 0.015214
   18 	 0.008426 	 0.011135 	 0.014472
   19 	 0.008083 	 0.010961 	 0.014495
   20 	 0.008623 	 0.011455 	 0.014066
   21 	 0.006956 	 0.011536 	 0.014073
   22 	 0.007893 	 0.012058 	 0.018677
   23 	 0.008763 	 0.012362 	 0.018649
   24 	 0.008370 	 0.012208 	 0.018474
   25 	 0.008374 	 0.012772 	 0.020727
   26 	 0.007016 	 0.013822 	 0.023226
   27 	 0.006981 	 0.013445 	 0.021030
   28 	 0.007005 	 0.014075 	 0.022169
   29 	 0.008070 	 0.014247 	 0.022028
   30 	 0.009363 	 0.014744 	 0.022052
   31 	 0.008025 	 0.015329 	 0.029477
   32 	 0.008050 	 0.016367 	 0.029245
   33 	 0.008071 	 0.017358 	 0.029398
   34 	 0.009787 	 0.018834 	 0.029443
   35 	 0.009340 	 0.019295 	 0.029638
   36 	 0.010483 	 0.019101 	 0.029578
   37 	 0.010534 	 0.019930 	 0.029586
   38 	 0.010499 	 0.022115 	 0.030286
   39 	 0.008772 	 0.022521 	 0.030587
   40 	 0.014928 	 0.022716 	 0.037158
   41 	 0.015286 	 0.024096 	 0.037133
   42 	 0.008954 	 0.024713 	 0.037448
   43 	 0.017965 	 0.025764 	 0.038033
   44 	 0.013936 	 0.026257 	 0.039802
   45 	 0.009872 	 0.025518 	 0.038920
   46 	 0.014029 	 0.027260 	 0.039526
   47 	 0.015376 	 0.028420 	 0.039790
   48 	 0.015838 	 0.029789 	 0.039621
   49 	 0.021734 	 0.030997 	 0.040132
   50 	 0.012498 	 0.032227 	 0.042168
   51 	 0.011236 	 0.033569 	 0.042106
   52 	 0.023352 	 0.034037 	 0.042283
   53 	 0.018252 	 0.033936 	 0.045191
   54 	 0.014282 	 0.034328 	 0.044974
   55 	 0.018355 	 0.034132 	 0.044550
   56 	 0.018377 	 0.034638 	 0.045028
   57 	 0.012078 	 0.034464 	 0.045020
   58 	 0.011074 	 0.035478 	 0.048288
   59 	 0.015040 	 0.035564 	 0.044783
   60 	 0.022309 	 0.036080 	 0.044618
   61 	 0.020505 	 0.035717 	 0.049468
   62 	 0.017663 	 0.034387 	 0.048745
   63 	 0.015592 	 0.034296 	 0.048118
   64 	 0.014989 	 0.035241 	 0.039965
   65 	 0.011295 	 0.035479 	 0.053952
   66 	 0.016372 	 0.037103 	 0.055802
   67 	 0.016383 	 0.037755 	 0.055928
   68 	 0.017429 	 0.038060 	 0.054453
   69 	 0.011409 	 0.037587 	 0.056154
   70 	 0.014447 	 0.039251 	 0.058760
   71 	 0.019577 	 0.039775 	 0.060727
   72 	 0.019596 	 0.042266 	 0.057378
   73 	 0.012858 	 0.042537 	 0.057583
   74 	 0.013533 	 0.044157 	 0.057081
   75 	 0.012384 	 0.047206 	 0.059281
   76 	 0.012375 	 0.048733 	 0.057257
   77 	 0.018445 	 0.048656 	 0.056999
   78 	 0.014056 	 0.046502 	 0.057893
   79 	 0.025069 	 0.049658 	 0.063006
 