   0 	 0.002461 	 0.004794 	 0.009496
    1 	 0.002465 	 0.005285 	 0.009456
    2 	 0.002461 	 0.006186 	 0.011427
    3 	 0.002996 	 0.006740 	 0.011989
    4 	 0.003087 	 0.007876 	 0.014755
    5 	 0.003080 	 0.008643 	 0.021249
    6 	 0.004948 	 0.009716 	 0.021574
    7 	 0.004687 	 0.010421 	 0.021620
    8 	 0.005107 	 0.011827 	 0.021913
    9 	 0.007061 	 0.013753 	 0.024864
   10 	 0.006808 	 0.015192 	 0.024820
   11 	 0.008853 	 0.016094 	 0.024961
   12 	 0.008890 	 0.018318 	 0.029241
   13 	 0.008875 	 0.019426 	 0.028588
   14 	 0.009542 	 0.021035 	 0.034700
   15 	 0.009577 	 0.022378 	 0.034054
   16 	 0.009978 	 0.021669 	 0.033929
   17 	 0.015451 	 0.023713 	 0.034820
   18 	 0.016088 	 0.024682 	 0.034357
   19 	 0.014699 	 0.025501 	 0.034662
   20 	 0.014530 	 0.025705 	 0.034937
   21 	 0.014696 	 0.026929 	 0.035340
   22 	 0.015038 	 0.027933 	 0.034658
   23 	 0.011721 	 0.027480 	 0.034692
   24 	 0.015477 	 0.028175 	 0.039181
   25 	 0.016906 	 0.029451 	 0.039601
   26 	 0.016881 	 0.029626 	 0.039122
   27 	 0.016676 	 0.029409 	 0.037243
   28 	 0.018838 	 0.030715 	 0.043594
   29 	 0.021863 	 0.031703 	 0.036908
   30 	 0.021711 	 0.032132 	 0.036261
   31 	 0.017070 	 0.031635 	 0.037021
   32 	 0.016512 	 0.031477 	 0.036523
   33 	 0.016539 	 0.031720 	 0.046716
   34 	 0.017315 	 0.032591 	 0.072178
   35 	 0.019941 	 0.035291 	 0.072462
   36 	 0.019860 	 0.035774 	 0.071811
   37 	 0.017427 	 0.038002 	 0.071998
   38 	 0.022494 	 0.042754 	 0.072165
   39 	 0.020634 	 0.045970 	 0.084224
   40 	 0.012118 	 0.050586 	 0.082114
   41 	 0.017249 	 0.053215 	 0.085376
   42 	 0.012744 	 0.057833 	 0.083279
   43 	 0.032484 	 0.057227 	 0.082000
   44 	 0.031177 	 0.058848 	 0.082793
   45 	 0.012543 	 0.056952 	 0.085057
   46 	 0.027132 	 0.057298 	 0.080629
   47 	 0.027253 	 0.060659 	 0.072604
   48 	 0.046287 	 0.062424 	 0.072603
   49 	 0.021334 	 0.062160 	 0.068979
   50 	 0.027962 	 0.061394 	 0.068834
   51 	 0.026923 	 0.060675 	 0.069356
   52 	 0.024954 	 0.060976 	 0.067997
   53 	 0.025039 	 0.061184 	 0.070708
   54 	 0.028201 	 0.062083 	 0.074482
   55 	 0.013159 	 0.061166 	 0.075555
   56 	 0.013055 	 0.060518 	 0.070898
   57 	 0.013134 	 0.060440 	 0.068233
   58 	 0.022791 	 0.061326 	 0.068608
   59 	 0.012544 	 0.060173 	 0.082581
   60 	 0.022459 	 0.061684 	 0.066427
   61 	 0.025908 	 0.061146 	 0.066114
   62 	 0.022431 	 0.059239 	 0.066306
   63 	 0.022695 	 0.060315 	 0.066417
   64 	 0.021452 	 0.059434 	 0.067331
   65 	 0.021071 	 0.060162 	 0.067285
   66 	 0.026986 	 0.060920 	 0.068222
   67 	 0.024844 	 0.058752 	 0.069638
   68 	 0.015987 	 0.060032 	 0.069552
   69 	 0.024973 	 0.060578 	 0.070279
   70 	 0.022824 	 0.061410 	 0.067754
   71 	 0.012670 	 0.060322 	 0.067204
   72 	 0.028703 	 0.061507 	 0.067361
   73 	 0.026265 	 0.061491 	 0.067037
   74 	 0.017359 	 0.061451 	 0.068290
   75 	 0.017332 	 0.062306 	 0.072174
   76 	 0.013689 	 0.061457 	 0.075846
   77 	 0.034684 	 0.061971 	 0.069856
   78 	 0.035026 	 0.062442 	 0.071643
   79 	 0.022203 	 0.060390 	 0.074943
 