   0 	 0.002401 	 0.004780 	 0.007874
    1 	 0.002403 	 0.004982 	 0.007910
    2 	 0.002986 	 0.005393 	 0.007909
    3 	 0.002990 	 0.005673 	 0.010057
    4 	 0.003617 	 0.005891 	 0.011674
    5 	 0.003932 	 0.006282 	 0.013589
    6 	 0.004380 	 0.006331 	 0.011663
    7 	 0.004391 	 0.007013 	 0.011902
    8 	 0.004378 	 0.007905 	 0.011794
    9 	 0.004947 	 0.008166 	 0.011979
   10 	 0.004652 	 0.009123 	 0.014195
   11 	 0.005007 	 0.009769 	 0.014305
   12 	 0.005336 	 0.010196 	 0.014252
   13 	 0.006179 	 0.010655 	 0.014128
   14 	 0.006393 	 0.011016 	 0.014516
   15 	 0.006392 	 0.011143 	 0.014591
   16 	 0.006414 	 0.011278 	 0.014398
   17 	 0.006425 	 0.011497 	 0.014517
   18 	 0.006399 	 0.011647 	 0.014423
   19 	 0.007972 	 0.011669 	 0.014518
   20 	 0.007725 	 0.011892 	 0.014418
   21 	 0.007632 	 0.011686 	 0.014506
   22 	 0.006151 	 0.011545 	 0.014785
   23 	 0.008202 	 0.011924 	 0.014438
   24 	 0.008220 	 0.012293 	 0.015136
   25 	 0.008201 	 0.012108 	 0.015418
   26 	 0.008248 	 0.012105 	 0.014502
   27 	 0.010176 	 0.012132 	 0.014765
   28 	 0.009377 	 0.012212 	 0.015286
   29 	 0.010015 	 0.012340 	 0.015195
   30 	 0.010020 	 0.012569 	 0.015295
   31 	 0.008063 	 0.012523 	 0.015275
   32 	 0.008037 	 0.012444 	 0.015384
   33 	 0.008046 	 0.012497 	 0.015380
   34 	 0.007663 	 0.012130 	 0.015368
   35 	 0.007668 	 0.012345 	 0.014882
   36 	 0.007657 	 0.012637 	 0.017172
   37 	 0.009870 	 0.013105 	 0.016962
   38 	 0.010030 	 0.013672 	 0.017194
   39 	 0.010033 	 0.013830 	 0.017202
   40 	 0.009443 	 0.014134 	 0.017808
   41 	 0.010230 	 0.015080 	 0.021302
   42 	 0.010152 	 0.015382 	 0.021059
   43 	 0.012283 	 0.015705 	 0.021338
   44 	 0.011152 	 0.015566 	 0.020713
   45 	 0.010783 	 0.015703 	 0.020574
   46 	 0.010688 	 0.016157 	 0.022074
   47 	 0.010751 	 0.016016 	 0.022940
   48 	 0.009010 	 0.016278 	 0.023464
   49 	 0.008948 	 0.016512 	 0.022993
   50 	 0.008062 	 0.017154 	 0.024968
   51 	 0.011573 	 0.017385 	 0.025135
   52 	 0.011750 	 0.017423 	 0.031774
   53 	 0.010610 	 0.017766 	 0.031535
   54 	 0.010556 	 0.018269 	 0.031386
   55 	 0.010578 	 0.018728 	 0.031403
   56 	 0.013797 	 0.020056 	 0.031448
   57 	 0.013854 	 0.021600 	 0.031787
   58 	 0.013813 	 0.021902 	 0.032177
   59 	 0.014297 	 0.022145 	 0.032211
   60 	 0.014823 	 0.022072 	 0.031621
   61 	 0.014659 	 0.022344 	 0.032116
   62 	 0.014626 	 0.022730 	 0.032209
   63 	 0.014126 	 0.022982 	 0.039649
   64 	 0.017059 	 0.023011 	 0.039219
   65 	 0.009930 	 0.022942 	 0.039981
   66 	 0.010004 	 0.024052 	 0.040072
   67 	 0.017323 	 0.024098 	 0.040052
   68 	 0.015799 	 0.025572 	 0.040022
   69 	 0.016003 	 0.027376 	 0.040166
   70 	 0.014209 	 0.028922 	 0.049712
   71 	 0.017579 	 0.029868 	 0.050523
   72 	 0.012517 	 0.030934 	 0.051567
   73 	 0.014236 	 0.031846 	 0.051606
   74 	 0.016156 	 0.032666 	 0.051731
   75 	 0.016165 	 0.034506 	 0.052251
   76 	 0.015975 	 0.036023 	 0.051835
   77 	 0.016085 	 0.036564 	 0.052539
   78 	 0.016071 	 0.039332 	 0.052199
   79 	 0.017374 	 0.040489 	 0.059942
 