   0 	 0.002394 	 0.004521 	 0.009725
    1 	 0.002392 	 0.005034 	 0.009767
    2 	 0.002543 	 0.005454 	 0.009795
    3 	 0.003261 	 0.005759 	 0.009707
    4 	 0.003267 	 0.006554 	 0.009775
    5 	 0.002947 	 0.006496 	 0.010961
    6 	 0.003269 	 0.006559 	 0.013100
    7 	 0.002765 	 0.007435 	 0.013201
    8 	 0.004422 	 0.008082 	 0.013176
    9 	 0.004416 	 0.008305 	 0.013212
   10 	 0.005134 	 0.008695 	 0.016998
   11 	 0.005769 	 0.009507 	 0.017046
   12 	 0.005438 	 0.010021 	 0.017196
   13 	 0.005428 	 0.010066 	 0.015389
   14 	 0.006213 	 0.010997 	 0.017464
   15 	 0.006200 	 0.011248 	 0.014947
   16 	 0.006743 	 0.011387 	 0.014981
   17 	 0.007083 	 0.011635 	 0.015000
   18 	 0.007229 	 0.012171 	 0.015094
   19 	 0.007209 	 0.011892 	 0.014696
   20 	 0.006103 	 0.011339 	 0.013498
   21 	 0.007160 	 0.011499 	 0.014018
   22 	 0.007143 	 0.011751 	 0.013952
   23 	 0.007663 	 0.011966 	 0.014772
   24 	 0.009029 	 0.012338 	 0.014800
   25 	 0.009360 	 0.012338 	 0.014667
   26 	 0.009941 	 0.012822 	 0.014800
   27 	 0.008968 	 0.012646 	 0.014822
   28 	 0.007604 	 0.012458 	 0.014603
   29 	 0.009341 	 0.012717 	 0.014652
   30 	 0.009984 	 0.012947 	 0.014758
   31 	 0.007437 	 0.012796 	 0.014699
   32 	 0.008921 	 0.012744 	 0.014662
   33 	 0.008929 	 0.012805 	 0.015004
   34 	 0.010120 	 0.012740 	 0.014838
   35 	 0.008882 	 0.012715 	 0.014923
   36 	 0.008874 	 0.012912 	 0.016246
   37 	 0.008819 	 0.012942 	 0.014893
   38 	 0.008829 	 0.012853 	 0.017570
   39 	 0.008829 	 0.013080 	 0.017338
   40 	 0.009958 	 0.013216 	 0.017476
   41 	 0.010304 	 0.013226 	 0.016003
   42 	 0.010482 	 0.012883 	 0.015904
   43 	 0.009746 	 0.012931 	 0.015811
   44 	 0.006935 	 0.013214 	 0.018350
   45 	 0.009851 	 0.013242 	 0.025085
   46 	 0.007854 	 0.013629 	 0.024726
   47 	 0.007704 	 0.014513 	 0.025112
   48 	 0.011255 	 0.016363 	 0.025218
   49 	 0.009746 	 0.016529 	 0.027621
   50 	 0.008809 	 0.017889 	 0.027646
   51 	 0.010665 	 0.018938 	 0.030287
   52 	 0.011153 	 0.019018 	 0.027285
   53 	 0.011800 	 0.018468 	 0.027200
   54 	 0.011202 	 0.020351 	 0.027321
   55 	 0.011705 	 0.020934 	 0.027058
   56 	 0.011651 	 0.021022 	 0.026861
   57 	 0.009434 	 0.020484 	 0.037704
   58 	 0.011565 	 0.021280 	 0.037745
   59 	 0.011665 	 0.022675 	 0.038029
   60 	 0.011396 	 0.022923 	 0.027385
   61 	 0.011695 	 0.023266 	 0.027335
   62 	 0.012456 	 0.024044 	 0.027379
   63 	 0.013424 	 0.024060 	 0.027331
   64 	 0.013414 	 0.024185 	 0.027313
   65 	 0.013486 	 0.023763 	 0.028709
   66 	 0.011531 	 0.023679 	 0.028921
   67 	 0.011466 	 0.023865 	 0.048499
   68 	 0.011532 	 0.024790 	 0.049155
   69 	 0.011438 	 0.026773 	 0.050100
   70 	 0.011441 	 0.028625 	 0.050693
   71 	 0.011008 	 0.031723 	 0.050519
   72 	 0.010974 	 0.035350 	 0.051041
   73 	 0.012856 	 0.037278 	 0.050833
   74 	 0.017223 	 0.039588 	 0.059142
   75 	 0.016323 	 0.041822 	 0.071065
   76 	 0.021964 	 0.046571 	 0.071541
   77 	 0.022155 	 0.045109 	 0.058873
   78 	 0.026052 	 0.045442 	 0.059252
   79 	 0.023319 	 0.044877 	 0.058916
 