   0 	 0.002347 	 0.004544 	 0.010211
    1 	 0.002346 	 0.005061 	 0.011602
    2 	 0.002840 	 0.006177 	 0.011581
    3 	 0.002843 	 0.006641 	 0.013000
    4 	 0.002767 	 0.006264 	 0.013766
    5 	 0.002843 	 0.007586 	 0.013937
    6 	 0.003574 	 0.008224 	 0.015426
    7 	 0.003646 	 0.008614 	 0.015367
    8 	 0.003653 	 0.010128 	 0.015354
    9 	 0.003642 	 0.011370 	 0.018180
   10 	 0.004023 	 0.012004 	 0.018113
   11 	 0.006548 	 0.013115 	 0.018807
   12 	 0.005958 	 0.014120 	 0.019033
   13 	 0.007497 	 0.015090 	 0.019057
   14 	 0.007883 	 0.015422 	 0.019028
   15 	 0.007891 	 0.015474 	 0.021735
   16 	 0.009091 	 0.015760 	 0.021200
   17 	 0.010516 	 0.015581 	 0.021964
   18 	 0.010460 	 0.015988 	 0.021463
   19 	 0.010048 	 0.016122 	 0.021325
   20 	 0.010064 	 0.016229 	 0.021470
   21 	 0.007097 	 0.015661 	 0.021225
   22 	 0.007106 	 0.016343 	 0.021336
   23 	 0.007145 	 0.016477 	 0.021405
   24 	 0.007078 	 0.017149 	 0.029452
   25 	 0.010388 	 0.017286 	 0.034043
   26 	 0.011354 	 0.018397 	 0.033845
   27 	 0.011024 	 0.018258 	 0.022027
   28 	 0.011286 	 0.018374 	 0.022872
   29 	 0.009660 	 0.018665 	 0.023096
   30 	 0.013661 	 0.019004 	 0.022785
   31 	 0.013794 	 0.019431 	 0.024012
   32 	 0.015402 	 0.019763 	 0.023492
   33 	 0.010637 	 0.019621 	 0.023675
   34 	 0.016153 	 0.020176 	 0.027793
   35 	 0.016096 	 0.020261 	 0.028352
   36 	 0.015975 	 0.020321 	 0.023490
   37 	 0.010803 	 0.020526 	 0.023670
   38 	 0.017826 	 0.020756 	 0.023645
   39 	 0.013108 	 0.020554 	 0.023458
   40 	 0.009026 	 0.020433 	 0.029873
   41 	 0.015156 	 0.021047 	 0.026708
   42 	 0.014921 	 0.021046 	 0.025877
   43 	 0.015547 	 0.021424 	 0.033901
   44 	 0.009414 	 0.020786 	 0.033665
   45 	 0.014221 	 0.022027 	 0.034084
   46 	 0.013285 	 0.022700 	 0.033749
   47 	 0.012438 	 0.022529 	 0.033516
   48 	 0.012581 	 0.023224 	 0.034092
   49 	 0.012442 	 0.023190 	 0.033422
   50 	 0.010251 	 0.024366 	 0.035331
   51 	 0.011018 	 0.024760 	 0.036369
   52 	 0.010698 	 0.025368 	 0.034242
   53 	 0.011595 	 0.025705 	 0.034509
   54 	 0.013442 	 0.027838 	 0.034599
   55 	 0.013282 	 0.027929 	 0.034330
   56 	 0.011268 	 0.027865 	 0.034990
   57 	 0.011421 	 0.028090 	 0.035693
   58 	 0.013109 	 0.028565 	 0.035012
   59 	 0.013104 	 0.029422 	 0.036614
   60 	 0.015850 	 0.030283 	 0.036485
   61 	 0.018578 	 0.030223 	 0.036745
   62 	 0.018601 	 0.029858 	 0.036129
   63 	 0.014242 	 0.030512 	 0.036514
   64 	 0.018538 	 0.030826 	 0.036526
   65 	 0.015282 	 0.031052 	 0.036631
   66 	 0.015274 	 0.030555 	 0.036693
   67 	 0.020107 	 0.032627 	 0.038507
   68 	 0.013328 	 0.033068 	 0.041437
   69 	 0.013337 	 0.033164 	 0.042346
   70 	 0.016908 	 0.032812 	 0.041681
   71 	 0.026315 	 0.033582 	 0.042758
   72 	 0.025850 	 0.032793 	 0.042651
   73 	 0.023770 	 0.033143 	 0.047673
   74 	 0.021370 	 0.033891 	 0.047263
   75 	 0.017883 	 0.033642 	 0.047462
   76 	 0.014180 	 0.034037 	 0.046921
   77 	 0.020350 	 0.036793 	 0.047500
   78 	 0.011001 	 0.036351 	 0.047678
   79 	 0.013988 	 0.038133 	 0.046401
 