   0 	 0.002385 	 0.004643 	 0.011850
    1 	 0.003052 	 0.005059 	 0.012536
    2 	 0.003051 	 0.005641 	 0.012506
    3 	 0.003113 	 0.006315 	 0.012499
    4 	 0.004005 	 0.007629 	 0.012637
    5 	 0.003975 	 0.008244 	 0.013413
    6 	 0.004035 	 0.008596 	 0.013953
    7 	 0.004048 	 0.008976 	 0.012673
    8 	 0.005179 	 0.009728 	 0.012752
    9 	 0.005743 	 0.010128 	 0.012789
   10 	 0.005709 	 0.010363 	 0.013506
   11 	 0.005681 	 0.010648 	 0.012770
   12 	 0.005721 	 0.011345 	 0.012993
   13 	 0.008280 	 0.011668 	 0.018553
   14 	 0.008266 	 0.011465 	 0.012937
   15 	 0.010215 	 0.011643 	 0.014485
   16 	 0.007068 	 0.011481 	 0.013015
   17 	 0.008287 	 0.011659 	 0.018865
   18 	 0.008302 	 0.012258 	 0.019192
   19 	 0.007949 	 0.012423 	 0.019188
   20 	 0.007666 	 0.012865 	 0.019200
   21 	 0.006127 	 0.013965 	 0.019372
   22 	 0.005439 	 0.014879 	 0.019956
   23 	 0.008154 	 0.016215 	 0.019327
   24 	 0.010192 	 0.016155 	 0.019552
   25 	 0.007760 	 0.017161 	 0.020241
   26 	 0.010061 	 0.017547 	 0.019709
   27 	 0.010059 	 0.017715 	 0.020545
   28 	 0.011862 	 0.018059 	 0.020238
   29 	 0.011887 	 0.017990 	 0.020736
   30 	 0.008901 	 0.017525 	 0.020789
   31 	 0.008968 	 0.017802 	 0.020753
   32 	 0.008974 	 0.017696 	 0.020054
   33 	 0.011843 	 0.017110 	 0.020237
   34 	 0.011853 	 0.016779 	 0.021976
   35 	 0.008601 	 0.017024 	 0.022281
   36 	 0.008613 	 0.017473 	 0.023043
   37 	 0.011136 	 0.018655 	 0.023761
   38 	 0.012864 	 0.018942 	 0.023457
   39 	 0.009229 	 0.018900 	 0.023987
   40 	 0.009925 	 0.019026 	 0.024087
   41 	 0.012792 	 0.019149 	 0.024007
   42 	 0.013213 	 0.019500 	 0.023198
   43 	 0.012885 	 0.019305 	 0.023994
   44 	 0.015265 	 0.019587 	 0.024638
   45 	 0.010175 	 0.019674 	 0.025119
   46 	 0.009993 	 0.019555 	 0.023611
   47 	 0.010126 	 0.019862 	 0.023830
   48 	 0.013666 	 0.019437 	 0.023859
   49 	 0.013640 	 0.019938 	 0.023452
   50 	 0.013335 	 0.020362 	 0.023501
   51 	 0.008050 	 0.019527 	 0.024178
   52 	 0.009127 	 0.019517 	 0.023407
   53 	 0.009547 	 0.019917 	 0.024167
   54 	 0.011491 	 0.019978 	 0.024570
   55 	 0.009936 	 0.020453 	 0.024137
   56 	 0.009913 	 0.020027 	 0.024182
   57 	 0.009985 	 0.020375 	 0.023657
   58 	 0.009943 	 0.020223 	 0.024104
   59 	 0.007915 	 0.020710 	 0.024810
   60 	 0.010653 	 0.020573 	 0.024211
   61 	 0.008017 	 0.020405 	 0.025548
   62 	 0.008058 	 0.019846 	 0.025157
   63 	 0.012198 	 0.021050 	 0.027517
   64 	 0.007859 	 0.020625 	 0.026283
   65 	 0.011141 	 0.020953 	 0.026356
   66 	 0.009916 	 0.021043 	 0.025996
   67 	 0.009926 	 0.020361 	 0.025432
   68 	 0.008771 	 0.021314 	 0.025448
   69 	 0.006978 	 0.020973 	 0.026694
   70 	 0.008869 	 0.021166 	 0.026595
   71 	 0.010165 	 0.021669 	 0.026599
   72 	 0.008728 	 0.022008 	 0.029822
   73 	 0.008720 	 0.022242 	 0.029166
   74 	 0.008790 	 0.022132 	 0.027355
   75 	 0.013800 	 0.022745 	 0.027117
   76 	 0.017203 	 0.023297 	 0.026640
   77 	 0.017192 	 0.023549 	 0.027006
   78 	 0.017116 	 0.023459 	 0.027077
   79 	 0.018098 	 0.024053 	 0.026835
 