   0 	 0.002670 	 0.004781 	 0.010279
    1 	 0.002664 	 0.005152 	 0.010294
    2 	 0.003240 	 0.005680 	 0.010257
    3 	 0.003291 	 0.006251 	 0.010319
    4 	 0.003297 	 0.006517 	 0.010297
    5 	 0.003292 	 0.007128 	 0.010307
    6 	 0.003290 	 0.007411 	 0.015715
    7 	 0.003988 	 0.008038 	 0.015873
    8 	 0.005214 	 0.008960 	 0.022361
    9 	 0.004596 	 0.009232 	 0.022374
   10 	 0.005554 	 0.011052 	 0.022428
   11 	 0.006719 	 0.012771 	 0.022314
   12 	 0.006923 	 0.015332 	 0.022375
   13 	 0.008431 	 0.016867 	 0.022717
   14 	 0.009672 	 0.019765 	 0.027138
   15 	 0.006758 	 0.020215 	 0.027040
   16 	 0.009898 	 0.021029 	 0.027101
   17 	 0.014093 	 0.021066 	 0.024543
   18 	 0.011226 	 0.020421 	 0.023903
   19 	 0.009373 	 0.020144 	 0.024090
   20 	 0.008967 	 0.020863 	 0.026992
   21 	 0.009940 	 0.020628 	 0.026427
   22 	 0.016080 	 0.021451 	 0.025192
   23 	 0.013598 	 0.021718 	 0.026506
   24 	 0.009256 	 0.021274 	 0.026279
   25 	 0.009213 	 0.021214 	 0.026292
   26 	 0.009133 	 0.021206 	 0.026408
   27 	 0.009182 	 0.020891 	 0.026616
   28 	 0.013360 	 0.022034 	 0.027244
   29 	 0.013377 	 0.022537 	 0.027511
   30 	 0.014339 	 0.023250 	 0.027520
   31 	 0.011940 	 0.023351 	 0.027500
   32 	 0.009336 	 0.022391 	 0.027522
   33 	 0.009481 	 0.022571 	 0.027874
   34 	 0.009927 	 0.022898 	 0.029006
   35 	 0.016525 	 0.024264 	 0.029277
   36 	 0.011602 	 0.024079 	 0.029321
   37 	 0.010284 	 0.023639 	 0.029527
   38 	 0.011609 	 0.024575 	 0.029820
   39 	 0.011091 	 0.024935 	 0.031031
   40 	 0.015477 	 0.024830 	 0.036147
   41 	 0.015220 	 0.025035 	 0.035934
   42 	 0.014926 	 0.024372 	 0.034063
   43 	 0.010498 	 0.025011 	 0.033968
   44 	 0.010452 	 0.025875 	 0.033942
   45 	 0.010095 	 0.025968 	 0.034022
   46 	 0.011026 	 0.025818 	 0.031396
   47 	 0.009975 	 0.026175 	 0.033164
   48 	 0.017247 	 0.026083 	 0.033449
   49 	 0.017254 	 0.026146 	 0.034011
   50 	 0.015471 	 0.026948 	 0.033361
   51 	 0.014245 	 0.026568 	 0.034068
   52 	 0.010256 	 0.025610 	 0.033927
   53 	 0.009250 	 0.026419 	 0.033611
   54 	 0.010333 	 0.026021 	 0.034174
   55 	 0.010329 	 0.026340 	 0.033558
   56 	 0.009958 	 0.026059 	 0.034077
   57 	 0.016465 	 0.027429 	 0.036168
   58 	 0.016272 	 0.027689 	 0.036187
   59 	 0.012185 	 0.028121 	 0.040994
   60 	 0.018494 	 0.029256 	 0.041412
   61 	 0.013938 	 0.029785 	 0.037657
   62 	 0.015801 	 0.029794 	 0.045310
   63 	 0.013425 	 0.030048 	 0.040664
   64 	 0.019491 	 0.031039 	 0.039757
   65 	 0.016859 	 0.030788 	 0.049073
   66 	 0.013158 	 0.031700 	 0.049761
   67 	 0.014004 	 0.032553 	 0.050860
   68 	 0.013963 	 0.033467 	 0.050565
   69 	 0.015867 	 0.034138 	 0.050714
   70 	 0.011091 	 0.034069 	 0.050573
   71 	 0.022970 	 0.037005 	 0.050570
   72 	 0.022857 	 0.038607 	 0.054008
   73 	 0.023037 	 0.040931 	 0.056472
   74 	 0.010532 	 0.037437 	 0.054191
   75 	 0.021995 	 0.041116 	 0.069972
   76 	 0.020415 	 0.040918 	 0.073356
   77 	 0.014894 	 0.041879 	 0.070244
   78 	 0.011150 	 0.048292 	 0.073553
   79 	 0.013409 	 0.047667 	 0.074551
 